2.56173 -1.14056 0.16 0.671452 0.495347
2.49853 -1.27306 0.16 0.688824 0.501111
2.74444 -1.2219 0.36 0.675828 0.443165
2.49853 -1.27306 0.16 0.688824 0.501111
2.67673 -1.36386 0.36 0.693871 0.448857
2.74444 -1.2219 0.36 0.675828 0.443165
2.74444 -1.2219 0.36 0.675828 0.443165
2.67673 -1.36386 0.36 0.693871 0.448857
2.92715 -1.30325 0.64 0.680042 0.380449
2.67673 -1.36386 0.36 0.693871 0.448857
2.85493 -1.45466 0.64 0.698782 0.385991
2.92715 -1.30325 0.64 0.680042 0.380449
2.92715 -1.30325 0.64 0.680042 0.380449
2.85493 -1.45466 0.64 0.698782 0.385991
3.10986 -1.3846 1 0.683201 0.308423
2.85493 -1.45466 0.64 0.698782 0.385991
3.03313 -1.54546 1 0.702575 0.313697
3.10986 -1.3846 1 0.683201 0.308423
3.10986 -1.3846 1 0.683201 0.308423
3.03313 -1.54546 1 0.702575 0.313697
3.29257 -1.46595 1.44 0.684393 0.229665
3.03313 -1.54546 1 0.702575 0.313697
3.21133 -1.63626 1.44 0.704244 0.234508
3.29257 -1.46595 1.44 0.684393 0.229665
3.29257 -1.46595 1.44 0.684393 0.229665
3.21133 -1.63626 1.44 0.704244 0.234508
3.47528 -1.54729 1.96 0.682943 0.14802
3.21133 -1.63626 1.44 0.704244 0.234508
3.38953 -1.72705 1.96 0.703037 0.15224
3.47528 -1.54729 1.96 0.682943 0.14802
0.746864 -0.286694 -0 0.603811 0.914869
0.730836 -0.325389 -0 0.613705 0.918497
0.93358 -0.358368 -0 0.615923 0.850176
1.1203 -0.430042 -0 0.625251 0.791533
1.09625 -0.488084 -0 0.638064 0.795978
1.30701 -0.501715 -0 0.632312 0.73942
1.09625 -0.488084 -0 0.638064 0.795978
1.27896 -0.569431 -0 0.646163 0.74412
1.30701 -0.501715 -0 0.632312 0.73942
1.30701 -0.501715 -0 0.632312 0.73942
1.27896 -0.569431 -0 0.646163 0.74412
1.49373 -0.573389 -0 0.637609 0.693681
1.27896 -0.569431 -0 0.646163 0.74412
1.46167 -0.650779 -0 0.652285 0.698556
1.49373 -0.573389 -0 0.637609 0.693681
1.49373 -0.573389 -0 0.637609 0.693681
1.46167 -0.650779 -0 0.652285 0.698556
1.68044 -0.645062 -0 0.641571 0.653793
1.46167 -0.650779 -0 0.652285 0.698556
1.64438 -0.732126 -0 0.656903 0.658776
1.68044 -0.645062 -0 0.641571 0.653793
1.68044 -0.645062 -0 0.641571 0.653793
1.64438 -0.732126 -0 0.656903 0.658776
1.86716 -0.716736 -0 0.64454 0.619077
1.64438 -0.732126 -0 0.656903 0.658776
1.82709 -0.813473 -0 0.660394 0.624118
1.86716 -0.716736 -0 0.64454 0.619077
1.86716 -0.716736 -0 0.64454 0.619077
1.82709 -0.813473 -0 0.660394 0.624118
2.05388 -0.788409 -0 0.646771 0.58883
1.82709 -0.813473 -0 0.660394 0.624118
2.0098 -0.894821 -0 0.663043 0.593893
2.05388 -0.788409 -0 0.646771 0.58883
2.05388 -0.788409 -0 0.646771 0.58883
2.0098 -0.894821 -0 0.663043 0.593893
2.4312 -0.933249 0.04 0.650646 0.531606
2.0098 -0.894821 -0 0.663043 0.593893
2.37902 -1.05921 0.04 0.667665 0.53665
2.4312 -0.933249 0.04 0.650646 0.531606
2.4312 -0.933249 0.04 0.650646 0.531606
2.37902 -1.05921 0.04 0.667665 0.53665
2.61791 -1.00492 0.16 0.653866 0.490337
2.37902 -1.05921 0.04 0.667665 0.53665
2.56173 -1.14056 0.16 0.671452 0.495347
2.61791 -1.00492 0.16 0.653866 0.490337
2.61791 -1.00492 0.16 0.653866 0.490337
2.56173 -1.14056 0.16 0.671452 0.495347
2.80463 -1.0766 0.36 0.657578 0.438232
2.56173 -1.14056 0.16 0.671452 0.495347
2.74444 -1.2219 0.36 0.675828 0.443165
2.80463 -1.0766 0.36 0.657578 0.438232
2.80463 -1.0766 0.36 0.657578 0.438232
2.74444 -1.2219 0.36 0.675828 0.443165
2.99134 -1.14827 0.64 0.661105 0.375662
2.74444 -1.2219 0.36 0.675828 0.443165
2.92715 -1.30325 0.64 0.680042 0.380449
2.99134 -1.14827 0.64 0.661105 0.375662
2.99134 -1.14827 0.64 0.661105 0.375662
2.92715 -1.30325 0.64 0.680042 0.380449
3.17806 -1.21994 1 0.663646 0.303881
2.92715 -1.30325 0.64 0.680042 0.380449
3.10986 -1.3846 1 0.683201 0.308423
3.17806 -1.21994 1 0.663646 0.303881
3.17806 -1.21994 1 0.663646 0.303881
3.10986 -1.3846 1 0.683201 0.308423
3.36478 -1.29162 1.44 0.664382 0.225505
3.10986 -1.3846 1 0.683201 0.308423
3.29257 -1.46595 1.44 0.684393 0.229665
3.36478 -1.29162 1.44 0.664382 0.225505
3.36478 -1.29162 1.44 0.664382 0.225505
3.29257 -1.46595 1.44 0.684393 0.229665
3.55149 -1.36329 1.96 0.662718 0.144413
3.29257 -1.46595 1.44 0.684393 0.229665
3.47528 -1.54729 1.96 0.682943 0.14802
3.55149 -1.36329 1.96 0.662718 0.144413
0.760845 -0.247214 -0 0.593736 0.911745
0.746864 -0.286694 -0 0.603811 0.914869
0.951057 -0.309017 -0 0.604211 0.846654
0.746864 -0.286694 -0 0.603811 0.914869
0.93358 -0.358368 -0 0.615923 0.850176
0.951057 -0.309017 -0 0.604211 0.846654
0.951057 -0.309017 -0 0.604211 0.846654
0.93358 -0.358368 -0 0.615923 0.850176
1.14127 -0.37082 -0 0.612227 0.78771
0.93358 -0.358368 -0 0.615923 0.850176
1.1203 -0.430042 -0 0.625251 0.791533
1.14127 -0.37082 -0 0.612227 0.78771
1.14127 -0.37082 -0 0.612227 0.78771
1.1203 -0.430042 -0 0.625251 0.791533
1.33148 -0.432624 -0 0.618244 0.735377
1.1203 -0.430042 -0 0.625251 0.791533
1.30701 -0.501715 -0 0.632312 0.73942
1.33148 -0.432624 -0 0.618244 0.735377
1.33148 -0.432624 -0 0.618244 0.735377
1.30701 -0.501715 -0 0.632312 0.73942
1.52169 -0.494427 -0 0.622716 0.68949
1.30701 -0.501715 -0 0.632312 0.73942
1.49373 -0.573389 -0 0.637609 0.693681
1.52169 -0.494427 -0 0.622716 0.68949
1.52169 -0.494427 -0 0.622716 0.68949
1.49373 -0.573389 -0 0.637609 0.693681
1.7119 -0.556231 -0 0.626027 0.649515
1.49373 -0.573389 -0 0.637609 0.693681
1.68044 -0.645062 -0 0.641571 0.653793
1.7119 -0.556231 -0 0.626027 0.649515
1.7119 -0.556231 -0 0.626027 0.649515
1.68044 -0.645062 -0 0.641571 0.653793
1.90211 -0.618034 -0 0.628478 0.614755
1.68044 -0.645062 -0 0.641571 0.653793
1.86716 -0.716736 -0 0.64454 0.619077
1.90211 -0.618034 -0 0.628478 0.614755
1.90211 -0.618034 -0 0.628478 0.614755
1.86716 -0.716736 -0 0.64454 0.619077
2.09232 -0.679837 -0 0.630297 0.584496
1.86716 -0.716736 -0 0.64454 0.619077
2.05388 -0.788409 -0 0.646771 0.58883
2.09232 -0.679837 -0 0.630297 0.584496
2.09232 -0.679837 -0 0.630297 0.584496
2.05388 -0.788409 -0 0.646771 0.58883
2.47671 -0.804731 0.04 0.633437 0.527306
2.05388 -0.788409 -0 0.646771 0.58883
2.4312 -0.933249 0.04 0.650646 0.531606
2.47671 -0.804731 0.04 0.633437 0.527306
2.47671 -0.804731 0.04 0.633437 0.527306
2.4312 -0.933249 0.04 0.650646 0.531606
2.66692 -0.866534 0.16 0.636096 0.486079
2.4312 -0.933249 0.04 0.650646 0.531606
2.61791 -1.00492 0.16 0.653866 0.490337
2.66692 -0.866534 0.16 0.636096 0.486079
2.66692 -0.866534 0.16 0.636096 0.486079
2.61791 -1.00492 0.16 0.653866 0.490337
2.85713 -0.928337 0.36 0.639147 0.434056
2.61791 -1.00492 0.16 0.653866 0.490337
2.80463 -1.0766 0.36 0.657578 0.438232
2.85713 -0.928337 0.36 0.639147 0.434056
2.85713 -0.928337 0.36 0.639147 0.434056
2.80463 -1.0766 0.36 0.657578 0.438232
3.04734 -0.990141 0.64 0.641997 0.371626
2.80463 -1.0766 0.36 0.657578 0.438232
2.99134 -1.14827 0.64 0.661105 0.375662
3.04734 -0.990141 0.64 0.641997 0.371626
3.04734 -0.990141 0.64 0.641997 0.371626
2.99134 -1.14827 0.64 0.661105 0.375662
3.23755 -1.05194 1 0.643932 0.300068
2.99134 -1.14827 0.64 0.661105 0.375662
3.17806 -1.21994 1 0.663646 0.303881
3.23755 -1.05194 1 0.643932 0.300068
3.23755 -1.05194 1 0.643932 0.300068
3.17806 -1.21994 1 0.663646 0.303881
3.42776 -1.11375 1.44 0.644229 0.22203
3.17806 -1.21994 1 0.663646 0.303881
3.36478 -1.29162 1.44 0.664382 0.225505
3.42776 -1.11375 1.44 0.644229 0.22203
3.42776 -1.11375 1.44 0.644229 0.22203
3.36478 -1.29162 1.44 0.664382 0.225505
3.61797 -1.17555 1.96 0.642373 0.14142
3.36478 -1.29162 1.44 0.664382 0.225505
3.55149 -1.36329 1.96 0.662718 0.144413
3.61797 -1.17555 1.96 0.642373 0.14142
0.772741 -0.207055 -0 0.583501 0.909125
0.760845 -0.247214 -0 0.593736 0.911745
0.965926 -0.258819 -0 0.592324 0.843706
0.760845 -0.247214 -0 0.593736 0.911745
0.951057 -0.309017 -0 0.604211 0.846654
0.965926 -0.258819 -0 0.592324 0.843706
0.965926 -0.258819 -0 0.592324 0.843706
0.951057 -0.309017 -0 0.604211 0.846654
1.15911 -0.310583 -0 0.599016 0.784507
0.951057 -0.309017 -0 0.604211 0.846654
1.14127 -0.37082 -0 0.612227 0.78771
1.15911 -0.310583 -0 0.599016 0.784507
1.15911 -0.310583 -0 0.599016 0.784507
1.14127 -0.37082 -0 0.612227 0.78771
1.3523 -0.362347 -0 0.603988 0.731992
1.14127 -0.37082 -0 0.612227 0.78771
1.33148 -0.432624 -0 0.618244 0.735377
1.3523 -0.362347 -0 0.603988 0.731992
1.3523 -0.362347 -0 0.603988 0.731992
1.33148 -0.432624 -0 0.618244 0.735377
1.54548 -0.41411 -0 0.607637 0.685986
1.33148 -0.432624 -0 0.618244 0.735377
1.52169 -0.494427 -0 0.622716 0.68949
1.54548 -0.41411 -0 0.607637 0.685986
1.54548 -0.41411 -0 0.607637 0.685986
1.52169 -0.494427 -0 0.622716 0.68949
1.73867 -0.465874 -0 0.6103 0.645942
1.52169 -0.494427 -0 0.622716 0.68949
1.7119 -0.556231 -0 0.626027 0.649515
1.73867 -0.465874 -0 0.6103 0.645942
1.73867 -0.465874 -0 0.6103 0.645942
1.7119 -0.556231 -0 0.626027 0.649515
1.93185 -0.517638 -0 0.612239 0.611152
1.7119 -0.556231 -0 0.626027 0.649515
1.90211 -0.618034 -0 0.628478 0.614755
1.93185 -0.517638 -0 0.612239 0.611152
1.93185 -0.517638 -0 0.612239 0.611152
1.90211 -0.618034 -0 0.628478 0.614755
2.12504 -0.569402 -0 0.613652 0.580891
1.90211 -0.618034 -0 0.628478 0.614755
2.09232 -0.679837 -0 0.630297 0.584496
2.12504 -0.569402 -0 0.613652 0.580891
2.12504 -0.569402 -0 0.613652 0.580891
2.09232 -0.679837 -0 0.630297 0.584496
2.51543 -0.674007 0.04 0.616069 0.523746
2.09232 -0.679837 -0 0.630297 0.584496
2.47671 -0.804731 0.04 0.633437 0.527306
2.51543 -0.674007 0.04 0.616069 0.523746
2.51543 -0.674007 0.04 0.616069 0.523746
2.47671 -0.804731 0.04 0.633437 0.527306
2.70861 -0.725771 0.16 0.61817 0.482569
2.47671 -0.804731 0.04 0.633437 0.527306
2.66692 -0.866534 0.16 0.636096 0.486079
2.70861 -0.725771 0.16 0.61817 0.482569
2.70861 -0.725771 0.16 0.61817 0.482569
2.66692 -0.866534 0.16 0.636096 0.486079
2.9018 -0.777535 0.36 0.620567 0.430633
2.66692 -0.866534 0.16 0.636096 0.486079
2.85713 -0.928337 0.36 0.639147 0.434056
2.9018 -0.777535 0.36 0.620567 0.430633
2.9018 -0.777535 0.36 0.620567 0.430633
2.85713 -0.928337 0.36 0.639147 0.434056
3.09498 -0.829298 0.64 0.622743 0.368339
2.85713 -0.928337 0.36 0.639147 0.434056
3.04734 -0.990141 0.64 0.641997 0.371626
3.09498 -0.829298 0.64 0.622743 0.368339
3.09498 -0.829298 0.64 0.622743 0.368339
3.04734 -0.990141 0.64 0.641997 0.371626
3.28817 -0.881062 1 0.624079 0.296981
3.04734 -0.990141 0.64 0.641997 0.371626
3.23755 -1.05194 1 0.643932 0.300068
3.28817 -0.881062 1 0.624079 0.296981
3.28817 -0.881062 1 0.624079 0.296981
3.23755 -1.05194 1 0.643932 0.300068
3.48135 -0.932826 1.44 0.62395 0.219238
3.23755 -1.05194 1 0.643932 0.300068
3.42776 -1.11375 1.44 0.644229 0.22203
3.48135 -0.932826 1.44 0.62395 0.219238
3.48135 -0.932826 1.44 0.62395 0.219238
3.42776 -1.11375 1.44 0.644229 0.22203
3.67454 -0.98459 1.96 0.621922 0.139044
3.42776 -1.11375 1.44 0.644229 0.22203
3.61797 -1.17555 1.96 0.642373 0.14142
3.67454 -0.98459 1.96 0.621922 0.139044
0.782518 -0.166329 -0 0.573129 0.907012
0.772741 -0.207055 -0 0.583501 0.909125
0.978148 -0.207912 -0 0.580284 0.841331
0.772741 -0.207055 -0 0.583501 0.909125
0.965926 -0.258819 -0 0.592324 0.843706
0.978148 -0.207912 -0 0.580284 0.841331
0.978148 -0.207912 -0 0.580284 0.841331
0.965926 -0.258819 -0 0.592324 0.843706
1.17378 -0.249494 -0 0.585646 0.78193
0.965926 -0.258819 -0 0.592324 0.843706
1.15911 -0.310583 -0 0.599016 0.784507
1.17378 -0.249494 -0 0.585646 0.78193
1.17378 -0.249494 -0 0.585646 0.78193
1.15911 -0.310583 -0 0.599016 0.784507
1.36941 -0.291076 -0 0.589571 0.729269
1.15911 -0.310583 -0 0.599016 0.784507
1.3523 -0.362347 -0 0.603988 0.731992
1.36941 -0.291076 -0 0.589571 0.729269
1.36941 -0.291076 -0 0.589571 0.729269
1.3523 -0.362347 -0 0.603988 0.731992
1.56504 -0.332659 -0 0.592399 0.68317
1.3523 -0.362347 -0 0.603988 0.731992
1.54548 -0.41411 -0 0.607637 0.685986
1.56504 -0.332659 -0 0.592399 0.68317
1.56504 -0.332659 -0 0.592399 0.68317
1.54548 -0.41411 -0 0.607637 0.685986
1.76067 -0.374241 -0 0.594419 0.643075
1.54548 -0.41411 -0 0.607637 0.685986
1.73867 -0.465874 -0 0.6103 0.645942
1.76067 -0.374241 -0 0.594419 0.643075
1.76067 -0.374241 -0 0.594419 0.643075
1.73867 -0.465874 -0 0.6103 0.645942
1.9563 -0.415823 -0 0.595854 0.608268
1.73867 -0.465874 -0 0.6103 0.645942
1.93185 -0.517638 -0 0.612239 0.611152
1.9563 -0.415823 -0 0.595854 0.608268
1.9563 -0.415823 -0 0.595854 0.608268
1.93185 -0.517638 -0 0.612239 0.611152
2.15192 -0.457406 -0 0.596867 0.578014
1.93185 -0.517638 -0 0.612239 0.611152
2.12504 -0.569402 -0 0.613652 0.580891
2.15192 -0.457406 -0 0.596867 0.578014
2.15192 -0.457406 -0 0.596867 0.578014
2.12504 -0.569402 -0 0.613652 0.580891
2.54726 -0.541436 0.04 0.598571 0.520925
2.12504 -0.569402 -0 0.613652 0.580891
2.51543 -0.674007 0.04 0.616069 0.523746
2.54726 -0.541436 0.04 0.598571 0.520925
2.54726 -0.541436 0.04 0.598571 0.520925
2.51543 -0.674007 0.04 0.616069 0.523746
2.74289 -0.583018 0.16 0.600119 0.479805
2.51543 -0.674007 0.04 0.616069 0.523746
2.70861 -0.725771 0.16 0.61817 0.482569
2.74289 -0.583018 0.16 0.600119 0.479805
2.74289 -0.583018 0.16 0.600119 0.479805
2.70861 -0.725771 0.16 0.61817 0.482569
2.93851 -0.624601 0.36 0.601865 0.427958
2.70861 -0.725771 0.16 0.61817 0.482569
2.9018 -0.777535 0.36 0.620567 0.430633
2.93851 -0.624601 0.36 0.601865 0.427958
2.93851 -0.624601 0.36 0.601865 0.427958
2.9018 -0.777535 0.36 0.620567 0.430633
3.13414 -0.666183 0.64 0.603371 0.365794
2.9018 -0.777535 0.36 0.620567 0.430633
3.09498 -0.829298 0.64 0.622743 0.368339
3.13414 -0.666183 0.64 0.603371 0.365794
3.13414 -0.666183 0.64 0.603371 0.365794
3.09498 -0.829298 0.64 0.622743 0.368339
3.32977 -0.707765 1 0.604114 0.294617
3.09498 -0.829298 0.64 0.622743 0.368339
3.28817 -0.881062 1 0.624079 0.296981
3.32977 -0.707765 1 0.604114 0.294617
3.32977 -0.707765 1 0.604114 0.294617
3.28817 -0.881062 1 0.624079 0.296981
3.5254 -0.749348 1.44 0.603568 0.217127
3.28817 -0.881062 1 0.624079 0.296981
3.48135 -0.932826 1.44 0.62395 0.219238
3.5254 -0.749348 1.44 0.603568 0.217127
3.5254 -0.749348 1.44 0.603568 0.217127
3.48135 -0.932826 1.44 0.62395 0.219238
3.72103 -0.79093 1.96 0.601381 0.137284
3.48135 -0.932826 1.44 0.62395 0.219238
3.67454 -0.98459 1.96 0.621922 0.139044
3.72103 -0.79093 1.96 0.601381 0.137284
0.790151 -0.125148 -0 0.562642 0.905405
0.782518 -0.166329 -0 0.573129 0.907012
0.987688 -0.156434 -0 0.568117 0.839528
0.782518 -0.166329 -0 0.573129 0.907012
0.978148 -0.207912 -0 0.580284 0.841331
0.987688 -0.156434 -0 0.568117 0.839528
0.987688 -0.156434 -0 0.568117 0.839528
0.978148 -0.207912 -0 0.580284 0.841331
1.18523 -0.187721 -0 0.572145 0.779977
0.978148 -0.207912 -0 0.580284 0.841331
1.17378 -0.249494 -0 0.585646 0.78193
1.18523 -0.187721 -0 0.572145 0.779977
1.18523 -0.187721 -0 0.572145 0.779977
1.17378 -0.249494 -0 0.585646 0.78193
1.38276 -0.219008 -0 0.575023 0.72721
1.17378 -0.249494 -0 0.585646 0.78193
1.36941 -0.291076 -0 0.589571 0.729269
1.38276 -0.219008 -0 0.575023 0.72721
1.38276 -0.219008 -0 0.575023 0.72721
1.36941 -0.291076 -0 0.589571 0.729269
1.5803 -0.250295 -0 0.577035 0.681043
1.36941 -0.291076 -0 0.589571 0.729269
1.56504 -0.332659 -0 0.592399 0.68317
1.5803 -0.250295 -0 0.577035 0.681043
1.5803 -0.250295 -0 0.577035 0.681043
1.56504 -0.332659 -0 0.592399 0.68317
1.77784 -0.281582 -0 0.578418 0.640916
1.56504 -0.332659 -0 0.592399 0.68317
1.76067 -0.374241 -0 0.594419 0.643075
1.77784 -0.281582 -0 0.578418 0.640916
1.77784 -0.281582 -0 0.578418 0.640916
1.76067 -0.374241 -0 0.594419 0.643075
1.97538 -0.312869 -0 0.579353 0.606104
1.76067 -0.374241 -0 0.594419 0.643075
1.9563 -0.415823 -0 0.595854 0.608268
1.97538 -0.312869 -0 0.579353 0.606104
1.97538 -0.312869 -0 0.579353 0.606104
1.9563 -0.415823 -0 0.595854 0.608268
2.17291 -0.344156 -0 0.579972 0.575864
1.9563 -0.415823 -0 0.595854 0.608268
2.15192 -0.457406 -0 0.596867 0.578014
2.17291 -0.344156 -0 0.579972 0.575864
2.17291 -0.344156 -0 0.579972 0.575864
2.15192 -0.457406 -0 0.596867 0.578014
2.5721 -0.407381 0.04 0.580976 0.518841
2.15192 -0.457406 -0 0.596867 0.578014
2.54726 -0.541436 0.04 0.598571 0.520925
2.5721 -0.407381 0.04 0.580976 0.518841
2.5721 -0.407381 0.04 0.580976 0.518841
2.54726 -0.541436 0.04 0.598571 0.520925
2.76964 -0.438668 0.16 0.581974 0.477782
2.54726 -0.541436 0.04 0.598571 0.520925
2.74289 -0.583018 0.16 0.600119 0.479805
2.76964 -0.438668 0.16 0.581974 0.477782
2.76964 -0.438668 0.16 0.581974 0.477782
2.74289 -0.583018 0.16 0.600119 0.479805
2.96718 -0.469955 0.36 0.583071 0.426028
2.74289 -0.583018 0.16 0.600119 0.479805
2.93851 -0.624601 0.36 0.601865 0.427958
2.96718 -0.469955 0.36 0.583071 0.426028
2.96718 -0.469955 0.36 0.583071 0.426028
2.93851 -0.624601 0.36 0.601865 0.427958
3.16471 -0.501242 0.64 0.583908 0.363987
2.93851 -0.624601 0.36 0.601865 0.427958
3.13414 -0.666183 0.64 0.603371 0.365794
3.16471 -0.501242 0.64 0.583908 0.363987
3.16471 -0.501242 0.64 0.583908 0.363987
3.13414 -0.666183 0.64 0.603371 0.365794
3.36225 -0.532528 1 0.58406 0.292969
3.13414 -0.666183 0.64 0.603371 0.365794
3.32977 -0.707765 1 0.604114 0.294617
3.36225 -0.532528 1 0.58406 0.292969
3.36225 -0.532528 1 0.58406 0.292969
3.32977 -0.707765 1 0.604114 0.294617
3.55979 -0.563815 1.44 0.583101 0.215693
3.32977 -0.707765 1 0.604114 0.294617
3.5254 -0.749348 1.44 0.603568 0.217127
3.55979 -0.563815 1.44 0.583101 0.215693
3.55979 -0.563815 1.44 0.583101 0.215693
3.5254 -0.749348 1.44 0.603568 0.217127
3.75733 -0.595102 1.96 0.580764 0.136142
3.5254 -0.749348 1.44 0.603568 0.217127
3.72103 -0.79093 1.96 0.601381 0.137284
3.75733 -0.595102 1.96 0.580764 0.136142
0.795618 -0.0836228 -0 0.552065 0.904303
0.790151 -0.125148 -0 0.562642 0.905405
0.994522 -0.104528 -0 0.555851 0.838299
0.790151 -0.125148 -0 0.562642 0.905405
0.987688 -0.156434 -0 0.568117 0.839528
0.994522 -0.104528 -0 0.555851 0.838299
0.994522 -0.104528 -0 0.555851 0.838299
0.987688 -0.156434 -0 0.568117 0.839528
1.19343 -0.125434 -0 0.558539 0.77865
0.987688 -0.156434 -0 0.568117 0.839528
1.18523 -0.187721 -0 0.572145 0.779977
1.19343 -0.125434 -0 0.558539 0.77865
1.19343 -0.125434 -0 0.558539 0.77865
1.18523 -0.187721 -0 0.572145 0.779977
1.39233 -0.14634 -0 0.560372 0.725814
1.18523 -0.187721 -0 0.572145 0.779977
1.38276 -0.219008 -0 0.575023 0.72721
1.39233 -0.14634 -0 0.560372 0.725814
1.39233 -0.14634 -0 0.560372 0.725814
1.38276 -0.219008 -0 0.575023 0.72721
1.59124 -0.167246 -0 0.561572 0.679608
1.38276 -0.219008 -0 0.575023 0.72721
1.5803 -0.250295 -0 0.577035 0.681043
1.59124 -0.167246 -0 0.561572 0.679608
1.59124 -0.167246 -0 0.561572 0.679608
1.5803 -0.250295 -0 0.577035 0.681043
1.79014 -0.188151 -0 0.562324 0.639467
1.5803 -0.250295 -0 0.577035 0.681043
1.77784 -0.281582 -0 0.578418 0.640916
1.79014 -0.188151 -0 0.562324 0.639467
1.79014 -0.188151 -0 0.562324 0.639467
1.77784 -0.281582 -0 0.578418 0.640916
1.98904 -0.209057 -0 0.562767 0.604661
1.77784 -0.281582 -0 0.578418 0.640916
1.97538 -0.312869 -0 0.579353 0.606104
1.98904 -0.209057 -0 0.562767 0.604661
1.98904 -0.209057 -0 0.562767 0.604661
1.97538 -0.312869 -0 0.579353 0.606104
2.18795 -0.229963 -0 0.562999 0.574441
1.97538 -0.312869 -0 0.579353 0.606104
2.17291 -0.344156 -0 0.579972 0.575864
2.18795 -0.229963 -0 0.562999 0.574441
2.18795 -0.229963 -0 0.562999 0.574441
2.17291 -0.344156 -0 0.579972 0.575864
2.5899 -0.272209 0.04 0.563313 0.517489
2.17291 -0.344156 -0 0.579972 0.575864
2.5721 -0.407381 0.04 0.580976 0.518841
2.5899 -0.272209 0.04 0.563313 0.517489
2.5899 -0.272209 0.04 0.563313 0.517489
2.5721 -0.407381 0.04 0.580976 0.518841
2.7888 -0.293115 0.16 0.563765 0.476496
2.5721 -0.407381 0.04 0.580976 0.518841
2.76964 -0.438668 0.16 0.581974 0.477782
2.7888 -0.293115 0.16 0.563765 0.476496
2.7888 -0.293115 0.16 0.563765 0.476496
2.76964 -0.438668 0.16 0.581974 0.477782
2.98771 -0.314021 0.36 0.564214 0.424833
2.76964 -0.438668 0.16 0.581974 0.477782
2.96718 -0.469955 0.36 0.583071 0.426028
2.98771 -0.314021 0.36 0.564214 0.424833
2.98771 -0.314021 0.36 0.564214 0.424833
2.96718 -0.469955 0.36 0.583071 0.426028
3.18661 -0.334926 0.64 0.564383 0.362909
2.96718 -0.469955 0.36 0.583071 0.426028
3.16471 -0.501242 0.64 0.583908 0.363987
3.18661 -0.334926 0.64 0.564383 0.362909
3.18661 -0.334926 0.64 0.564383 0.362909
3.16471 -0.501242 0.64 0.583908 0.363987
3.38551 -0.355832 1 0.563941 0.292032
3.16471 -0.501242 0.64 0.583908 0.363987
3.36225 -0.532528 1 0.58406 0.292969
3.38551 -0.355832 1 0.563941 0.292032
3.38551 -0.355832 1 0.563941 0.292032
3.36225 -0.532528 1 0.58406 0.292969
3.58442 -0.376738 1.44 0.562571 0.214934
3.36225 -0.532528 1 0.58406 0.292969
3.55979 -0.563815 1.44 0.583101 0.215693
3.58442 -0.376738 1.44 0.562571 0.214934
3.58442 -0.376738 1.44 0.562571 0.214934
3.55979 -0.563815 1.44 0.583101 0.215693
3.78332 -0.397643 1.96 0.560091 0.135617
3.55979 -0.563815 1.44 0.583101 0.215693
3.75733 -0.595102 1.96 0.580764 0.136142
3.78332 -0.397643 1.96 0.560091 0.135617
0.798904 -0.0418688 -0 0.541418 0.903708
0.795618 -0.0836228 -0 0.552065 0.904303
0.99863 -0.052336 -0 0.543509 0.837645
0.795618 -0.0836228 -0 0.552065 0.904303
0.994522 -0.104528 -0 0.555851 0.838299
0.99863 -0.052336 -0 0.543509 0.837645
0.99863 -0.052336 -0 0.543509 0.837645
0.994522 -0.104528 -0 0.555851 0.838299
1.19836 -0.0628031 -0 0.544858 0.777949
0.994522 -0.104528 -0 0.555851 0.838299
1.19343 -0.125434 -0 0.558539 0.77865
1.19836 -0.0628031 -0 0.544858 0.777949
1.19836 -0.0628031 -0 0.544858 0.777949
1.19343 -0.125434 -0 0.558539 0.77865
1.39808 -0.0732703 -0 0.545648 0.725084
1.19343 -0.125434 -0 0.558539 0.77865
1.39233 -0.14634 -0 0.560372 0.725814
1.39808 -0.0732703 -0 0.545648 0.725084
1.39808 -0.0732703 -0 0.545648 0.725084
1.39233 -0.14634 -0 0.560372 0.725814
1.59781 -0.0837375 -0 0.54604 0.678865
1.39233 -0.14634 -0 0.560372 0.725814
1.59124 -0.167246 -0 0.561572 0.679608
1.59781 -0.0837375 -0 0.54604 0.678865
1.59781 -0.0837375 -0 0.54604 0.678865
1.59124 -0.167246 -0 0.561572 0.679608
1.79753 -0.0942047 -0 0.546168 0.638729
1.59124 -0.167246 -0 0.561572 0.679608
1.79014 -0.188151 -0 0.562324 0.639467
1.79753 -0.0942047 -0 0.546168 0.638729
1.79753 -0.0942047 -0 0.546168 0.638729
1.79014 -0.188151 -0 0.562324 0.639467
1.99726 -0.104672 -0 0.546125 0.60394
1.79014 -0.188151 -0 0.562324 0.639467
1.98904 -0.209057 -0 0.562767 0.604661
1.99726 -0.104672 -0 0.546125 0.60394
1.99726 -0.104672 -0 0.546125 0.60394
1.98904 -0.209057 -0 0.562767 0.604661
2.19699 -0.115139 -0 0.545976 0.573746
1.98904 -0.209057 -0 0.562767 0.604661
2.18795 -0.229963 -0 0.562999 0.574441
2.19699 -0.115139 -0 0.545976 0.573746
2.19699 -0.115139 -0 0.545976 0.573746
2.18795 -0.229963 -0 0.562999 0.574441
2.60059 -0.136291 0.04 0.545609 0.516869
2.18795 -0.229963 -0 0.562999 0.574441
2.5899 -0.272209 0.04 0.563313 0.517489
2.60059 -0.136291 0.04 0.545609 0.516869
2.60059 -0.136291 0.04 0.545609 0.516869
2.5899 -0.272209 0.04 0.563313 0.517489
2.80032 -0.146759 0.16 0.545519 0.47594
2.5899 -0.272209 0.04 0.563313 0.517489
2.7888 -0.293115 0.16 0.563765 0.476496
2.80032 -0.146759 0.16 0.545519 0.47594
2.80032 -0.146759 0.16 0.545519 0.47594
2.7888 -0.293115 0.16 0.563765 0.476496
3.00005 -0.157226 0.36 0.545321 0.424368
2.7888 -0.293115 0.16 0.563765 0.476496
2.98771 -0.314021 0.36 0.564214 0.424833
3.00005 -0.157226 0.36 0.545321 0.424368
3.00005 -0.157226 0.36 0.545321 0.424368
2.98771 -0.314021 0.36 0.564214 0.424833
3.19977 -0.167693 0.64 0.544818 0.362552
2.98771 -0.314021 0.36 0.564214 0.424833
3.18661 -0.334926 0.64 0.564383 0.362909
3.19977 -0.167693 0.64 0.544818 0.362552
3.19977 -0.167693 0.64 0.544818 0.362552
3.18661 -0.334926 0.64 0.564383 0.362909
3.3995 -0.17816 1 0.54378 0.291795
3.18661 -0.334926 0.64 0.564383 0.362909
3.38551 -0.355832 1 0.563941 0.292032
3.3995 -0.17816 1 0.54378 0.291795
3.3995 -0.17816 1 0.54378 0.291795
3.38551 -0.355832 1 0.563941 0.292032
3.59922 -0.188627 1.44 0.541998 0.214841
3.38551 -0.355832 1 0.563941 0.292032
3.58442 -0.376738 1.44 0.562571 0.214934
3.59922 -0.188627 1.44 0.541998 0.214841
3.59922 -0.188627 1.44 0.541998 0.214841
3.58442 -0.376738 1.44 0.562571 0.214934
3.79895 -0.199095 1.96 0.539378 0.135704
3.58442 -0.376738 1.44 0.562571 0.214934
3.78332 -0.397643 1.96 0.560091 0.135617
3.79895 -0.199095 1.96 0.539378 0.135704
0.8 -4.89859e-17 -0 0.530727 0.903617
0.798904 -0.0418688 -0 0.541418 0.903708
1 -6.12323e-17 -0 0.531119 0.837564
0.798904 -0.0418688 -0 0.541418 0.903708
0.99863 -0.052336 -0 0.543509 0.837645
1 -6.12323e-17 -0 0.531119 0.837564
1 -6.12323e-17 -0 0.531119 0.837564
0.99863 -0.052336 -0 0.543509 0.837645
1.2 -7.34788e-17 -0 0.531128 0.777878
0.99863 -0.052336 -0 0.543509 0.837645
1.19836 -0.0628031 -0 0.544858 0.777949
1.2 -7.34788e-17 -0 0.531128 0.777878
1.2 -7.34788e-17 -0 0.531128 0.777878
1.19836 -0.0628031 -0 0.544858 0.777949
1.4 -8.57253e-17 -0 0.530877 0.725022
1.19836 -0.0628031 -0 0.544858 0.777949
1.39808 -0.0732703 -0 0.545648 0.725084
1.4 -8.57253e-17 -0 0.530877 0.725022
1.4 -8.57253e-17 -0 0.530877 0.725022
1.39808 -0.0732703 -0 0.545648 0.725084
1.6 -9.79717e-17 -0 0.530468 0.678818
1.39808 -0.0732703 -0 0.545648 0.725084
1.59781 -0.0837375 -0 0.54604 0.678865
1.6 -9.79717e-17 -0 0.530468 0.678818
1.6 -9.79717e-17 -0 0.530468 0.678818
1.59781 -0.0837375 -0 0.54604 0.678865
1.8 -1.10218e-16 -0 0.529976 0.638703
1.59781 -0.0837375 -0 0.54604 0.678865
1.79753 -0.0942047 -0 0.546168 0.638729
1.8 -1.10218e-16 -0 0.529976 0.638703
1.8 -1.10218e-16 -0 0.529976 0.638703
1.79753 -0.0942047 -0 0.546168 0.638729
2 -1.22465e-16 -0 0.529452 0.603942
1.79753 -0.0942047 -0 0.546168 0.638729
1.99726 -0.104672 -0 0.546125 0.60394
2 -1.22465e-16 -0 0.529452 0.603942
2 -1.22465e-16 -0 0.529452 0.603942
1.99726 -0.104672 -0 0.546125 0.60394
2.2 -1.34711e-16 -0 0.528927 0.573779
1.99726 -0.104672 -0 0.546125 0.60394
2.19699 -0.115139 -0 0.545976 0.573746
2.2 -1.34711e-16 -0 0.528927 0.573779
2.2 -1.34711e-16 -0 0.528927 0.573779
2.19699 -0.115139 -0 0.545976 0.573746
2.60416 -1.59459e-16 0.04 0.527888 0.516977
2.19699 -0.115139 -0 0.545976 0.573746
2.60059 -0.136291 0.04 0.545609 0.516869
2.60416 -1.59459e-16 0.04 0.527888 0.516977
2.60416 -1.59459e-16 0.04 0.527888 0.516977
2.60059 -0.136291 0.04 0.545609 0.516869
2.80416 -1.71705e-16 0.16 0.527258 0.476111
2.60059 -0.136291 0.04 0.545609 0.516869
2.80032 -0.146759 0.16 0.545519 0.47594
2.80416 -1.71705e-16 0.16 0.527258 0.476111
2.80416 -1.71705e-16 0.16 0.527258 0.476111
2.80032 -0.146759 0.16 0.545519 0.47594
3.00416 -1.83952e-16 0.36 0.526414 0.424623
2.80032 -0.146759 0.16 0.545519 0.47594
3.00005 -0.157226 0.36 0.545321 0.424368
3.00416 -1.83952e-16 0.36 0.526414 0.424623
3.00416 -1.83952e-16 0.36 0.526414 0.424623
3.00005 -0.157226 0.36 0.545321 0.424368
3.20416 -1.96198e-16 0.64 0.525238 0.362906
3.00005 -0.157226 0.36 0.545321 0.424368
3.19977 -0.167693 0.64 0.544818 0.362552
3.20416 -1.96198e-16 0.64 0.525238 0.362906
3.20416 -1.96198e-16 0.64 0.525238 0.362906
3.19977 -0.167693 0.64 0.544818 0.362552
3.40416 -2.08445e-16 1 0.523599 0.292255
3.19977 -0.167693 0.64 0.544818 0.362552
3.3995 -0.17816 1 0.54378 0.291795
3.40416 -2.08445e-16 1 0.523599 0.292255
3.40416 -2.08445e-16 1 0.523599 0.292255
3.3995 -0.17816 1 0.54378 0.291795
3.60416 -2.20691e-16 1.44 0.521403 0.215412
3.3995 -0.17816 1 0.54378 0.291795
3.59922 -0.188627 1.44 0.541998 0.214841
3.60416 -2.20691e-16 1.44 0.521403 0.215412
3.60416 -2.20691e-16 1.44 0.521403 0.215412
3.59922 -0.188627 1.44 0.541998 0.214841
3.80416 -2.32938e-16 1.96 0.518644 0.136403
3.59922 -0.188627 1.44 0.541998 0.214841
3.79895 -0.199095 1.96 0.539378 0.135704
3.80416 -2.32938e-16 1.96 0.518644 0.136403
0.798904 0.0418688 -0 0.520015 0.90403
0.8 -4.89859e-17 -0 0.530727 0.903617
0.99863 0.052336 -0 0.518706 0.838056
0.8 -4.89859e-17 -0 0.530727 0.903617
1 -6.12323e-17 -0 0.531119 0.837564
0.99863 0.052336 -0 0.518706 0.838056
0.99863 0.052336 -0 0.518706 0.838056
1 -6.12323e-17 -0 0.531119 0.837564
1.19836 0.0628031 -0 0.517376 0.778432
1 -6.12323e-17 -0 0.531119 0.837564
1.2 -7.34788e-17 -0 0.531128 0.777878
1.19836 0.0628031 -0 0.517376 0.778432
1.19836 0.0628031 -0 0.517376 0.778432
1.2 -7.34788e-17 -0 0.531128 0.777878
1.39808 0.0732703 -0 0.516088 0.725627
1.2 -7.34788e-17 -0 0.531128 0.777878
1.4 -8.57253e-17 -0 0.530877 0.725022
1.39808 0.0732703 -0 0.516088 0.725627
1.39808 0.0732703 -0 0.516088 0.725627
1.4 -8.57253e-17 -0 0.530877 0.725022
1.59781 0.0837375 -0 0.51488 0.679467
1.4 -8.57253e-17 -0 0.530877 0.725022
1.6 -9.79717e-17 -0 0.530468 0.678818
1.59781 0.0837375 -0 0.51488 0.679467
1.59781 0.0837375 -0 0.51488 0.679467
1.6 -9.79717e-17 -0 0.530468 0.678818
1.79753 0.0942047 -0 0.513773 0.639391
1.6 -9.79717e-17 -0 0.530468 0.678818
1.8 -1.10218e-16 -0 0.529976 0.638703
1.79753 0.0942047 -0 0.513773 0.639391
1.79753 0.0942047 -0 0.513773 0.639391
1.8 -1.10218e-16 -0 0.529976 0.638703
1.99726 0.104672 -0 0.512773 0.604667
1.8 -1.10218e-16 -0 0.529976 0.638703
2 -1.22465e-16 -0 0.529452 0.603942
1.99726 0.104672 -0 0.512773 0.604667
1.99726 0.104672 -0 0.512773 0.604667
2 -1.22465e-16 -0 0.529452 0.603942
2.19699 0.115139 -0 0.511875 0.574538
2 -1.22465e-16 -0 0.529452 0.603942
2.2 -1.34711e-16 -0 0.528927 0.573779
2.19699 0.115139 -0 0.511875 0.574538
2.19699 0.115139 -0 0.511875 0.574538
2.2 -1.34711e-16 -0 0.528927 0.573779
2.60059 0.136291 0.04 0.510167 0.517809
2.2 -1.34711e-16 -0 0.528927 0.573779
2.60416 -1.59459e-16 0.04 0.527888 0.516977
2.60059 0.136291 0.04 0.510167 0.517809
2.60059 0.136291 0.04 0.510167 0.517809
2.60416 -1.59459e-16 0.04 0.527888 0.516977
2.80032 0.146759 0.16 0.508999 0.477003
2.60416 -1.59459e-16 0.04 0.527888 0.516977
2.80416 -1.71705e-16 0.16 0.527258 0.476111
2.80032 0.146759 0.16 0.508999 0.477003
2.80032 0.146759 0.16 0.508999 0.477003
2.80416 -1.71705e-16 0.16 0.527258 0.476111
3.00005 0.157226 0.36 0.50751 0.425593
2.80416 -1.71705e-16 0.16 0.527258 0.476111
3.00416 -1.83952e-16 0.36 0.526414 0.424623
3.00005 0.157226 0.36 0.50751 0.425593
3.00005 0.157226 0.36 0.50751 0.425593
3.00416 -1.83952e-16 0.36 0.526414 0.424623
3.19977 0.167693 0.64 0.505659 0.363964
3.00416 -1.83952e-16 0.36 0.526414 0.424623
3.20416 -1.96198e-16 0.64 0.525238 0.362906
3.19977 0.167693 0.64 0.505659 0.363964
3.19977 0.167693 0.64 0.505659 0.363964
3.20416 -1.96198e-16 0.64 0.525238 0.362906
3.3995 0.17816 1 0.503418 0.2934
3.20416 -1.96198e-16 0.64 0.525238 0.362906
3.40416 -2.08445e-16 1 0.523599 0.292255
3.3995 0.17816 1 0.503418 0.2934
3.3995 0.17816 1 0.503418 0.2934
3.40416 -2.08445e-16 1 0.523599 0.292255
3.59922 0.188627 1.44 0.500806 0.216642
3.40416 -2.08445e-16 1 0.523599 0.292255
3.60416 -2.20691e-16 1.44 0.521403 0.215412
3.59922 0.188627 1.44 0.500806 0.216642
3.59922 0.188627 1.44 0.500806 0.216642
3.60416 -2.20691e-16 1.44 0.521403 0.215412
3.79895 0.199095 1.96 0.497907 0.137711
3.60416 -2.20691e-16 1.44 0.521403 0.215412
3.80416 -2.32938e-16 1.96 0.518644 0.136403
3.79895 0.199095 1.96 0.497907 0.137711
0.795618 0.0836228 -0 0.509305 0.904946
0.798904 0.0418688 -0 0.520015 0.90403
0.994522 0.104528 -0 0.506297 0.839118
0.798904 0.0418688 -0 0.520015 0.90403
0.99863 0.052336 -0 0.518706 0.838056
0.994522 0.104528 -0 0.506297 0.839118
0.994522 0.104528 -0 0.506297 0.839118
0.99863 0.052336 -0 0.518706 0.838056
1.19343 0.125434 -0 0.50363 0.779611
0.99863 0.052336 -0 0.518706 0.838056
1.19836 0.0628031 -0 0.517376 0.778432
1.19343 0.125434 -0 0.50363 0.779611
1.19343 0.125434 -0 0.50363 0.779611
1.19836 0.0628031 -0 0.517376 0.778432
1.39233 0.14634 -0 0.501306 0.726897
1.19836 0.0628031 -0 0.517376 0.778432
1.39808 0.0732703 -0 0.516088 0.725627
1.39233 0.14634 -0 0.501306 0.726897
1.39233 0.14634 -0 0.501306 0.726897
1.39808 0.0732703 -0 0.516088 0.725627
1.59124 0.167246 -0 0.499303 0.68081
1.39808 0.0732703 -0 0.516088 0.725627
1.59781 0.0837375 -0 0.51488 0.679467
1.59124 0.167246 -0 0.499303 0.68081
1.59124 0.167246 -0 0.499303 0.68081
1.59781 0.0837375 -0 0.51488 0.679467
1.79014 0.188151 -0 0.497584 0.640792
1.59781 0.0837375 -0 0.51488 0.679467
1.79753 0.0942047 -0 0.513773 0.639391
1.79014 0.188151 -0 0.497584 0.640792
1.79014 0.188151 -0 0.497584 0.640792
1.79753 0.0942047 -0 0.513773 0.639391
1.98904 0.209057 -0 0.496109 0.606113
1.79753 0.0942047 -0 0.513773 0.639391
1.99726 0.104672 -0 0.512773 0.604667
1.98904 0.209057 -0 0.496109 0.606113
1.98904 0.209057 -0 0.496109 0.606113
1.99726 0.104672 -0 0.512773 0.604667
2.18795 0.229963 -0 0.494839 0.576023
1.99726 0.104672 -0 0.512773 0.604667
2.19699 0.115139 -0 0.511875 0.574538
2.18795 0.229963 -0 0.494839 0.576023
2.18795 0.229963 -0 0.494839 0.576023
2.19699 0.115139 -0 0.511875 0.574538
2.5899 0.272209 0.04 0.492465 0.519363
2.19699 0.115139 -0 0.511875 0.574538
2.60059 0.136291 0.04 0.510167 0.517809
2.5899 0.272209 0.04 0.492465 0.519363
2.5899 0.272209 0.04 0.492465 0.519363
2.60059 0.136291 0.04 0.510167 0.517809
2.7888 0.293115 0.16 0.49076 0.478616
2.60059 0.136291 0.04 0.510167 0.517809
2.80032 0.146759 0.16 0.508999 0.477003
2.7888 0.293115 0.16 0.49076 0.478616
2.7888 0.293115 0.16 0.49076 0.478616
2.80032 0.146759 0.16 0.508999 0.477003
2.98771 0.314021 0.36 0.488627 0.427276
2.80032 0.146759 0.16 0.508999 0.477003
3.00005 0.157226 0.36 0.50751 0.425593
2.98771 0.314021 0.36 0.488627 0.427276
2.98771 0.314021 0.36 0.488627 0.427276
3.00005 0.157226 0.36 0.50751 0.425593
3.18661 0.334926 0.64 0.486101 0.365723
3.00005 0.157226 0.36 0.50751 0.425593
3.19977 0.167693 0.64 0.505659 0.363964
3.18661 0.334926 0.64 0.486101 0.365723
3.18661 0.334926 0.64 0.486101 0.365723
3.19977 0.167693 0.64 0.505659 0.363964
3.38551 0.355832 1 0.483255 0.295229
3.19977 0.167693 0.64 0.505659 0.363964
3.3995 0.17816 1 0.503418 0.2934
3.38551 0.355832 1 0.483255 0.295229
3.38551 0.355832 1 0.483255 0.295229
3.3995 0.17816 1 0.503418 0.2934
3.58442 0.376738 1.44 0.480224 0.218526
3.3995 0.17816 1 0.503418 0.2934
3.59922 0.188627 1.44 0.500806 0.216642
3.58442 0.376738 1.44 0.480224 0.218526
3.58442 0.376738 1.44 0.480224 0.218526
3.59922 0.188627 1.44 0.500806 0.216642
3.78332 0.397643 1.96 0.477184 0.139626
3.59922 0.188627 1.44 0.500806 0.216642
3.79895 0.199095 1.96 0.497907 0.137711
3.78332 0.397643 1.96 0.477184 0.139626
0.790151 0.125148 -0 0.498621 0.906361
0.795618 0.0836228 -0 0.509305 0.904946
0.987688 0.156434 -0 0.493918 0.84075
0.795618 0.0836228 -0 0.509305 0.904946
0.994522 0.104528 -0 0.506297 0.839118
0.987688 0.156434 -0 0.493918 0.84075
0.987688 0.156434 -0 0.493918 0.84075
0.994522 0.104528 -0 0.506297 0.839118
1.18523 0.187721 -0 0.489917 0.781415
0.994522 0.104528 -0 0.506297 0.839118
1.19343 0.125434 -0 0.50363 0.779611
1.18523 0.187721 -0 0.489917 0.781415
1.18523 0.187721 -0 0.489917 0.781415
1.19343 0.125434 -0 0.50363 0.779611
1.38276 0.219008 -0 0.486559 0.728833
1.19343 0.125434 -0 0.50363 0.779611
1.39233 0.14634 -0 0.501306 0.726897
1.38276 0.219008 -0 0.486559 0.728833
1.38276 0.219008 -0 0.486559 0.728833
1.39233 0.14634 -0 0.501306 0.726897
1.5803 0.250295 -0 0.483761 0.682847
1.39233 0.14634 -0 0.501306 0.726897
1.59124 0.167246 -0 0.499303 0.68081
1.5803 0.250295 -0 0.483761 0.682847
1.5803 0.250295 -0 0.483761 0.682847
1.59124 0.167246 -0 0.499303 0.68081
1.77784 0.281582 -0 0.48143 0.642904
1.59124 0.167246 -0 0.499303 0.68081
1.79014 0.188151 -0 0.497584 0.640792
1.77784 0.281582 -0 0.48143 0.642904
1.77784 0.281582 -0 0.48143 0.642904
1.79014 0.188151 -0 0.497584 0.640792
1.97538 0.312869 -0 0.479481 0.608281
1.79014 0.188151 -0 0.497584 0.640792
1.98904 0.209057 -0 0.496109 0.606113
1.97538 0.312869 -0 0.479481 0.608281
1.97538 0.312869 -0 0.479481 0.608281
1.98904 0.209057 -0 0.496109 0.606113
2.17291 0.344156 -0 0.47784 0.578231
1.98904 0.209057 -0 0.496109 0.606113
2.18795 0.229963 -0 0.494839 0.576023
2.17291 0.344156 -0 0.47784 0.578231
2.17291 0.344156 -0 0.47784 0.578231
2.18795 0.229963 -0 0.494839 0.576023
2.5721 0.407381 0.04 0.474799 0.52164
2.18795 0.229963 -0 0.494839 0.576023
2.5899 0.272209 0.04 0.492465 0.519363
2.5721 0.407381 0.04 0.474799 0.52164
2.5721 0.407381 0.04 0.474799 0.52164
2.5899 0.272209 0.04 0.492465 0.519363
2.76964 0.438668 0.16 0.472556 0.480945
2.5899 0.272209 0.04 0.492465 0.519363
2.7888 0.293115 0.16 0.49076 0.478616
2.76964 0.438668 0.16 0.472556 0.480945
2.76964 0.438668 0.16 0.472556 0.480945
2.7888 0.293115 0.16 0.49076 0.478616
2.96718 0.469955 0.36 0.469779 0.429668
2.7888 0.293115 0.16 0.49076 0.478616
2.98771 0.314021 0.36 0.488627 0.427276
2.96718 0.469955 0.36 0.469779 0.429668
2.96718 0.469955 0.36 0.469779 0.429668
2.98771 0.314021 0.36 0.488627 0.427276
3.16471 0.501242 0.64 0.466577 0.368177
2.98771 0.314021 0.36 0.488627 0.427276
3.18661 0.334926 0.64 0.486101 0.365723
3.16471 0.501242 0.64 0.466577 0.368177
3.16471 0.501242 0.64 0.466577 0.368177
3.18661 0.334926 0.64 0.486101 0.365723
3.36225 0.532528 1 0.463127 0.297738
3.18661 0.334926 0.64 0.486101 0.365723
3.38551 0.355832 1 0.483255 0.295229
3.36225 0.532528 1 0.463127 0.297738
3.36225 0.532528 1 0.463127 0.297738
3.38551 0.355832 1 0.483255 0.295229
3.55979 0.563815 1.44 0.459677 0.22106
3.38551 0.355832 1 0.483255 0.295229
3.58442 0.376738 1.44 0.480224 0.218526
3.55979 0.563815 1.44 0.459677 0.22106
3.55979 0.563815 1.44 0.459677 0.22106
3.58442 0.376738 1.44 0.480224 0.218526
3.75733 0.595102 1.96 0.456493 0.142145
3.58442 0.376738 1.44 0.480224 0.218526
3.78332 0.397643 1.96 0.477184 0.139626
3.75733 0.595102 1.96 0.456493 0.142145
0.782518 0.166329 -0 0.487988 0.908275
0.790151 0.125148 -0 0.498621 0.906361
0.978148 0.207912 -0 0.481595 0.842948
0.790151 0.125148 -0 0.498621 0.906361
0.987688 0.156434 -0 0.493918 0.84075
0.978148 0.207912 -0 0.481595 0.842948
0.978148 0.207912 -0 0.481595 0.842948
0.987688 0.156434 -0 0.493918 0.84075
1.17378 0.249494 -0 0.476263 0.783837
0.987688 0.156434 -0 0.493918 0.84075
1.18523 0.187721 -0 0.489917 0.781415
1.17378 0.249494 -0 0.476263 0.783837
1.17378 0.249494 -0 0.476263 0.783837
1.18523 0.187721 -0 0.489917 0.781415
1.36941 0.291076 -0 0.471874 0.731429
1.18523 0.187721 -0 0.489917 0.781415
1.38276 0.219008 -0 0.486559 0.728833
1.36941 0.291076 -0 0.471874 0.731429
1.36941 0.291076 -0 0.471874 0.731429
1.38276 0.219008 -0 0.486559 0.728833
1.56504 0.332659 -0 0.46828 0.685572
1.38276 0.219008 -0 0.486559 0.728833
1.5803 0.250295 -0 0.483761 0.682847
1.56504 0.332659 -0 0.46828 0.685572
1.56504 0.332659 -0 0.46828 0.685572
1.5803 0.250295 -0 0.483761 0.682847
1.76067 0.374241 -0 0.465336 0.645723
1.5803 0.250295 -0 0.483761 0.682847
1.77784 0.281582 -0 0.48143 0.642904
1.76067 0.374241 -0 0.465336 0.645723
1.76067 0.374241 -0 0.465336 0.645723
1.77784 0.281582 -0 0.48143 0.642904
1.9563 0.415823 -0 0.46291 0.611165
1.77784 0.281582 -0 0.48143 0.642904
1.97538 0.312869 -0 0.479481 0.608281
1.9563 0.415823 -0 0.46291 0.611165
1.9563 0.415823 -0 0.46291 0.611165
1.97538 0.312869 -0 0.479481 0.608281
2.15192 0.457406 -0 0.460896 0.58116
1.97538 0.312869 -0 0.479481 0.608281
2.17291 0.344156 -0 0.47784 0.578231
2.15192 0.457406 -0 0.460896 0.58116
2.15192 0.457406 -0 0.460896 0.58116
2.17291 0.344156 -0 0.47784 0.578231
2.54726 0.541436 0.04 0.457186 0.524634
2.17291 0.344156 -0 0.47784 0.578231
2.5721 0.407381 0.04 0.474799 0.52164
2.54726 0.541436 0.04 0.457186 0.524634
2.54726 0.541436 0.04 0.457186 0.524634
2.5721 0.407381 0.04 0.474799 0.52164
2.74289 0.583018 0.16 0.454405 0.483991
2.5721 0.407381 0.04 0.474799 0.52164
2.76964 0.438668 0.16 0.472556 0.480945
2.74289 0.583018 0.16 0.454405 0.483991
2.74289 0.583018 0.16 0.454405 0.483991
2.76964 0.438668 0.16 0.472556 0.480945
2.93851 0.624601 0.36 0.450983 0.432768
2.76964 0.438668 0.16 0.472556 0.480945
2.96718 0.469955 0.36 0.469779 0.429668
2.93851 0.624601 0.36 0.450983 0.432768
2.93851 0.624601 0.36 0.450983 0.432768
2.96718 0.469955 0.36 0.469779 0.429668
3.13414 0.666183 0.64 0.447105 0.371329
2.96718 0.469955 0.36 0.469779 0.429668
3.16471 0.501242 0.64 0.466577 0.368177
3.13414 0.666183 0.64 0.447105 0.371329
3.13414 0.666183 0.64 0.447105 0.371329
3.16471 0.501242 0.64 0.466577 0.368177
3.32977 0.707765 1 0.443052 0.300926
3.16471 0.501242 0.64 0.466577 0.368177
3.36225 0.532528 1 0.463127 0.297738
3.32977 0.707765 1 0.443052 0.300926
3.32977 0.707765 1 0.443052 0.300926
3.36225 0.532528 1 0.463127 0.297738
3.5254 0.749348 1.44 0.439182 0.224246
3.36225 0.532528 1 0.463127 0.297738
3.55979 0.563815 1.44 0.459677 0.22106
3.5254 0.749348 1.44 0.439182 0.224246
3.5254 0.749348 1.44 0.439182 0.224246
3.55979 0.563815 1.44 0.459677 0.22106
3.72103 0.79093 1.96 0.435852 0.145264
3.55979 0.563815 1.44 0.459677 0.22106
3.75733 0.595102 1.96 0.456493 0.142145
3.72103 0.79093 1.96 0.435852 0.145264
0.772741 0.207055 -0 0.477427 0.910682
0.782518 0.166329 -0 0.487988 0.908275
0.965926 0.258819 -0 0.469355 0.845708
0.782518 0.166329 -0 0.487988 0.908275
0.978148 0.207912 -0 0.481595 0.842948
0.965926 0.258819 -0 0.469355 0.845708
0.965926 0.258819 -0 0.469355 0.845708
0.978148 0.207912 -0 0.481595 0.842948
1.15911 0.310583 -0 0.462696 0.786876
0.978148 0.207912 -0 0.481595 0.842948
1.17378 0.249494 -0 0.476263 0.783837
1.15911 0.310583 -0 0.462696 0.786876
1.15911 0.310583 -0 0.462696 0.786876
1.17378 0.249494 -0 0.476263 0.783837
1.3523 0.362347 -0 0.457275 0.734683
1.17378 0.249494 -0 0.476263 0.783837
1.36941 0.291076 -0 0.471874 0.731429
1.3523 0.362347 -0 0.457275 0.734683
1.3523 0.362347 -0 0.457275 0.734683
1.36941 0.291076 -0 0.471874 0.731429
1.54548 0.41411 -0 0.452885 0.688983
1.36941 0.291076 -0 0.471874 0.731429
1.56504 0.332659 -0 0.46828 0.685572
1.54548 0.41411 -0 0.452885 0.688983
1.54548 0.41411 -0 0.452885 0.688983
1.56504 0.332659 -0 0.46828 0.685572
1.73867 0.465874 -0 0.449325 0.649244
1.56504 0.332659 -0 0.46828 0.685572
1.76067 0.374241 -0 0.465336 0.645723
1.73867 0.465874 -0 0.449325 0.649244
1.73867 0.465874 -0 0.449325 0.649244
1.76067 0.374241 -0 0.465336 0.645723
1.93185 0.517638 -0 0.446419 0.614762
1.76067 0.374241 -0 0.465336 0.645723
1.9563 0.415823 -0 0.46291 0.611165
1.93185 0.517638 -0 0.446419 0.614762
1.93185 0.517638 -0 0.446419 0.614762
1.9563 0.415823 -0 0.46291 0.611165
2.12504 0.569402 -0 0.444028 0.584805
1.9563 0.415823 -0 0.46291 0.611165
2.15192 0.457406 -0 0.460896 0.58116
2.12504 0.569402 -0 0.444028 0.584805
2.12504 0.569402 -0 0.444028 0.584805
2.15192 0.457406 -0 0.460896 0.58116
2.51543 0.674007 0.04 0.439644 0.528346
2.15192 0.457406 -0 0.460896 0.58116
2.54726 0.541436 0.04 0.457186 0.524634
2.51543 0.674007 0.04 0.439644 0.528346
2.51543 0.674007 0.04 0.439644 0.528346
2.54726 0.541436 0.04 0.457186 0.524634
2.70861 0.725771 0.16 0.436323 0.487753
2.54726 0.541436 0.04 0.457186 0.524634
2.74289 0.583018 0.16 0.454405 0.483991
2.70861 0.725771 0.16 0.436323 0.487753
2.70861 0.725771 0.16 0.436323 0.487753
2.74289 0.583018 0.16 0.454405 0.483991
2.9018 0.777535 0.36 0.432254 0.436579
2.74289 0.583018 0.16 0.454405 0.483991
2.93851 0.624601 0.36 0.450983 0.432768
2.9018 0.777535 0.36 0.432254 0.436579
2.9018 0.777535 0.36 0.432254 0.436579
2.93851 0.624601 0.36 0.450983 0.432768
3.09498 0.829298 0.64 0.427703 0.37518
2.93851 0.624601 0.36 0.450983 0.432768
3.13414 0.666183 0.64 0.447105 0.371329
3.09498 0.829298 0.64 0.427703 0.37518
3.09498 0.829298 0.64 0.427703 0.37518
3.13414 0.666183 0.64 0.447105 0.371329
3.28817 0.881062 1 0.423049 0.304795
3.13414 0.666183 0.64 0.447105 0.371329
3.32977 0.707765 1 0.443052 0.300926
3.28817 0.881062 1 0.423049 0.304795
3.28817 0.881062 1 0.423049 0.304795
3.32977 0.707765 1 0.443052 0.300926
3.48135 0.932826 1.44 0.41876 0.228081
3.32977 0.707765 1 0.443052 0.300926
3.5254 0.749348 1.44 0.439182 0.224246
3.48135 0.932826 1.44 0.41876 0.228081
3.48135 0.932826 1.44 0.41876 0.228081
3.5254 0.749348 1.44 0.439182 0.224246
3.67454 0.98459 1.96 0.415279 0.148986
3.5254 0.749348 1.44 0.439182 0.224246
3.72103 0.79093 1.96 0.435852 0.145264
3.67454 0.98459 1.96 0.415279 0.148986
0.760845 0.247214 -0 0.466964 0.91358
0.772741 0.207055 -0 0.477427 0.910682
0.951057 0.309017 -0 0.457221 0.849025
0.772741 0.207055 -0 0.477427 0.910682
0.965926 0.258819 -0 0.469355 0.845708
0.951057 0.309017 -0 0.457221 0.849025
0.951057 0.309017 -0 0.457221 0.849025
0.965926 0.258819 -0 0.469355 0.845708
1.14127 0.37082 -0 0.449242 0.790526
0.965926 0.258819 -0 0.469355 0.845708
1.15911 0.310583 -0 0.462696 0.786876
1.14127 0.37082 -0 0.449242 0.790526
1.14127 0.37082 -0 0.449242 0.790526
1.15911 0.310583 -0 0.462696 0.786876
1.33148 0.432624 -0 0.442792 0.738584
1.15911 0.310583 -0 0.462696 0.786876
1.3523 0.362347 -0 0.457275 0.734683
1.33148 0.432624 -0 0.442792 0.738584
1.33148 0.432624 -0 0.442792 0.738584
1.3523 0.362347 -0 0.457275 0.734683
1.52169 0.494427 -0 0.437603 0.693071
1.3523 0.362347 -0 0.457275 0.734683
1.54548 0.41411 -0 0.452885 0.688983
1.52169 0.494427 -0 0.437603 0.693071
1.52169 0.494427 -0 0.437603 0.693071
1.54548 0.41411 -0 0.452885 0.688983
1.7119 0.556231 -0 0.433422 0.653461
1.54548 0.41411 -0 0.452885 0.688983
1.73867 0.465874 -0 0.449325 0.649244
1.7119 0.556231 -0 0.433422 0.653461
1.7119 0.556231 -0 0.433422 0.653461
1.73867 0.465874 -0 0.449325 0.649244
1.90211 0.618034 -0 0.430032 0.619067
1.73867 0.465874 -0 0.449325 0.649244
1.93185 0.517638 -0 0.446419 0.614762
1.90211 0.618034 -0 0.430032 0.619067
1.90211 0.618034 -0 0.430032 0.619067
1.93185 0.517638 -0 0.446419 0.614762
2.09232 0.679837 -0 0.42726 0.589166
1.93185 0.517638 -0 0.446419 0.614762
2.12504 0.569402 -0 0.444028 0.584805
2.09232 0.679837 -0 0.42726 0.589166
2.09232 0.679837 -0 0.42726 0.589166
2.12504 0.569402 -0 0.444028 0.584805
2.47671 0.804731 0.04 0.422194 0.532775
2.12504 0.569402 -0 0.444028 0.584805
2.51543 0.674007 0.04 0.439644 0.528346
2.47671 0.804731 0.04 0.422194 0.532775
2.47671 0.804731 0.04 0.422194 0.532775
2.51543 0.674007 0.04 0.439644 0.528346
2.66692 0.866534 0.16 0.418329 0.49223
2.51543 0.674007 0.04 0.439644 0.528346
2.70861 0.725771 0.16 0.436323 0.487753
2.66692 0.866534 0.16 0.418329 0.49223
2.66692 0.866534 0.16 0.418329 0.49223
2.70861 0.725771 0.16 0.436323 0.487753
2.85713 0.928337 0.36 0.413613 0.441101
2.70861 0.725771 0.16 0.436323 0.487753
2.9018 0.777535 0.36 0.432254 0.436579
2.85713 0.928337 0.36 0.413613 0.441101
2.85713 0.928337 0.36 0.413613 0.441101
2.9018 0.777535 0.36 0.432254 0.436579
3.04734 0.990141 0.64 0.408391 0.379734
2.9018 0.777535 0.36 0.432254 0.436579
3.09498 0.829298 0.64 0.427703 0.37518
3.04734 0.990141 0.64 0.408391 0.379734
3.04734 0.990141 0.64 0.408391 0.379734
3.09498 0.829298 0.64 0.427703 0.37518
3.23755 1.05194 1 0.403139 0.309347
3.09498 0.829298 0.64 0.427703 0.37518
3.28817 0.881062 1 0.423049 0.304795
3.23755 1.05194 1 0.403139 0.309347
3.23755 1.05194 1 0.403139 0.309347
3.28817 0.881062 1 0.423049 0.304795
3.42776 1.11375 1.44 0.39843 0.232567
3.28817 0.881062 1 0.423049 0.304795
3.48135 0.932826 1.44 0.41876 0.228081
3.42776 1.11375 1.44 0.39843 0.232567
3.42776 1.11375 1.44 0.39843 0.232567
3.48135 0.932826 1.44 0.41876 0.228081
3.61797 1.17555 1.96 0.394791 0.153304
3.48135 0.932826 1.44 0.41876 0.228081
3.67454 0.98459 1.96 0.415279 0.148986
3.61797 1.17555 1.96 0.394791 0.153304
0.746864 0.286694 -0 0.45662 0.916965
0.760845 0.247214 -0 0.466964 0.91358
0.93358 0.358368 -0 0.445222 0.852897
0.760845 0.247214 -0 0.466964 0.91358
0.951057 0.309017 -0 0.457221 0.849025
0.93358 0.358368 -0 0.445222 0.852897
0.93358 0.358368 -0 0.445222 0.852897
0.951057 0.309017 -0 0.457221 0.849025
1.1203 0.430042 -0 0.435928 0.794778
0.951057 0.309017 -0 0.457221 0.849025
1.14127 0.37082 -0 0.449242 0.790526
1.1203 0.430042 -0 0.435928 0.794778
1.1203 0.430042 -0 0.435928 0.794778
1.14127 0.37082 -0 0.449242 0.790526
1.30701 0.501715 -0 0.42845 0.743129
1.14127 0.37082 -0 0.449242 0.790526
1.33148 0.432624 -0 0.442792 0.738584
1.30701 0.501715 -0 0.42845 0.743129
1.30701 0.501715 -0 0.42845 0.743129
1.33148 0.432624 -0 0.442792 0.738584
1.49373 0.573389 -0 0.422461 0.697828
1.33148 0.432624 -0 0.442792 0.738584
1.52169 0.494427 -0 0.437603 0.693071
1.49373 0.573389 -0 0.422461 0.697828
1.49373 0.573389 -0 0.422461 0.697828
1.52169 0.494427 -0 0.437603 0.693071
1.68044 0.645062 -0 0.417656 0.658369
1.52169 0.494427 -0 0.437603 0.693071
1.7119 0.556231 -0 0.433422 0.653461
1.68044 0.645062 -0 0.417656 0.658369
1.68044 0.645062 -0 0.417656 0.658369
1.7119 0.556231 -0 0.433422 0.653461
1.86716 0.716736 -0 0.413776 0.624072
1.7119 0.556231 -0 0.433422 0.653461
1.90211 0.618034 -0 0.430032 0.619067
1.86716 0.716736 -0 0.413776 0.624072
1.86716 0.716736 -0 0.413776 0.624072
1.90211 0.618034 -0 0.430032 0.619067
2.05388 0.788409 -0 0.410617 0.594234
1.90211 0.618034 -0 0.430032 0.619067
2.09232 0.679837 -0 0.42726 0.589166
2.05388 0.788409 -0 0.410617 0.594234
2.05388 0.788409 -0 0.410617 0.594234
2.09232 0.679837 -0 0.42726 0.589166
2.4312 0.933249 0.04 0.404859 0.537918
2.09232 0.679837 -0 0.42726 0.589166
2.47671 0.804731 0.04 0.422194 0.532775
2.4312 0.933249 0.04 0.404859 0.537918
2.4312 0.933249 0.04 0.404859 0.537918
2.47671 0.804731 0.04 0.422194 0.532775
2.61791 1.00492 0.16 0.400449 0.497423
2.47671 0.804731 0.04 0.422194 0.532775
2.66692 0.866534 0.16 0.418329 0.49223
2.61791 1.00492 0.16 0.400449 0.497423
2.61791 1.00492 0.16 0.400449 0.497423
2.66692 0.866534 0.16 0.418329 0.49223
2.80463 1.0766 0.36 0.395086 0.446338
2.66692 0.866534 0.16 0.418329 0.49223
2.85713 0.928337 0.36 0.413613 0.441101
2.80463 1.0766 0.36 0.395086 0.446338
2.80463 1.0766 0.36 0.395086 0.446338
2.85713 0.928337 0.36 0.413613 0.441101
2.99134 1.14827 0.64 0.389193 0.384992
2.85713 0.928337 0.36 0.413613 0.441101
3.04734 0.990141 0.64 0.408391 0.379734
2.99134 1.14827 0.64 0.389193 0.384992
2.99134 1.14827 0.64 0.389193 0.384992
3.04734 0.990141 0.64 0.408391 0.379734
3.17806 1.21994 1 0.383343 0.314586
3.04734 0.990141 0.64 0.408391 0.379734
3.23755 1.05194 1 0.403139 0.309347
3.17806 1.21994 1 0.383343 0.314586
3.17806 1.21994 1 0.383343 0.314586
3.23755 1.05194 1 0.403139 0.309347
3.36478 1.29162 1.44 0.378211 0.237703
3.23755 1.05194 1 0.403139 0.309347
3.42776 1.11375 1.44 0.39843 0.232567
3.36478 1.29162 1.44 0.378211 0.237703
3.36478 1.29162 1.44 0.378211 0.237703
3.42776 1.11375 1.44 0.39843 0.232567
3.55149 1.36329 1.96 0.374406 0.158218
3.42776 1.11375 1.44 0.39843 0.232567
3.61797 1.17555 1.96 0.394791 0.153304
3.55149 1.36329 1.96 0.374406 0.158218
0.730836 0.325389 -0 0.44642 0.920834
0.746864 0.286694 -0 0.45662 0.916965
0.913545 0.406737 -0 0.433381 0.857315
0.746864 0.286694 -0 0.45662 0.916965
0.93358 0.358368 -0 0.445222 0.852897
0.913545 0.406737 -0 0.433381 0.857315
0.913545 0.406737 -0 0.433381 0.857315
0.93358 0.358368 -0 0.445222 0.852897
1.09625 0.488084 -0 0.422783 0.799629
0.93358 0.358368 -0 0.445222 0.852897
1.1203 0.430042 -0 0.435928 0.794778
1.09625 0.488084 -0 0.422783 0.799629
1.09625 0.488084 -0 0.422783 0.799629
1.1203 0.430042 -0 0.435928 0.794778
1.27896 0.569431 -0 0.41428 0.748311
1.1203 0.430042 -0 0.435928 0.794778
1.30701 0.501715 -0 0.42845 0.743129
1.27896 0.569431 -0 0.41428 0.748311
1.27896 0.569431 -0 0.41428 0.748311
1.30701 0.501715 -0 0.42845 0.743129
1.46167 0.650779 -0 0.407488 0.70325
1.30701 0.501715 -0 0.42845 0.743129
1.49373 0.573389 -0 0.422461 0.697828
1.46167 0.650779 -0 0.407488 0.70325
1.46167 0.650779 -0 0.407488 0.70325
1.49373 0.573389 -0 0.422461 0.697828
1.64438 0.732126 -0 0.402053 0.663958
1.49373 0.573389 -0 0.422461 0.697828
1.68044 0.645062 -0 0.417656 0.658369
1.64438 0.732126 -0 0.402053 0.663958
1.64438 0.732126 -0 0.402053 0.663958
1.68044 0.645062 -0 0.417656 0.658369
1.82709 0.813473 -0 0.397679 0.629773
1.68044 0.645062 -0 0.417656 0.658369
1.86716 0.716736 -0 0.413776 0.624072
1.82709 0.813473 -0 0.397679 0.629773
1.82709 0.813473 -0 0.397679 0.629773
1.86716 0.716736 -0 0.413776 0.624072
2.0098 0.894821 -0 0.394128 0.600003
1.86716 0.716736 -0 0.413776 0.624072
2.05388 0.788409 -0 0.410617 0.594234
2.0098 0.894821 -0 0.394128 0.600003
2.0098 0.894821 -0 0.394128 0.600003
2.05388 0.788409 -0 0.410617 0.594234
2.37902 1.05921 0.04 0.387669 0.543772
2.05388 0.788409 -0 0.410617 0.594234
2.4312 0.933249 0.04 0.404859 0.537918
2.37902 1.05921 0.04 0.387669 0.543772
2.37902 1.05921 0.04 0.387669 0.543772
2.4312 0.933249 0.04 0.404859 0.537918
2.56173 1.14056 0.16 0.38271 0.503332
2.4312 0.933249 0.04 0.404859 0.537918
2.61791 1.00492 0.16 0.400449 0.497423
2.56173 1.14056 0.16 0.38271 0.503332
2.56173 1.14056 0.16 0.38271 0.503332
2.61791 1.00492 0.16 0.400449 0.497423
2.74444 1.2219 0.36 0.376697 0.452291
2.61791 1.00492 0.16 0.400449 0.497423
2.80463 1.0766 0.36 0.395086 0.446338
2.74444 1.2219 0.36 0.376697 0.452291
2.74444 1.2219 0.36 0.376697 0.452291
2.80463 1.0766 0.36 0.395086 0.446338
2.92715 1.30325 0.64 0.370134 0.390961
2.80463 1.0766 0.36 0.395086 0.446338
2.99134 1.14827 0.64 0.389193 0.384992
2.92715 1.30325 0.64 0.370134 0.390961
2.92715 1.30325 0.64 0.370134 0.390961
2.99134 1.14827 0.64 0.389193 0.384992
3.10986 1.3846 1 0.363684 0.320512
2.99134 1.14827 0.64 0.389193 0.384992
3.17806 1.21994 1 0.383343 0.314586
3.10986 1.3846 1 0.363684 0.320512
3.10986 1.3846 1 0.363684 0.320512
3.17806 1.21994 1 0.383343 0.314586
3.29257 1.46595 1.44 0.358124 0.243491
3.17806 1.21994 1 0.383343 0.314586
3.36478 1.29162 1.44 0.378211 0.237703
3.29257 1.46595 1.44 0.358124 0.243491
3.29257 1.46595 1.44 0.358124 0.243491
3.36478 1.29162 1.44 0.378211 0.237703
3.47528 1.54729 1.96 0.35414 0.163726
3.36478 1.29162 1.44 0.378211 0.237703
3.55149 1.36329 1.96 0.374406 0.158218
3.47528 1.54729 1.96 0.35414 0.163726
0.712805 0.363192 -0 0.436385 0.92518
0.730836 0.325389 -0 0.44642 0.920834
0.891007 0.453991 -0 0.421725 0.862275
0.730836 0.325389 -0 0.44642 0.920834
0.913545 0.406737 -0 0.433381 0.857315
0.891007 0.453991 -0 0.421725 0.862275
0.891007 0.453991 -0 0.421725 0.862275
0.913545 0.406737 -0 0.433381 0.857315
1.06921 0.544789 -0 0.409832 0.805073
0.913545 0.406737 -0 0.433381 0.857315
1.09625 0.488084 -0 0.422783 0.799629
1.06921 0.544789 -0 0.409832 0.805073
1.06921 0.544789 -0 0.409832 0.805073
1.09625 0.488084 -0 0.422783 0.799629
1.24741 0.635587 -0 0.400307 0.754119
1.09625 0.488084 -0 0.422783 0.799629
1.27896 0.569431 -0 0.41428 0.748311
1.24741 0.635587 -0 0.400307 0.754119
1.24741 0.635587 -0 0.400307 0.754119
1.27896 0.569431 -0 0.41428 0.748311
1.42561 0.726385 -0 0.392712 0.709326
1.27896 0.569431 -0 0.41428 0.748311
1.46167 0.650779 -0 0.407488 0.70325
1.42561 0.726385 -0 0.392712 0.709326
1.42561 0.726385 -0 0.392712 0.709326
1.46167 0.650779 -0 0.407488 0.70325
1.60381 0.817183 -0 0.386645 0.670221
1.46167 0.650779 -0 0.407488 0.70325
1.64438 0.732126 -0 0.402053 0.663958
1.60381 0.817183 -0 0.386645 0.670221
1.60381 0.817183 -0 0.386645 0.670221
1.64438 0.732126 -0 0.402053 0.663958
1.78201 0.907981 -0 0.381771 0.63616
1.64438 0.732126 -0 0.402053 0.663958
1.82709 0.813473 -0 0.397679 0.629773
1.78201 0.907981 -0 0.381771 0.63616
1.78201 0.907981 -0 0.381771 0.63616
1.82709 0.813473 -0 0.397679 0.629773
1.96021 0.998779 -0 0.377823 0.60647
1.82709 0.813473 -0 0.397679 0.629773
2.0098 0.894821 -0 0.394128 0.600003
1.96021 0.998779 -0 0.377823 0.60647
1.96021 0.998779 -0 0.377823 0.60647
2.0098 0.894821 -0 0.394128 0.600003
2.32033 1.18227 0.04 0.370653 0.550334
2.0098 0.894821 -0 0.394128 0.600003
2.37902 1.05921 0.04 0.387669 0.543772
2.32033 1.18227 0.04 0.370653 0.550334
2.32033 1.18227 0.04 0.370653 0.550334
2.37902 1.05921 0.04 0.387669 0.543772
2.49853 1.27306 0.16 0.365141 0.509954
2.37902 1.05921 0.04 0.387669 0.543772
2.56173 1.14056 0.16 0.38271 0.503332
2.49853 1.27306 0.16 0.365141 0.509954
2.49853 1.27306 0.16 0.365141 0.509954
2.56173 1.14056 0.16 0.38271 0.503332
2.67673 1.36386 0.36 0.358478 0.45896
2.56173 1.14056 0.16 0.38271 0.503332
2.74444 1.2219 0.36 0.376697 0.452291
2.67673 1.36386 0.36 0.358478 0.45896
2.67673 1.36386 0.36 0.358478 0.45896
2.74444 1.2219 0.36 0.376697 0.452291
2.85493 1.45466 0.64 0.351241 0.397639
2.74444 1.2219 0.36 0.376697 0.452291
2.92715 1.30325 0.64 0.370134 0.390961
2.85493 1.45466 0.64 0.351241 0.397639
2.85493 1.45466 0.64 0.351241 0.397639
2.92715 1.30325 0.64 0.370134 0.390961
3.03313 1.54546 1 0.344188 0.327128
2.92715 1.30325 0.64 0.370134 0.390961
3.10986 1.3846 1 0.363684 0.320512
3.03313 1.54546 1 0.344188 0.327128
3.03313 1.54546 1 0.344188 0.327128
3.10986 1.3846 1 0.363684 0.320512
3.21133 1.63626 1.44 0.338189 0.249929
3.10986 1.3846 1 0.363684 0.320512
3.29257 1.46595 1.44 0.358124 0.243491
3.21133 1.63626 1.44 0.338189 0.249929
3.21133 1.63626 1.44 0.338189 0.249929
3.29257 1.46595 1.44 0.358124 0.243491
3.38953 1.72705 1.96 0.334009 0.169825
3.29257 1.46595 1.44 0.358124 0.243491
3.47528 1.54729 1.96 0.35414 0.163726
3.38953 1.72705 1.96 0.334009 0.169825
0.891007 0.453991 -0 0.421725 0.862275
1.06921 0.544789 -0 0.409832 0.805073
1.03923 0.6 -0 0.397103 0.811102
1.03923 0.6 -0 0.397103 0.811102
1.06921 0.544789 -0 0.409832 0.805073
1.21244 0.7 -0 0.386561 0.760551
1.06921 0.544789 -0 0.409832 0.805073
1.24741 0.635587 -0 0.400307 0.754119
1.21244 0.7 -0 0.386561 0.760551
1.21244 0.7 -0 0.386561 0.760551
1.24741 0.635587 -0 0.400307 0.754119
1.38564 0.8 -0 0.378162 0.71605
1.24741 0.635587 -0 0.400307 0.754119
1.42561 0.726385 -0 0.392712 0.709326
1.38564 0.8 -0 0.378162 0.71605
1.38564 0.8 -0 0.378162 0.71605
1.42561 0.726385 -0 0.392712 0.709326
1.55885 0.9 -0 0.371461 0.677151
1.42561 0.726385 -0 0.392712 0.709326
1.60381 0.817183 -0 0.386645 0.670221
1.55885 0.9 -0 0.371461 0.677151
1.55885 0.9 -0 0.371461 0.677151
1.60381 0.817183 -0 0.386645 0.670221
1.73205 1 -0 0.366083 0.643229
1.60381 0.817183 -0 0.386645 0.670221
1.78201 0.907981 -0 0.381771 0.63616
1.73205 1 -0 0.366083 0.643229
1.73205 1 -0 0.366083 0.643229
1.78201 0.907981 -0 0.381771 0.63616
1.90526 1.1 -0 0.361733 0.613627
1.78201 0.907981 -0 0.381771 0.63616
1.96021 0.998779 -0 0.377823 0.60647
1.90526 1.1 -0 0.361733 0.613627
1.90526 1.1 -0 0.361733 0.613627
1.96021 0.998779 -0 0.377823 0.60647
2.25527 1.30208 0.04 0.353841 0.557599
1.96021 0.998779 -0 0.377823 0.60647
2.32033 1.18227 0.04 0.370653 0.550334
2.25527 1.30208 0.04 0.353841 0.557599
2.25527 1.30208 0.04 0.353841 0.557599
2.32033 1.18227 0.04 0.370653 0.550334
2.42848 1.40208 0.16 0.347774 0.517287
2.32033 1.18227 0.04 0.370653 0.550334
2.49853 1.27306 0.16 0.365141 0.509954
2.42848 1.40208 0.16 0.347774 0.517287
2.42848 1.40208 0.16 0.347774 0.517287
2.49853 1.27306 0.16 0.365141 0.509954
2.60168 1.50208 0.36 0.340455 0.466345
2.49853 1.27306 0.16 0.365141 0.509954
2.67673 1.36386 0.36 0.358478 0.45896
2.60168 1.50208 0.36 0.340455 0.466345
2.60168 1.50208 0.36 0.340455 0.466345
2.67673 1.36386 0.36 0.358478 0.45896
2.77489 1.60208 0.64 0.332541 0.405027
2.67673 1.36386 0.36 0.358478 0.45896
2.85493 1.45466 0.64 0.351241 0.397639
2.77489 1.60208 0.64 0.332541 0.405027
2.77489 1.60208 0.64 0.332541 0.405027
2.85493 1.45466 0.64 0.351241 0.397639
2.94809 1.70208 1 0.324876 0.334433
2.85493 1.45466 0.64 0.351241 0.397639
3.03313 1.54546 1 0.344188 0.327128
2.94809 1.70208 1 0.324876 0.334433
2.94809 1.70208 1 0.324876 0.334433
3.03313 1.54546 1 0.344188 0.327128
3.1213 1.80208 1.44 0.318424 0.257015
3.03313 1.54546 1 0.344188 0.327128
3.21133 1.63626 1.44 0.338189 0.249929
3.1213 1.80208 1.44 0.318424 0.257015
3.1213 1.80208 1.44 0.318424 0.257015
3.21133 1.63626 1.44 0.338189 0.249929
3.2945 1.90208 1.96 0.314029 0.176511
3.21133 1.63626 1.44 0.338189 0.249929
3.38953 1.72705 1.96 0.334009 0.169825
3.2945 1.90208 1.96 0.314029 0.176511
2.42848 1.40208 0.16 0.347774 0.517287
2.60168 1.50208 0.36 0.340455 0.466345
2.5195 1.63618 0.36 0.322659 0.474443
2.5195 1.63618 0.36 0.322659 0.474443
2.60168 1.50208 0.36 0.340455 0.466345
2.68724 1.74511 0.64 0.31406 0.413124
2.60168 1.50208 0.36 0.340455 0.466345
2.77489 1.60208 0.64 0.332541 0.405027
2.68724 1.74511 0.64 0.31406 0.413124
2.68724 1.74511 0.64 0.31406 0.413124
2.77489 1.60208 0.64 0.332541 0.405027
2.85497 1.85404 1 0.305773 0.342427
2.77489 1.60208 0.64 0.332541 0.405027
2.94809 1.70208 1 0.324876 0.334433
2.85497 1.85404 1 0.305773 0.342427
2.85497 1.85404 1 0.305773 0.342427
2.94809 1.70208 1 0.324876 0.334433
3.02271 1.96297 1.44 0.29885 0.264747
2.94809 1.70208 1 0.324876 0.334433
3.1213 1.80208 1.44 0.318424 0.257015
3.02271 1.96297 1.44 0.29885 0.264747
3.02271 1.96297 1.44 0.29885 0.264747
3.1213 1.80208 1.44 0.318424 0.257015
3.19044 2.0719 1.96 0.294211 0.183777
3.1213 1.80208 1.44 0.318424 0.257015
3.2945 1.90208 1.96 0.314029 0.176511
3.19044 2.0719 1.96 0.294211 0.183777
