-1.63626 -3.21133 1.44 0.675516 0.240127
-1.80208 -3.1213 1.44 0.694991 0.247389
-1.72705 -3.38953 1.96 0.678752 0.160923
-1.80208 -3.1213 1.44 0.694991 0.247389
-1.90208 -3.2945 1.96 0.698446 0.167748
-1.72705 -3.38953 1.96 0.678752 0.160923
-0.325389 -0.730836 -0 0.571463 0.89507
-0.363192 -0.712805 -0 0.581317 0.899566
-0.406737 -0.913545 -0 0.584526 0.832601
-0.363192 -0.712805 -0 0.581317 0.899566
-0.453991 -0.891007 -0 0.595955 0.837752
-0.406737 -0.913545 -0 0.584526 0.832601
-0.406737 -0.913545 -0 0.584526 0.832601
-0.453991 -0.891007 -0 0.595955 0.837752
-0.488084 -1.09625 -0 0.594914 0.776413
-0.453991 -0.891007 -0 0.595955 0.837752
-0.544789 -1.06921 -0 0.607603 0.78207
-0.488084 -1.09625 -0 0.594914 0.776413
-0.488084 -1.09625 -0 0.594914 0.776413
-0.544789 -1.06921 -0 0.607603 0.78207
-0.569431 -1.27896 -0 0.603098 0.726797
-0.544789 -1.06921 -0 0.607603 0.78207
-0.635587 -1.24741 -0 0.616789 0.732834
-0.569431 -1.27896 -0 0.603098 0.726797
-0.569431 -1.27896 -0 0.603098 0.726797
-0.635587 -1.24741 -0 0.616789 0.732834
-0.650779 -1.46167 -0 0.609535 0.683449
-0.635587 -1.24741 -0 0.616789 0.732834
-0.726385 -1.42561 -0 0.624021 0.68976
-0.650779 -1.46167 -0 0.609535 0.683449
-0.650779 -1.46167 -0 0.609535 0.683449
-0.726385 -1.42561 -0 0.624021 0.68976
-0.732126 -1.64438 -0 0.614618 0.645754
-0.726385 -1.42561 -0 0.624021 0.68976
-0.817183 -1.60381 -0 0.629737 0.652257
-0.732126 -1.64438 -0 0.614618 0.645754
-0.732126 -1.64438 -0 0.614618 0.645754
-0.817183 -1.60381 -0 0.629737 0.652257
-0.813473 -1.82709 -0 0.61866 0.612994
-0.817183 -1.60381 -0 0.629737 0.652257
-0.907981 -1.78201 -0 0.634286 0.619629
-0.813473 -1.82709 -0 0.61866 0.612994
-0.813473 -1.82709 -0 0.61866 0.612994
-0.907981 -1.78201 -0 0.634286 0.619629
-0.894821 -2.0098 -0 0.621904 0.584465
-0.907981 -1.78201 -0 0.634286 0.619629
-0.998779 -1.96021 -0 0.637939 0.591187
-0.894821 -2.0098 -0 0.621904 0.584465
-0.894821 -2.0098 -0 0.621904 0.584465
-0.998779 -1.96021 -0 0.637939 0.591187
-1.05921 -2.37902 0.04 0.627878 0.530167
-0.998779 -1.96021 -0 0.637939 0.591187
-1.18227 -2.32033 0.04 0.644648 0.536998
-1.05921 -2.37902 0.04 0.627878 0.530167
-1.05921 -2.37902 0.04 0.627878 0.530167
-1.18227 -2.32033 0.04 0.644648 0.536998
-1.14056 -2.56173 0.16 0.63272 0.490383
-1.18227 -2.32033 0.04 0.644648 0.536998
-1.27306 -2.49853 0.16 0.65004 0.497278
-1.14056 -2.56173 0.16 0.63272 0.490383
-1.14056 -2.56173 0.16 0.63272 0.490383
-1.27306 -2.49853 0.16 0.65004 0.497278
-1.2219 -2.74444 0.36 0.638603 0.439942
-1.27306 -2.49853 0.16 0.65004 0.497278
-1.36386 -2.67673 0.36 0.656568 0.44688
-1.2219 -2.74444 0.36 0.638603 0.439942
-1.2219 -2.74444 0.36 0.638603 0.439942
-1.36386 -2.67673 0.36 0.656568 0.44688
-1.30325 -2.92715 0.64 0.64493 0.379273
-1.36386 -2.67673 0.36 0.656568 0.44688
-1.45466 -2.85493 0.64 0.66356 0.386203
-1.30325 -2.92715 0.64 0.64493 0.379273
-1.30325 -2.92715 0.64 0.64493 0.379273
-1.45466 -2.85493 0.64 0.66356 0.386203
-1.3846 -3.10986 1 0.650957 0.309622
-1.45466 -2.85493 0.64 0.66356 0.386203
-1.54546 -3.03313 1 0.670184 0.316457
-1.3846 -3.10986 1 0.650957 0.309622
-1.3846 -3.10986 1 0.650957 0.309622
-1.54546 -3.03313 1 0.670184 0.316457
-1.46595 -3.29257 1.44 0.655852 0.233512
-1.54546 -3.03313 1 0.670184 0.316457
-1.63626 -3.21133 1.44 0.675516 0.240127
-1.46595 -3.29257 1.44 0.655852 0.233512
-1.46595 -3.29257 1.44 0.655852 0.233512
-1.63626 -3.21133 1.44 0.675516 0.240127
-1.54729 -3.47528 1.96 0.65889 0.154688
-1.63626 -3.21133 1.44 0.675516 0.240127
-1.72705 -3.38953 1.96 0.678752 0.160923
-1.54729 -3.47528 1.96 0.65889 0.154688
-0.286694 -0.746864 -0 0.561424 0.891058
-0.325389 -0.730836 -0 0.571463 0.89507
-0.358368 -0.93358 -0 0.572894 0.827999
-0.325389 -0.730836 -0 0.571463 0.89507
-0.406737 -0.913545 -0 0.584526 0.832601
-0.358368 -0.93358 -0 0.572894 0.827999
-0.358368 -0.93358 -0 0.572894 0.827999
-0.406737 -0.913545 -0 0.584526 0.832601
-0.430042 -1.1203 -0 0.582011 0.77135
-0.406737 -0.913545 -0 0.584526 0.832601
-0.488084 -1.09625 -0 0.594914 0.776413
-0.430042 -1.1203 -0 0.582011 0.77135
-0.430042 -1.1203 -0 0.582011 0.77135
-0.488084 -1.09625 -0 0.594914 0.776413
-0.501715 -1.30701 -0 0.589188 0.721391
-0.488084 -1.09625 -0 0.594914 0.776413
-0.569431 -1.27896 -0 0.603098 0.726797
-0.501715 -1.30701 -0 0.589188 0.721391
-0.501715 -1.30701 -0 0.589188 0.721391
-0.569431 -1.27896 -0 0.603098 0.726797
-0.573389 -1.49373 -0 0.59483 0.677794
-0.569431 -1.27896 -0 0.603098 0.726797
-0.650779 -1.46167 -0 0.609535 0.683449
-0.573389 -1.49373 -0 0.59483 0.677794
-0.573389 -1.49373 -0 0.59483 0.677794
-0.650779 -1.46167 -0 0.609535 0.683449
-0.645062 -1.68044 -0 0.599283 0.639924
-0.650779 -1.46167 -0 0.609535 0.683449
-0.732126 -1.64438 -0 0.614618 0.645754
-0.645062 -1.68044 -0 0.599283 0.639924
-0.645062 -1.68044 -0 0.599283 0.639924
-0.732126 -1.64438 -0 0.614618 0.645754
-0.716736 -1.86716 -0 0.602823 0.607045
-0.732126 -1.64438 -0 0.614618 0.645754
-0.813473 -1.82709 -0 0.61866 0.612994
-0.716736 -1.86716 -0 0.602823 0.607045
-0.716736 -1.86716 -0 0.602823 0.607045
-0.813473 -1.82709 -0 0.61866 0.612994
-0.788409 -2.05388 -0 0.605662 0.578439
-0.813473 -1.82709 -0 0.61866 0.612994
-0.894821 -2.0098 -0 0.621904 0.584465
-0.788409 -2.05388 -0 0.605662 0.578439
-0.788409 -2.05388 -0 0.605662 0.578439
-0.894821 -2.0098 -0 0.621904 0.584465
-0.933249 -2.4312 0.04 0.610911 0.524042
-0.894821 -2.0098 -0 0.621904 0.584465
-1.05921 -2.37902 0.04 0.627878 0.530167
-0.933249 -2.4312 0.04 0.610911 0.524042
-0.933249 -2.4312 0.04 0.610911 0.524042
-1.05921 -2.37902 0.04 0.627878 0.530167
-1.00492 -2.61791 0.16 0.615205 0.4842
-1.05921 -2.37902 0.04 0.627878 0.530167
-1.14056 -2.56173 0.16 0.63272 0.490383
-1.00492 -2.61791 0.16 0.615205 0.4842
-1.00492 -2.61791 0.16 0.615205 0.4842
-1.14056 -2.56173 0.16 0.63272 0.490383
-1.0766 -2.80463 0.36 0.620447 0.433717
-1.14056 -2.56173 0.16 0.63272 0.490383
-1.2219 -2.74444 0.36 0.638603 0.439942
-1.0766 -2.80463 0.36 0.620447 0.433717
-1.0766 -2.80463 0.36 0.620447 0.433717
-1.2219 -2.74444 0.36 0.638603 0.439942
-1.14827 -2.99134 0.64 0.626113 0.37305
-1.2219 -2.74444 0.36 0.638603 0.439942
-1.30325 -2.92715 0.64 0.64493 0.379273
-1.14827 -2.99134 0.64 0.626113 0.37305
-1.14827 -2.99134 0.64 0.626113 0.37305
-1.30325 -2.92715 0.64 0.64493 0.379273
-1.21994 -3.17806 1 0.63155 0.303472
-1.30325 -2.92715 0.64 0.64493 0.379273
-1.3846 -3.10986 1 0.650957 0.309622
-1.21994 -3.17806 1 0.63155 0.303472
-1.21994 -3.17806 1 0.63155 0.303472
-1.3846 -3.10986 1 0.650957 0.309622
-1.29162 -3.36478 1.44 0.63602 0.227546
-1.3846 -3.10986 1 0.650957 0.309622
-1.46595 -3.29257 1.44 0.655852 0.233512
-1.29162 -3.36478 1.44 0.63602 0.227546
-1.29162 -3.36478 1.44 0.63602 0.227546
-1.46595 -3.29257 1.44 0.655852 0.233512
-1.36329 -3.55149 1.96 0.638876 0.149044
-1.46595 -3.29257 1.44 0.655852 0.233512
-1.54729 -3.47528 1.96 0.65889 0.154688
-1.36329 -3.55149 1.96 0.638876 0.149044
-0.247214 -0.760845 -0 0.551222 0.887536
-0.286694 -0.746864 -0 0.561424 0.891058
-0.309017 -0.951057 -0 0.561082 0.82395
-0.286694 -0.746864 -0 0.561424 0.891058
-0.358368 -0.93358 -0 0.572894 0.827999
-0.309017 -0.951057 -0 0.561082 0.82395
-0.309017 -0.951057 -0 0.561082 0.82395
-0.358368 -0.93358 -0 0.572894 0.827999
-0.37082 -1.14127 -0 0.568919 0.766891
-0.358368 -0.93358 -0 0.572894 0.827999
-0.430042 -1.1203 -0 0.582011 0.77135
-0.37082 -1.14127 -0 0.568919 0.766891
-0.37082 -1.14127 -0 0.568919 0.766891
-0.430042 -1.1203 -0 0.582011 0.77135
-0.432624 -1.33148 -0 0.575087 0.716623
-0.430042 -1.1203 -0 0.582011 0.77135
-0.501715 -1.30701 -0 0.589188 0.721391
-0.432624 -1.33148 -0 0.575087 0.716623
-0.432624 -1.33148 -0 0.575087 0.716623
-0.501715 -1.30701 -0 0.589188 0.721391
-0.494427 -1.52169 -0 0.579934 0.672801
-0.501715 -1.30701 -0 0.589188 0.721391
-0.573389 -1.49373 -0 0.59483 0.677794
-0.494427 -1.52169 -0 0.579934 0.672801
-0.494427 -1.52169 -0 0.579934 0.672801
-0.573389 -1.49373 -0 0.59483 0.677794
-0.556231 -1.7119 -0 0.58376 0.634774
-0.573389 -1.49373 -0 0.59483 0.677794
-0.645062 -1.68044 -0 0.599283 0.639924
-0.556231 -1.7119 -0 0.58376 0.634774
-0.556231 -1.7119 -0 0.58376 0.634774
-0.645062 -1.68044 -0 0.599283 0.639924
-0.618034 -1.90211 -0 0.586801 0.601788
-0.645062 -1.68044 -0 0.599283 0.639924
-0.716736 -1.86716 -0 0.602823 0.607045
-0.618034 -1.90211 -0 0.586801 0.601788
-0.618034 -1.90211 -0 0.586801 0.601788
-0.716736 -1.86716 -0 0.602823 0.607045
-0.679837 -2.09232 -0 0.58924 0.573111
-0.716736 -1.86716 -0 0.602823 0.607045
-0.788409 -2.05388 -0 0.605662 0.578439
-0.679837 -2.09232 -0 0.58924 0.573111
-0.679837 -2.09232 -0 0.58924 0.573111
-0.788409 -2.05388 -0 0.605662 0.578439
-0.804731 -2.47671 0.04 0.593772 0.518625
-0.788409 -2.05388 -0 0.605662 0.578439
-0.933249 -2.4312 0.04 0.610911 0.524042
-0.804731 -2.47671 0.04 0.593772 0.518625
-0.804731 -2.47671 0.04 0.593772 0.518625
-0.933249 -2.4312 0.04 0.610911 0.524042
-0.866534 -2.66692 0.16 0.597523 0.47873
-0.933249 -2.4312 0.04 0.610911 0.524042
-1.00492 -2.61791 0.16 0.615205 0.4842
-0.866534 -2.66692 0.16 0.597523 0.47873
-0.866534 -2.66692 0.16 0.597523 0.47873
-1.00492 -2.61791 0.16 0.615205 0.4842
-0.928337 -2.85713 0.36 0.602126 0.428206
-1.00492 -2.61791 0.16 0.615205 0.4842
-1.0766 -2.80463 0.36 0.620447 0.433717
-0.928337 -2.85713 0.36 0.602126 0.428206
-0.928337 -2.85713 0.36 0.602126 0.428206
-1.0766 -2.80463 0.36 0.620447 0.433717
-0.990141 -3.04734 0.64 0.607136 0.367532
-1.0766 -2.80463 0.36 0.620447 0.433717
-1.14827 -2.99134 0.64 0.626113 0.37305
-0.990141 -3.04734 0.64 0.607136 0.367532
-0.990141 -3.04734 0.64 0.607136 0.367532
-1.14827 -2.99134 0.64 0.626113 0.37305
-1.05194 -3.23755 1 0.611987 0.298008
-1.14827 -2.99134 0.64 0.626113 0.37305
-1.21994 -3.17806 1 0.63155 0.303472
-1.05194 -3.23755 1 0.611987 0.298008
-1.05194 -3.23755 1 0.611987 0.298008
-1.21994 -3.17806 1 0.63155 0.303472
-1.11375 -3.42776 1.44 0.61604 0.222228
-1.21994 -3.17806 1 0.63155 0.303472
-1.29162 -3.36478 1.44 0.63602 0.227546
-1.11375 -3.42776 1.44 0.61604 0.222228
-1.11375 -3.42776 1.44 0.61604 0.222228
-1.29162 -3.36478 1.44 0.63602 0.227546
-1.17555 -3.61797 1.96 0.618725 0.143993
-1.29162 -3.36478 1.44 0.63602 0.227546
-1.36329 -3.55149 1.96 0.638876 0.149044
-1.17555 -3.61797 1.96 0.618725 0.143993
-0.207055 -0.772741 -0 0.540879 0.88451
-0.247214 -0.760845 -0 0.551222 0.887536
-0.258819 -0.965926 -0 0.549114 0.820461
-0.247214 -0.760845 -0 0.551222 0.887536
-0.309017 -0.951057 -0 0.561082 0.82395
-0.258819 -0.965926 -0 0.549114 0.820461
-0.258819 -0.965926 -0 0.549114 0.820461
-0.309017 -0.951057 -0 0.561082 0.82395
-0.310583 -1.15911 -0 0.555663 0.763038
-0.309017 -0.951057 -0 0.561082 0.82395
-0.37082 -1.14127 -0 0.568919 0.766891
-0.310583 -1.15911 -0 0.555663 0.763038
-0.310583 -1.15911 -0 0.555663 0.763038
-0.37082 -1.14127 -0 0.568919 0.766891
-0.362347 -1.3523 -0 0.56082 0.712497
-0.37082 -1.14127 -0 0.568919 0.766891
-0.432624 -1.33148 -0 0.575087 0.716623
-0.362347 -1.3523 -0 0.56082 0.712497
-0.362347 -1.3523 -0 0.56082 0.712497
-0.432624 -1.33148 -0 0.575087 0.716623
-0.41411 -1.54548 -0 0.564874 0.668476
-0.432624 -1.33148 -0 0.575087 0.716623
-0.494427 -1.52169 -0 0.579934 0.672801
-0.41411 -1.54548 -0 0.564874 0.668476
-0.41411 -1.54548 -0 0.564874 0.668476
-0.494427 -1.52169 -0 0.579934 0.672801
-0.465874 -1.73867 -0 0.568076 0.630308
-0.494427 -1.52169 -0 0.579934 0.672801
-0.556231 -1.7119 -0 0.58376 0.634774
-0.465874 -1.73867 -0 0.568076 0.630308
-0.465874 -1.73867 -0 0.568076 0.630308
-0.556231 -1.7119 -0 0.58376 0.634774
-0.517638 -1.93185 -0 0.570622 0.597226
-0.556231 -1.7119 -0 0.58376 0.634774
-0.618034 -1.90211 -0 0.586801 0.601788
-0.517638 -1.93185 -0 0.570622 0.597226
-0.517638 -1.93185 -0 0.570622 0.597226
-0.618034 -1.90211 -0 0.586801 0.601788
-0.569402 -2.12504 -0 0.572667 0.568486
-0.618034 -1.90211 -0 0.586801 0.601788
-0.679837 -2.09232 -0 0.58924 0.573111
-0.569402 -2.12504 -0 0.572667 0.568486
-0.569402 -2.12504 -0 0.572667 0.568486
-0.679837 -2.09232 -0 0.58924 0.573111
-0.674007 -2.51543 0.04 0.57649 0.513918
-0.679837 -2.09232 -0 0.58924 0.573111
-0.804731 -2.47671 0.04 0.593772 0.518625
-0.674007 -2.51543 0.04 0.57649 0.513918
-0.674007 -2.51543 0.04 0.57649 0.513918
-0.804731 -2.47671 0.04 0.593772 0.518625
-0.725771 -2.70861 0.16 0.579698 0.473973
-0.804731 -2.47671 0.04 0.593772 0.518625
-0.866534 -2.66692 0.16 0.597523 0.47873
-0.725771 -2.70861 0.16 0.579698 0.473973
-0.725771 -2.70861 0.16 0.579698 0.473973
-0.866534 -2.66692 0.16 0.597523 0.47873
-0.777535 -2.9018 0.36 0.583666 0.423407
-0.866534 -2.66692 0.16 0.597523 0.47873
-0.928337 -2.85713 0.36 0.602126 0.428206
-0.777535 -2.9018 0.36 0.583666 0.423407
-0.777535 -2.9018 0.36 0.583666 0.423407
-0.928337 -2.85713 0.36 0.602126 0.428206
-0.829298 -3.09498 0.64 0.58802 0.362719
-0.928337 -2.85713 0.36 0.602126 0.428206
-0.990141 -3.04734 0.64 0.607136 0.367532
-0.829298 -3.09498 0.64 0.58802 0.362719
-0.829298 -3.09498 0.64 0.58802 0.362719
-0.990141 -3.04734 0.64 0.607136 0.367532
-0.881062 -3.28817 1 0.592288 0.293229
-0.990141 -3.04734 0.64 0.607136 0.367532
-1.05194 -3.23755 1 0.611987 0.298008
-0.881062 -3.28817 1 0.592288 0.293229
-0.881062 -3.28817 1 0.592288 0.293229
-1.05194 -3.23755 1 0.611987 0.298008
-0.932826 -3.48135 1.44 0.59593 0.21756
-1.05194 -3.23755 1 0.611987 0.298008
-1.11375 -3.42776 1.44 0.61604 0.222228
-0.932826 -3.48135 1.44 0.59593 0.21756
-0.932826 -3.48135 1.44 0.59593 0.21756
-1.11375 -3.42776 1.44 0.61604 0.222228
-0.98459 -3.67454 1.96 0.598456 0.139539
-1.11375 -3.42776 1.44 0.61604 0.222228
-1.17555 -3.61797 1.96 0.618725 0.143993
-0.98459 -3.67454 1.96 0.598456 0.139539
-0.166329 -0.782518 -0 0.530416 0.881983
-0.207055 -0.772741 -0 0.540879 0.88451
-0.207912 -0.978148 -0 0.537014 0.817538
-0.207055 -0.772741 -0 0.540879 0.88451
-0.258819 -0.965926 -0 0.549114 0.820461
-0.207912 -0.978148 -0 0.537014 0.817538
-0.207912 -0.978148 -0 0.537014 0.817538
-0.258819 -0.965926 -0 0.549114 0.820461
-0.249494 -1.17378 -0 0.542269 0.7598
-0.258819 -0.965926 -0 0.549114 0.820461
-0.310583 -1.15911 -0 0.555663 0.763038
-0.249494 -1.17378 -0 0.542269 0.7598
-0.249494 -1.17378 -0 0.542269 0.7598
-0.310583 -1.15911 -0 0.555663 0.763038
-0.291076 -1.36941 -0 0.546412 0.709019
-0.310583 -1.15911 -0 0.555663 0.763038
-0.362347 -1.3523 -0 0.56082 0.712497
-0.291076 -1.36941 -0 0.546412 0.709019
-0.291076 -1.36941 -0 0.546412 0.709019
-0.362347 -1.3523 -0 0.56082 0.712497
-0.332659 -1.56504 -0 0.549676 0.664823
-0.362347 -1.3523 -0 0.56082 0.712497
-0.41411 -1.54548 -0 0.564874 0.668476
-0.332659 -1.56504 -0 0.549676 0.664823
-0.332659 -1.56504 -0 0.549676 0.664823
-0.41411 -1.54548 -0 0.564874 0.668476
-0.374241 -1.76067 -0 0.552256 0.626531
-0.41411 -1.54548 -0 0.564874 0.668476
-0.465874 -1.73867 -0 0.568076 0.630308
-0.374241 -1.76067 -0 0.552256 0.626531
-0.374241 -1.76067 -0 0.552256 0.626531
-0.465874 -1.73867 -0 0.568076 0.630308
-0.415823 -1.9563 -0 0.554312 0.593365
-0.465874 -1.73867 -0 0.568076 0.630308
-0.517638 -1.93185 -0 0.570622 0.597226
-0.415823 -1.9563 -0 0.554312 0.593365
-0.415823 -1.9563 -0 0.554312 0.593365
-0.517638 -1.93185 -0 0.570622 0.597226
-0.457406 -2.15192 -0 0.555965 0.564566
-0.517638 -1.93185 -0 0.570622 0.597226
-0.569402 -2.12504 -0 0.572667 0.568486
-0.457406 -2.15192 -0 0.555965 0.564566
-0.457406 -2.15192 -0 0.555965 0.564566
-0.569402 -2.12504 -0 0.572667 0.568486
-0.541436 -2.54726 0.04 0.559088 0.509923
-0.569402 -2.12504 -0 0.572667 0.568486
-0.674007 -2.51543 0.04 0.57649 0.513918
-0.541436 -2.54726 0.04 0.559088 0.509923
-0.541436 -2.54726 0.04 0.559088 0.509923
-0.674007 -2.51543 0.04 0.57649 0.513918
-0.583018 -2.74289 0.16 0.561757 0.46993
-0.674007 -2.51543 0.04 0.57649 0.513918
-0.725771 -2.70861 0.16 0.579698 0.473973
-0.583018 -2.74289 0.16 0.561757 0.46993
-0.583018 -2.74289 0.16 0.561757 0.46993
-0.725771 -2.70861 0.16 0.579698 0.473973
-0.624601 -2.93851 0.36 0.56509 0.41932
-0.725771 -2.70861 0.16 0.579698 0.473973
-0.777535 -2.9018 0.36 0.583666 0.423407
-0.624601 -2.93851 0.36 0.56509 0.41932
-0.624601 -2.93851 0.36 0.56509 0.41932
-0.777535 -2.9018 0.36 0.583666 0.423407
-0.666183 -3.13414 0.64 0.56879 0.358608
-0.777535 -2.9018 0.36 0.583666 0.423407
-0.829298 -3.09498 0.64 0.58802 0.362719
-0.666183 -3.13414 0.64 0.56879 0.358608
-0.666183 -3.13414 0.64 0.56879 0.358608
-0.829298 -3.09498 0.64 0.58802 0.362719
-0.707765 -3.32977 1 0.572477 0.289133
-0.829298 -3.09498 0.64 0.58802 0.362719
-0.881062 -3.28817 1 0.592288 0.293229
-0.707765 -3.32977 1 0.572477 0.289133
-0.707765 -3.32977 1 0.572477 0.289133
-0.881062 -3.28817 1 0.592288 0.293229
-0.749348 -3.5254 1.44 0.57571 0.213538
-0.881062 -3.28817 1 0.592288 0.293229
-0.932826 -3.48135 1.44 0.59593 0.21756
-0.749348 -3.5254 1.44 0.57571 0.213538
-0.749348 -3.5254 1.44 0.57571 0.213538
-0.932826 -3.48135 1.44 0.59593 0.21756
-0.79093 -3.72103 1.96 0.578085 0.13568
-0.932826 -3.48135 1.44 0.59593 0.21756
-0.98459 -3.67454 1.96 0.598456 0.139539
-0.79093 -3.72103 1.96 0.578085 0.13568
-0.125148 -0.790151 -0 0.519855 0.879959
-0.166329 -0.782518 -0 0.530416 0.881983
-0.156434 -0.987688 -0 0.524805 0.815183
-0.166329 -0.782518 -0 0.530416 0.881983
-0.207912 -0.978148 -0 0.537014 0.817538
-0.156434 -0.987688 -0 0.524805 0.815183
-0.156434 -0.987688 -0 0.524805 0.815183
-0.207912 -0.978148 -0 0.537014 0.817538
-0.187721 -1.18523 -0 0.528761 0.757181
-0.207912 -0.978148 -0 0.537014 0.817538
-0.249494 -1.17378 -0 0.542269 0.7598
-0.187721 -1.18523 -0 0.528761 0.757181
-0.187721 -1.18523 -0 0.528761 0.757181
-0.249494 -1.17378 -0 0.542269 0.7598
-0.219008 -1.38276 -0 0.531891 0.706196
-0.249494 -1.17378 -0 0.542269 0.7598
-0.291076 -1.36941 -0 0.546412 0.709019
-0.219008 -1.38276 -0 0.531891 0.706196
-0.219008 -1.38276 -0 0.531891 0.706196
-0.291076 -1.36941 -0 0.546412 0.709019
-0.250295 -1.5803 -0 0.534364 0.66185
-0.291076 -1.36941 -0 0.546412 0.709019
-0.332659 -1.56504 -0 0.549676 0.664823
-0.250295 -1.5803 -0 0.534364 0.66185
-0.250295 -1.5803 -0 0.534364 0.66185
-0.332659 -1.56504 -0 0.549676 0.664823
-0.281582 -1.77784 -0 0.536326 0.62345
-0.332659 -1.56504 -0 0.549676 0.664823
-0.374241 -1.76067 -0 0.552256 0.626531
-0.281582 -1.77784 -0 0.536326 0.62345
-0.281582 -1.77784 -0 0.536326 0.62345
-0.374241 -1.76067 -0 0.552256 0.626531
-0.312869 -1.97538 -0 0.537896 0.590206
-0.374241 -1.76067 -0 0.552256 0.626531
-0.415823 -1.9563 -0 0.554312 0.593365
-0.312869 -1.97538 -0 0.537896 0.590206
-0.312869 -1.97538 -0 0.537896 0.590206
-0.415823 -1.9563 -0 0.554312 0.593365
-0.344156 -2.17291 -0 0.539162 0.561357
-0.415823 -1.9563 -0 0.554312 0.593365
-0.457406 -2.15192 -0 0.555965 0.564566
-0.344156 -2.17291 -0 0.539162 0.561357
-0.344156 -2.17291 -0 0.539162 0.561357
-0.457406 -2.15192 -0 0.555965 0.564566
-0.407381 -2.5721 0.04 0.54159 0.506641
-0.457406 -2.15192 -0 0.555965 0.564566
-0.541436 -2.54726 0.04 0.559088 0.509923
-0.407381 -2.5721 0.04 0.54159 0.506641
-0.407381 -2.5721 0.04 0.54159 0.506641
-0.541436 -2.54726 0.04 0.559088 0.509923
-0.438668 -2.76964 0.16 0.543722 0.466601
-0.541436 -2.54726 0.04 0.559088 0.509923
-0.583018 -2.74289 0.16 0.561757 0.46993
-0.438668 -2.76964 0.16 0.543722 0.466601
-0.438668 -2.76964 0.16 0.543722 0.466601
-0.583018 -2.74289 0.16 0.561757 0.46993
-0.469955 -2.96718 0.36 0.546421 0.415945
-0.583018 -2.74289 0.16 0.561757 0.46993
-0.624601 -2.93851 0.36 0.56509 0.41932
-0.469955 -2.96718 0.36 0.546421 0.415945
-0.469955 -2.96718 0.36 0.546421 0.415945
-0.624601 -2.93851 0.36 0.56509 0.41932
-0.501242 -3.16471 0.64 0.549467 0.355198
-0.624601 -2.93851 0.36 0.56509 0.41932
-0.666183 -3.13414 0.64 0.56879 0.358608
-0.501242 -3.16471 0.64 0.549467 0.355198
-0.501242 -3.16471 0.64 0.549467 0.355198
-0.666183 -3.13414 0.64 0.56879 0.358608
-0.532528 -3.36225 1 0.552573 0.285717
-0.666183 -3.13414 0.64 0.56879 0.358608
-0.707765 -3.32977 1 0.572477 0.289133
-0.532528 -3.36225 1 0.552573 0.285717
-0.532528 -3.36225 1 0.552573 0.285717
-0.707765 -3.32977 1 0.572477 0.289133
-0.563815 -3.55979 1.44 0.555401 0.210166
-0.707765 -3.32977 1 0.572477 0.289133
-0.749348 -3.5254 1.44 0.57571 0.213538
-0.563815 -3.55979 1.44 0.555401 0.210166
-0.563815 -3.55979 1.44 0.555401 0.210166
-0.749348 -3.5254 1.44 0.57571 0.213538
-0.595102 -3.75733 1.96 0.557631 0.132417
-0.749348 -3.5254 1.44 0.57571 0.213538
-0.79093 -3.72103 1.96 0.578085 0.13568
-0.595102 -3.75733 1.96 0.557631 0.132417
-0.0836228 -0.795618 -0 0.50922 0.878442
-0.125148 -0.790151 -0 0.519855 0.879959
-0.104528 -0.994522 -0 0.512513 0.813402
-0.125148 -0.790151 -0 0.519855 0.879959
-0.156434 -0.987688 -0 0.524805 0.815183
-0.104528 -0.994522 -0 0.512513 0.813402
-0.104528 -0.994522 -0 0.512513 0.813402
-0.156434 -0.987688 -0 0.524805 0.815183
-0.125434 -1.19343 -0 0.515166 0.755186
-0.156434 -0.987688 -0 0.524805 0.815183
-0.187721 -1.18523 -0 0.528761 0.757181
-0.125434 -1.19343 -0 0.515166 0.755186
-0.125434 -1.19343 -0 0.515166 0.755186
-0.187721 -1.18523 -0 0.528761 0.757181
-0.14634 -1.39233 -0 0.517281 0.704033
-0.187721 -1.18523 -0 0.528761 0.757181
-0.219008 -1.38276 -0 0.531891 0.706196
-0.14634 -1.39233 -0 0.517281 0.704033
-0.14634 -1.39233 -0 0.517281 0.704033
-0.219008 -1.38276 -0 0.531891 0.706196
-0.167246 -1.59124 -0 0.518965 0.659561
-0.219008 -1.38276 -0 0.531891 0.706196
-0.250295 -1.5803 -0 0.534364 0.66185
-0.167246 -1.59124 -0 0.518965 0.659561
-0.167246 -1.59124 -0 0.518965 0.659561
-0.250295 -1.5803 -0 0.534364 0.66185
-0.188151 -1.79014 -0 0.520312 0.621067
-0.250295 -1.5803 -0 0.534364 0.66185
-0.281582 -1.77784 -0 0.536326 0.62345
-0.188151 -1.79014 -0 0.520312 0.621067
-0.188151 -1.79014 -0 0.520312 0.621067
-0.281582 -1.77784 -0 0.536326 0.62345
-0.209057 -1.98904 -0 0.521397 0.587757
-0.281582 -1.77784 -0 0.536326 0.62345
-0.312869 -1.97538 -0 0.537896 0.590206
-0.209057 -1.98904 -0 0.521397 0.587757
-0.209057 -1.98904 -0 0.521397 0.587757
-0.312869 -1.97538 -0 0.537896 0.590206
-0.229963 -2.18795 -0 0.522279 0.558859
-0.312869 -1.97538 -0 0.537896 0.590206
-0.344156 -2.17291 -0 0.539162 0.561357
-0.229963 -2.18795 -0 0.522279 0.558859
-0.229963 -2.18795 -0 0.522279 0.558859
-0.344156 -2.17291 -0 0.539162 0.561357
-0.272209 -2.5899 0.04 0.524018 0.504074
-0.344156 -2.17291 -0 0.539162 0.561357
-0.407381 -2.5721 0.04 0.54159 0.506641
-0.272209 -2.5899 0.04 0.524018 0.504074
-0.272209 -2.5899 0.04 0.524018 0.504074
-0.407381 -2.5721 0.04 0.54159 0.506641
-0.293115 -2.7888 0.16 0.525615 0.463986
-0.407381 -2.5721 0.04 0.54159 0.506641
-0.438668 -2.76964 0.16 0.543722 0.466601
-0.293115 -2.7888 0.16 0.525615 0.463986
-0.293115 -2.7888 0.16 0.525615 0.463986
-0.438668 -2.76964 0.16 0.543722 0.466601
-0.314021 -2.98771 0.36 0.527681 0.41328
-0.438668 -2.76964 0.16 0.543722 0.466601
-0.469955 -2.96718 0.36 0.546421 0.415945
-0.314021 -2.98771 0.36 0.527681 0.41328
-0.314021 -2.98771 0.36 0.527681 0.41328
-0.469955 -2.96718 0.36 0.546421 0.415945
-0.334926 -3.18661 0.64 0.530073 0.352487
-0.469955 -2.96718 0.36 0.546421 0.415945
-0.501242 -3.16471 0.64 0.549467 0.355198
-0.334926 -3.18661 0.64 0.530073 0.352487
-0.334926 -3.18661 0.64 0.530073 0.352487
-0.501242 -3.16471 0.64 0.549467 0.355198
-0.355832 -3.38551 1 0.532598 0.282979
-0.501242 -3.16471 0.64 0.549467 0.355198
-0.532528 -3.36225 1 0.552573 0.285717
-0.355832 -3.38551 1 0.532598 0.282979
-0.355832 -3.38551 1 0.532598 0.282979
-0.532528 -3.36225 1 0.552573 0.285717
-0.376738 -3.58442 1.44 0.535022 0.207438
-0.532528 -3.36225 1 0.552573 0.285717
-0.563815 -3.55979 1.44 0.555401 0.210166
-0.376738 -3.58442 1.44 0.535022 0.207438
-0.376738 -3.58442 1.44 0.535022 0.207438
-0.563815 -3.55979 1.44 0.555401 0.210166
-0.397643 -3.78332 1.96 0.537109 0.129754
-0.563815 -3.55979 1.44 0.555401 0.210166
-0.595102 -3.75733 1.96 0.557631 0.132417
-0.397643 -3.78332 1.96 0.537109 0.129754
-0.0418688 -0.798904 -0 0.498531 0.877436
-0.0836228 -0.795618 -0 0.50922 0.878442
-0.052336 -0.99863 -0 0.500161 0.8122
-0.0836228 -0.795618 -0 0.50922 0.878442
-0.104528 -0.994522 -0 0.512513 0.813402
-0.052336 -0.99863 -0 0.500161 0.8122
-0.052336 -0.99863 -0 0.500161 0.8122
-0.104528 -0.994522 -0 0.512513 0.813402
-0.0628031 -1.19836 -0 0.501507 0.753819
-0.104528 -0.994522 -0 0.512513 0.813402
-0.125434 -1.19343 -0 0.515166 0.755186
-0.0628031 -1.19836 -0 0.501507 0.753819
-0.0628031 -1.19836 -0 0.501507 0.753819
-0.125434 -1.19343 -0 0.515166 0.755186
-0.0732703 -1.39808 -0 0.502607 0.702536
-0.125434 -1.19343 -0 0.515166 0.755186
-0.14634 -1.39233 -0 0.517281 0.704033
-0.0732703 -1.39808 -0 0.502607 0.702536
-0.0732703 -1.39808 -0 0.502607 0.702536
-0.14634 -1.39233 -0 0.517281 0.704033
-0.0837375 -1.59781 -0 0.503503 0.657959
-0.14634 -1.39233 -0 0.517281 0.704033
-0.167246 -1.59124 -0 0.518965 0.659561
-0.0837375 -1.59781 -0 0.503503 0.657959
-0.0837375 -1.59781 -0 0.503503 0.657959
-0.167246 -1.59124 -0 0.518965 0.659561
-0.0942047 -1.79753 -0 0.504236 0.619387
-0.167246 -1.59124 -0 0.518965 0.659561
-0.188151 -1.79014 -0 0.520312 0.621067
-0.0942047 -1.79753 -0 0.504236 0.619387
-0.0942047 -1.79753 -0 0.504236 0.619387
-0.188151 -1.79014 -0 0.520312 0.621067
-0.104672 -1.99726 -0 0.504839 0.586018
-0.188151 -1.79014 -0 0.520312 0.621067
-0.209057 -1.98904 -0 0.521397 0.587757
-0.104672 -1.99726 -0 0.504839 0.586018
-0.104672 -1.99726 -0 0.504839 0.586018
-0.209057 -1.98904 -0 0.521397 0.587757
-0.115139 -2.19699 -0 0.505339 0.557077
-0.209057 -1.98904 -0 0.521397 0.587757
-0.229963 -2.18795 -0 0.522279 0.558859
-0.115139 -2.19699 -0 0.505339 0.557077
-0.115139 -2.19699 -0 0.505339 0.557077
-0.229963 -2.18795 -0 0.522279 0.558859
-0.136291 -2.60059 0.04 0.506392 0.502223
-0.229963 -2.18795 -0 0.522279 0.558859
-0.272209 -2.5899 0.04 0.524018 0.504074
-0.136291 -2.60059 0.04 0.506392 0.502223
-0.136291 -2.60059 0.04 0.506392 0.502223
-0.272209 -2.5899 0.04 0.524018 0.504074
-0.146759 -2.80032 0.16 0.507454 0.462087
-0.272209 -2.5899 0.04 0.524018 0.504074
-0.293115 -2.7888 0.16 0.525615 0.463986
-0.146759 -2.80032 0.16 0.507454 0.462087
-0.146759 -2.80032 0.16 0.507454 0.462087
-0.293115 -2.7888 0.16 0.525615 0.463986
-0.157226 -3.00005 0.36 0.508888 0.411325
-0.293115 -2.7888 0.16 0.525615 0.463986
-0.314021 -2.98771 0.36 0.527681 0.41328
-0.157226 -3.00005 0.36 0.508888 0.411325
-0.157226 -3.00005 0.36 0.508888 0.411325
-0.314021 -2.98771 0.36 0.527681 0.41328
-0.167693 -3.19977 0.64 0.510625 0.350477
-0.314021 -2.98771 0.36 0.527681 0.41328
-0.334926 -3.18661 0.64 0.530073 0.352487
-0.167693 -3.19977 0.64 0.510625 0.350477
-0.167693 -3.19977 0.64 0.510625 0.350477
-0.334926 -3.18661 0.64 0.530073 0.352487
-0.17816 -3.3995 1 0.512569 0.280923
-0.334926 -3.18661 0.64 0.530073 0.352487
-0.355832 -3.38551 1 0.532598 0.282979
-0.17816 -3.3995 1 0.512569 0.280923
-0.17816 -3.3995 1 0.512569 0.280923
-0.355832 -3.38551 1 0.532598 0.282979
-0.188627 -3.59922 1.44 0.51459 0.205359
-0.355832 -3.38551 1 0.532598 0.282979
-0.376738 -3.58442 1.44 0.535022 0.207438
-0.188627 -3.59922 1.44 0.51459 0.205359
-0.188627 -3.59922 1.44 0.51459 0.205359
-0.376738 -3.58442 1.44 0.535022 0.207438
-0.199095 -3.79895 1.96 0.516539 0.127689
-0.376738 -3.58442 1.44 0.535022 0.207438
-0.397643 -3.78332 1.96 0.537109 0.129754
-0.199095 -3.79895 1.96 0.516539 0.127689
-3.67394e-17 -0.6 -0 0.487953 0.948004
-0.0314016 -0.599178 -0 0.496594 0.948363
-4.89859e-17 -0.8 -0 0.487812 0.876941
-0.0314016 -0.599178 -0 0.496594 0.948363
-0.0418688 -0.798904 -0 0.498531 0.877436
-4.89859e-17 -0.8 -0 0.487812 0.876941
-4.89859e-17 -0.8 -0 0.487812 0.876941
-0.0418688 -0.798904 -0 0.498531 0.877436
-6.12323e-17 -1 -0 0.487775 0.811578
-0.0418688 -0.798904 -0 0.498531 0.877436
-0.052336 -0.99863 -0 0.500161 0.8122
-6.12323e-17 -1 -0 0.487775 0.811578
-6.12323e-17 -1 -0 0.487775 0.811578
-0.052336 -0.99863 -0 0.500161 0.8122
-7.34788e-17 -1.2 -0 0.487811 0.753084
-0.052336 -0.99863 -0 0.500161 0.8122
-0.0628031 -1.19836 -0 0.501507 0.753819
-7.34788e-17 -1.2 -0 0.487811 0.753084
-7.34788e-17 -1.2 -0 0.487811 0.753084
-0.0628031 -1.19836 -0 0.501507 0.753819
-8.57253e-17 -1.4 -0 0.487893 0.701703
-0.0628031 -1.19836 -0 0.501507 0.753819
-0.0732703 -1.39808 -0 0.502607 0.702536
-8.57253e-17 -1.4 -0 0.487893 0.701703
-8.57253e-17 -1.4 -0 0.487893 0.701703
-0.0732703 -1.39808 -0 0.502607 0.702536
-9.79717e-17 -1.6 -0 0.488001 0.65705
-0.0732703 -1.39808 -0 0.502607 0.702536
-0.0837375 -1.59781 -0 0.503503 0.657959
-9.79717e-17 -1.6 -0 0.488001 0.65705
-9.79717e-17 -1.6 -0 0.488001 0.65705
-0.0837375 -1.59781 -0 0.503503 0.657959
-1.10218e-16 -1.8 -0 0.488121 0.618414
-0.0837375 -1.59781 -0 0.503503 0.657959
-0.0942047 -1.79753 -0 0.504236 0.619387
-1.10218e-16 -1.8 -0 0.488121 0.618414
-1.10218e-16 -1.8 -0 0.488121 0.618414
-0.0942047 -1.79753 -0 0.504236 0.619387
-1.22465e-16 -2 -0 0.488243 0.584995
-0.0942047 -1.79753 -0 0.504236 0.619387
-0.104672 -1.99726 -0 0.504839 0.586018
-1.22465e-16 -2 -0 0.488243 0.584995
-1.22465e-16 -2 -0 0.488243 0.584995
-0.104672 -1.99726 -0 0.504839 0.586018
-1.34711e-16 -2.2 -0 0.488362 0.556014
-0.104672 -1.99726 -0 0.504839 0.586018
-0.115139 -2.19699 -0 0.505339 0.557077
-1.34711e-16 -2.2 -0 0.488362 0.556014
-1.34711e-16 -2.2 -0 0.488362 0.556014
-0.115139 -2.19699 -0 0.505339 0.557077
-1.59459e-16 -2.60416 0.04 0.488733 0.50109
-0.115139 -2.19699 -0 0.505339 0.557077
-0.136291 -2.60059 0.04 0.506392 0.502223
-1.59459e-16 -2.60416 0.04 0.488733 0.50109
-1.59459e-16 -2.60416 0.04 0.488733 0.50109
-0.136291 -2.60059 0.04 0.506392 0.502223
-1.71705e-16 -2.80416 0.16 0.489259 0.460903
-0.136291 -2.60059 0.04 0.506392 0.502223
-0.146759 -2.80032 0.16 0.507454 0.462087
-1.71705e-16 -2.80416 0.16 0.489259 0.460903
-1.71705e-16 -2.80416 0.16 0.489259 0.460903
-0.146759 -2.80032 0.16 0.507454 0.462087
-1.83952e-16 -3.00416 0.36 0.49006 0.410079
-0.146759 -2.80032 0.16 0.507454 0.462087
-0.157226 -3.00005 0.36 0.508888 0.411325
-1.83952e-16 -3.00416 0.36 0.49006 0.410079
-1.83952e-16 -3.00416 0.36 0.49006 0.410079
-0.157226 -3.00005 0.36 0.508888 0.411325
-1.96198e-16 -3.20416 0.64 0.491142 0.349163
-0.157226 -3.00005 0.36 0.508888 0.411325
-0.167693 -3.19977 0.64 0.510625 0.350477
-1.96198e-16 -3.20416 0.64 0.491142 0.349163
-1.96198e-16 -3.20416 0.64 0.491142 0.349163
-0.167693 -3.19977 0.64 0.510625 0.350477
-2.08445e-16 -3.40416 1 0.492505 0.279544
-0.167693 -3.19977 0.64 0.510625 0.350477
-0.17816 -3.3995 1 0.512569 0.280923
-2.08445e-16 -3.40416 1 0.492505 0.279544
-2.08445e-16 -3.40416 1 0.492505 0.279544
-0.17816 -3.3995 1 0.512569 0.280923
-2.20691e-16 -3.60416 1.44 0.494124 0.203926
-0.17816 -3.3995 1 0.512569 0.280923
-0.188627 -3.59922 1.44 0.51459 0.205359
-2.20691e-16 -3.60416 1.44 0.494124 0.203926
-2.20691e-16 -3.60416 1.44 0.494124 0.203926
-0.188627 -3.59922 1.44 0.51459 0.205359
-2.32938e-16 -3.80416 1.96 0.495936 0.126223
-0.188627 -3.59922 1.44 0.51459 0.205359
-0.199095 -3.79895 1.96 0.516539 0.127689
-2.32938e-16 -3.80416 1.96 0.495936 0.126223
-3.67394e-17 -0.6 -0 0.487953 0.948004
-4.89859e-17 -0.8 -0 0.487812 0.876941
0.0418688 -0.798904 -0 0.477085 0.876961
0.0418688 -0.798904 -0 0.477085 0.876961
-4.89859e-17 -0.8 -0 0.487812 0.876941
0.052336 -0.99863 -0 0.475377 0.811539
-4.89859e-17 -0.8 -0 0.487812 0.876941
-6.12323e-17 -1 -0 0.487775 0.811578
0.052336 -0.99863 -0 0.475377 0.811539
0.052336 -0.99863 -0 0.475377 0.811539
-6.12323e-17 -1 -0 0.487775 0.811578
0.0628031 -1.19836 -0 0.474102 0.752982
-6.12323e-17 -1 -0 0.487775 0.811578
-7.34788e-17 -1.2 -0 0.487811 0.753084
0.0628031 -1.19836 -0 0.474102 0.752982
0.0628031 -1.19836 -0 0.474102 0.752982
-7.34788e-17 -1.2 -0 0.487811 0.753084
0.0732703 -1.39808 -0 0.473165 0.701542
-7.34788e-17 -1.2 -0 0.487811 0.753084
-8.57253e-17 -1.4 -0 0.487893 0.701703
0.0732703 -1.39808 -0 0.473165 0.701542
0.0732703 -1.39808 -0 0.473165 0.701542
-8.57253e-17 -1.4 -0 0.487893 0.701703
0.0837375 -1.59781 -0 0.472484 0.656834
-8.57253e-17 -1.4 -0 0.487893 0.701703
-9.79717e-17 -1.6 -0 0.488001 0.65705
0.0837375 -1.59781 -0 0.472484 0.656834
0.0837375 -1.59781 -0 0.472484 0.656834
-9.79717e-17 -1.6 -0 0.488001 0.65705
0.0942047 -1.79753 -0 0.471989 0.61815
-9.79717e-17 -1.6 -0 0.488001 0.65705
-1.10218e-16 -1.8 -0 0.488121 0.618414
0.0942047 -1.79753 -0 0.471989 0.61815
0.0942047 -1.79753 -0 0.471989 0.61815
-1.10218e-16 -1.8 -0 0.488121 0.618414
0.104672 -1.99726 -0 0.47163 0.584688
-1.10218e-16 -1.8 -0 0.488121 0.618414
-1.22465e-16 -2 -0 0.488243 0.584995
0.104672 -1.99726 -0 0.47163 0.584688
0.104672 -1.99726 -0 0.47163 0.584688
-1.22465e-16 -2 -0 0.488243 0.584995
0.115139 -2.19699 -0 0.471369 0.55567
-1.22465e-16 -2 -0 0.488243 0.584995
-1.34711e-16 -2.2 -0 0.488362 0.556014
0.115139 -2.19699 -0 0.471369 0.55567
0.115139 -2.19699 -0 0.471369 0.55567
-1.34711e-16 -2.2 -0 0.488362 0.556014
0.136291 -2.60059 0.04 0.471056 0.500677
-1.34711e-16 -2.2 -0 0.488362 0.556014
-1.59459e-16 -2.60416 0.04 0.488733 0.50109
0.136291 -2.60059 0.04 0.471056 0.500677
0.136291 -2.60059 0.04 0.471056 0.500677
-1.59459e-16 -2.60416 0.04 0.488733 0.50109
0.146759 -2.80032 0.16 0.471048 0.460437
-1.59459e-16 -2.60416 0.04 0.488733 0.50109
-1.71705e-16 -2.80416 0.16 0.489259 0.460903
0.146759 -2.80032 0.16 0.471048 0.460437
0.146759 -2.80032 0.16 0.471048 0.460437
-1.71705e-16 -2.80416 0.16 0.489259 0.460903
0.157226 -3.00005 0.36 0.471214 0.409546
-1.71705e-16 -2.80416 0.16 0.489259 0.460903
-1.83952e-16 -3.00416 0.36 0.49006 0.410079
0.157226 -3.00005 0.36 0.471214 0.409546
0.157226 -3.00005 0.36 0.471214 0.409546
-1.83952e-16 -3.00416 0.36 0.49006 0.410079
0.167693 -3.19977 0.64 0.471641 0.348552
-1.83952e-16 -3.00416 0.36 0.49006 0.410079
-1.96198e-16 -3.20416 0.64 0.491142 0.349163
0.167693 -3.19977 0.64 0.471641 0.348552
0.167693 -3.19977 0.64 0.471641 0.348552
-1.96198e-16 -3.20416 0.64 0.491142 0.349163
0.17816 -3.3995 1 0.472424 0.278848
-1.96198e-16 -3.20416 0.64 0.491142 0.349163
-2.08445e-16 -3.40416 1 0.492505 0.279544
0.17816 -3.3995 1 0.472424 0.278848
0.17816 -3.3995 1 0.472424 0.278848
-2.08445e-16 -3.40416 1 0.492505 0.279544
0.188627 -3.59922 1.44 0.473642 0.203144
-2.08445e-16 -3.40416 1 0.492505 0.279544
-2.20691e-16 -3.60416 1.44 0.494124 0.203926
0.188627 -3.59922 1.44 0.473642 0.203144
0.188627 -3.59922 1.44 0.473642 0.203144
-2.20691e-16 -3.60416 1.44 0.494124 0.203926
0.199095 -3.79895 1.96 0.475319 0.12536
-2.20691e-16 -3.60416 1.44 0.494124 0.203926
-2.32938e-16 -3.80416 1.96 0.495936 0.126223
0.199095 -3.79895 1.96 0.475319 0.12536
0.0836228 -0.795618 -0 0.466374 0.877496
0.0418688 -0.798904 -0 0.477085 0.876961
0.104528 -0.994522 -0 0.462995 0.812084
0.0418688 -0.798904 -0 0.477085 0.876961
0.052336 -0.99863 -0 0.475377 0.811539
0.104528 -0.994522 -0 0.462995 0.812084
0.104528 -0.994522 -0 0.462995 0.812084
0.052336 -0.99863 -0 0.475377 0.811539
0.125434 -1.19343 -0 0.460405 0.753517
0.052336 -0.99863 -0 0.475377 0.811539
0.0628031 -1.19836 -0 0.474102 0.752982
0.125434 -1.19343 -0 0.460405 0.753517
0.125434 -1.19343 -0 0.460405 0.753517
0.0628031 -1.19836 -0 0.474102 0.752982
0.14634 -1.39233 -0 0.458448 0.702053
0.0628031 -1.19836 -0 0.474102 0.752982
0.0732703 -1.39808 -0 0.473165 0.701542
0.14634 -1.39233 -0 0.458448 0.702053
0.14634 -1.39233 -0 0.458448 0.702053
0.0732703 -1.39808 -0 0.473165 0.701542
0.167246 -1.59124 -0 0.456975 0.657314
0.0732703 -1.39808 -0 0.473165 0.701542
0.0837375 -1.59781 -0 0.472484 0.656834
0.167246 -1.59124 -0 0.456975 0.657314
0.167246 -1.59124 -0 0.456975 0.657314
0.0837375 -1.59781 -0 0.472484 0.656834
0.188151 -1.79014 -0 0.455865 0.618597
0.0837375 -1.59781 -0 0.472484 0.656834
0.0942047 -1.79753 -0 0.471989 0.61815
0.188151 -1.79014 -0 0.455865 0.618597
0.188151 -1.79014 -0 0.455865 0.618597
0.0942047 -1.79753 -0 0.471989 0.61815
0.209057 -1.98904 -0 0.455023 0.585101
0.0942047 -1.79753 -0 0.471989 0.61815
0.104672 -1.99726 -0 0.47163 0.584688
0.209057 -1.98904 -0 0.455023 0.585101
0.209057 -1.98904 -0 0.455023 0.585101
0.104672 -1.99726 -0 0.47163 0.584688
0.229963 -2.18795 -0 0.454379 0.55605
0.104672 -1.99726 -0 0.47163 0.584688
0.115139 -2.19699 -0 0.471369 0.55567
0.229963 -2.18795 -0 0.454379 0.55605
0.229963 -2.18795 -0 0.454379 0.55605
0.115139 -2.19699 -0 0.471369 0.55567
0.272209 -2.5899 0.04 0.45338 0.500986
0.115139 -2.19699 -0 0.471369 0.55567
0.136291 -2.60059 0.04 0.471056 0.500677
0.272209 -2.5899 0.04 0.45338 0.500986
0.272209 -2.5899 0.04 0.45338 0.500986
0.136291 -2.60059 0.04 0.471056 0.500677
0.293115 -2.7888 0.16 0.452836 0.460691
0.136291 -2.60059 0.04 0.471056 0.500677
0.146759 -2.80032 0.16 0.471048 0.460437
0.293115 -2.7888 0.16 0.452836 0.460691
0.293115 -2.7888 0.16 0.452836 0.460691
0.146759 -2.80032 0.16 0.471048 0.460437
0.314021 -2.98771 0.36 0.45237 0.409728
0.146759 -2.80032 0.16 0.471048 0.460437
0.157226 -3.00005 0.36 0.471214 0.409546
0.314021 -2.98771 0.36 0.45237 0.409728
0.314021 -2.98771 0.36 0.45237 0.409728
0.157226 -3.00005 0.36 0.471214 0.409546
0.334926 -3.18661 0.64 0.452142 0.348646
0.157226 -3.00005 0.36 0.471214 0.409546
0.167693 -3.19977 0.64 0.471641 0.348552
0.334926 -3.18661 0.64 0.452142 0.348646
0.334926 -3.18661 0.64 0.452142 0.348646
0.167693 -3.19977 0.64 0.471641 0.348552
0.355832 -3.38551 1 0.452344 0.278836
0.167693 -3.19977 0.64 0.471641 0.348552
0.17816 -3.3995 1 0.472424 0.278848
0.355832 -3.38551 1 0.452344 0.278836
0.355832 -3.38551 1 0.452344 0.278836
0.17816 -3.3995 1 0.472424 0.278848
0.376738 -3.58442 1.44 0.453161 0.203012
0.17816 -3.3995 1 0.472424 0.278848
0.188627 -3.59922 1.44 0.473642 0.203144
0.376738 -3.58442 1.44 0.453161 0.203012
0.376738 -3.58442 1.44 0.453161 0.203012
0.188627 -3.59922 1.44 0.473642 0.203144
0.397643 -3.78332 1.96 0.454705 0.1251
0.188627 -3.59922 1.44 0.473642 0.203144
0.199095 -3.79895 1.96 0.475319 0.12536
0.397643 -3.78332 1.96 0.454705 0.1251
0.125148 -0.790151 -0 0.455701 0.878547
0.0836228 -0.795618 -0 0.466374 0.877496
0.156434 -0.987688 -0 0.450651 0.813214
0.0836228 -0.795618 -0 0.466374 0.877496
0.104528 -0.994522 -0 0.462995 0.812084
0.156434 -0.987688 -0 0.450651 0.813214
0.156434 -0.987688 -0 0.450651 0.813214
0.104528 -0.994522 -0 0.462995 0.812084
0.187721 -1.18523 -0 0.446747 0.754687
0.104528 -0.994522 -0 0.462995 0.812084
0.125434 -1.19343 -0 0.460405 0.753517
0.187721 -1.18523 -0 0.446747 0.754687
0.187721 -1.18523 -0 0.446747 0.754687
0.125434 -1.19343 -0 0.460405 0.753517
0.219008 -1.38276 -0 0.443767 0.703237
0.125434 -1.19343 -0 0.460405 0.753517
0.14634 -1.39233 -0 0.458448 0.702053
0.219008 -1.38276 -0 0.443767 0.703237
0.219008 -1.38276 -0 0.443767 0.703237
0.14634 -1.39233 -0 0.458448 0.702053
0.250295 -1.5803 -0 0.4415 0.658491
0.14634 -1.39233 -0 0.458448 0.702053
0.167246 -1.59124 -0 0.456975 0.657314
0.250295 -1.5803 -0 0.4415 0.658491
0.250295 -1.5803 -0 0.4415 0.658491
0.167246 -1.59124 -0 0.456975 0.657314
0.281582 -1.77784 -0 0.439771 0.619756
0.167246 -1.59124 -0 0.456975 0.657314
0.188151 -1.79014 -0 0.455865 0.618597
0.281582 -1.77784 -0 0.439771 0.619756
0.281582 -1.77784 -0 0.439771 0.619756
0.188151 -1.79014 -0 0.455865 0.618597
0.312869 -1.97538 -0 0.438443 0.586234
0.188151 -1.79014 -0 0.455865 0.618597
0.209057 -1.98904 -0 0.455023 0.585101
0.312869 -1.97538 -0 0.438443 0.586234
0.312869 -1.97538 -0 0.438443 0.586234
0.209057 -1.98904 -0 0.455023 0.585101
0.344156 -2.17291 -0 0.437415 0.557153
0.209057 -1.98904 -0 0.455023 0.585101
0.229963 -2.18795 -0 0.454379 0.55605
0.344156 -2.17291 -0 0.437415 0.557153
0.344156 -2.17291 -0 0.437415 0.557153
0.229963 -2.18795 -0 0.454379 0.55605
0.407381 -2.5721 0.04 0.435726 0.502021
0.229963 -2.18795 -0 0.454379 0.55605
0.272209 -2.5899 0.04 0.45338 0.500986
0.407381 -2.5721 0.04 0.435726 0.502021
0.407381 -2.5721 0.04 0.435726 0.502021
0.272209 -2.5899 0.04 0.45338 0.500986
0.438668 -2.76964 0.16 0.434646 0.461671
0.272209 -2.5899 0.04 0.45338 0.500986
0.293115 -2.7888 0.16 0.452836 0.460691
0.438668 -2.76964 0.16 0.434646 0.461671
0.438668 -2.76964 0.16 0.434646 0.461671
0.293115 -2.7888 0.16 0.452836 0.460691
0.469955 -2.96718 0.36 0.433544 0.410631
0.293115 -2.7888 0.16 0.452836 0.460691
0.314021 -2.98771 0.36 0.45237 0.409728
0.469955 -2.96718 0.36 0.433544 0.410631
0.469955 -2.96718 0.36 0.433544 0.410631
0.314021 -2.98771 0.36 0.45237 0.409728
0.501242 -3.16471 0.64 0.432661 0.349448
0.314021 -2.98771 0.36 0.45237 0.409728
0.334926 -3.18661 0.64 0.452142 0.348646
0.501242 -3.16471 0.64 0.432661 0.349448
0.501242 -3.16471 0.64 0.432661 0.349448
0.334926 -3.18661 0.64 0.452142 0.348646
0.532528 -3.36225 1 0.432284 0.279512
0.334926 -3.18661 0.64 0.452142 0.348646
0.355832 -3.38551 1 0.452344 0.278836
0.532528 -3.36225 1 0.432284 0.279512
0.532528 -3.36225 1 0.432284 0.279512
0.355832 -3.38551 1 0.452344 0.278836
0.563815 -3.55979 1.44 0.432702 0.203539
0.355832 -3.38551 1 0.452344 0.278836
0.376738 -3.58442 1.44 0.453161 0.203012
0.563815 -3.55979 1.44 0.432702 0.203539
0.563815 -3.55979 1.44 0.432702 0.203539
0.376738 -3.58442 1.44 0.453161 0.203012
0.595102 -3.75733 1.96 0.43411 0.125446
0.376738 -3.58442 1.44 0.453161 0.203012
0.397643 -3.78332 1.96 0.454705 0.1251
0.595102 -3.75733 1.96 0.43411 0.125446
0.166329 -0.782518 -0 0.445088 0.880114
0.125148 -0.790151 -0 0.455701 0.878547
0.207912 -0.978148 -0 0.438371 0.814928
0.125148 -0.790151 -0 0.455701 0.878547
0.156434 -0.987688 -0 0.450651 0.813214
0.207912 -0.978148 -0 0.438371 0.814928
0.207912 -0.978148 -0 0.438371 0.814928
0.156434 -0.987688 -0 0.450651 0.813214
0.249494 -1.17378 -0 0.433153 0.756494
0.156434 -0.987688 -0 0.450651 0.813214
0.187721 -1.18523 -0 0.446747 0.754687
0.249494 -1.17378 -0 0.433153 0.756494
0.249494 -1.17378 -0 0.433153 0.756494
0.187721 -1.18523 -0 0.446747 0.754687
0.291076 -1.36941 -0 0.429147 0.705093
0.187721 -1.18523 -0 0.446747 0.754687
0.219008 -1.38276 -0 0.443767 0.703237
0.291076 -1.36941 -0 0.429147 0.705093
0.291076 -1.36941 -0 0.429147 0.705093
0.219008 -1.38276 -0 0.443767 0.703237
0.332659 -1.56504 -0 0.426083 0.660366
0.219008 -1.38276 -0 0.443767 0.703237
0.250295 -1.5803 -0 0.4415 0.658491
0.332659 -1.56504 -0 0.426083 0.660366
0.332659 -1.56504 -0 0.426083 0.660366
0.250295 -1.5803 -0 0.4415 0.658491
0.374241 -1.76067 -0 0.423731 0.621628
0.250295 -1.5803 -0 0.4415 0.658491
0.281582 -1.77784 -0 0.439771 0.619756
0.374241 -1.76067 -0 0.423731 0.621628
0.374241 -1.76067 -0 0.423731 0.621628
0.281582 -1.77784 -0 0.439771 0.619756
0.415823 -1.9563 -0 0.421914 0.588089
0.281582 -1.77784 -0 0.439771 0.619756
0.312869 -1.97538 -0 0.438443 0.586234
0.415823 -1.9563 -0 0.421914 0.588089
0.415823 -1.9563 -0 0.421914 0.588089
0.312869 -1.97538 -0 0.438443 0.586234
0.457406 -2.15192 -0 0.420499 0.558983
0.312869 -1.97538 -0 0.438443 0.586234
0.344156 -2.17291 -0 0.437415 0.557153
0.457406 -2.15192 -0 0.420499 0.558983
0.457406 -2.15192 -0 0.420499 0.558983
0.344156 -2.17291 -0 0.437415 0.557153
0.541436 -2.54726 0.04 0.418117 0.503784
0.344156 -2.17291 -0 0.437415 0.557153
0.407381 -2.5721 0.04 0.435726 0.502021
0.541436 -2.54726 0.04 0.418117 0.503784
0.541436 -2.54726 0.04 0.418117 0.503784
0.407381 -2.5721 0.04 0.435726 0.502021
0.583018 -2.74289 0.16 0.416496 0.463379
0.407381 -2.5721 0.04 0.435726 0.502021
0.438668 -2.76964 0.16 0.434646 0.461671
0.583018 -2.74289 0.16 0.416496 0.463379
0.583018 -2.74289 0.16 0.416496 0.463379
0.438668 -2.76964 0.16 0.434646 0.461671
0.624601 -2.93851 0.36 0.414758 0.412259
0.438668 -2.76964 0.16 0.434646 0.461671
0.469955 -2.96718 0.36 0.433544 0.410631
0.624601 -2.93851 0.36 0.414758 0.412259
0.624601 -2.93851 0.36 0.414758 0.412259
0.469955 -2.96718 0.36 0.433544 0.410631
0.666183 -3.13414 0.64 0.41322 0.350965
0.469955 -2.96718 0.36 0.433544 0.410631
0.501242 -3.16471 0.64 0.432661 0.349448
0.666183 -3.13414 0.64 0.41322 0.350965
0.666183 -3.13414 0.64 0.41322 0.350965
0.501242 -3.16471 0.64 0.432661 0.349448
0.707765 -3.32977 1 0.412263 0.280885
0.501242 -3.16471 0.64 0.432661 0.349448
0.532528 -3.36225 1 0.432284 0.279512
0.707765 -3.32977 1 0.412263 0.280885
0.707765 -3.32977 1 0.412263 0.280885
0.532528 -3.36225 1 0.432284 0.279512
0.749348 -3.5254 1.44 0.412281 0.204724
0.532528 -3.36225 1 0.432284 0.279512
0.563815 -3.55979 1.44 0.432702 0.203539
0.749348 -3.5254 1.44 0.412281 0.204724
0.749348 -3.5254 1.44 0.412281 0.204724
0.563815 -3.55979 1.44 0.432702 0.203539
0.79093 -3.72103 1.96 0.413553 0.126401
0.563815 -3.55979 1.44 0.432702 0.203539
0.595102 -3.75733 1.96 0.43411 0.125446
0.79093 -3.72103 1.96 0.413553 0.126401
0.207055 -0.772741 -0 0.43456 0.882195
0.166329 -0.782518 -0 0.445088 0.880114
0.258819 -0.965926 -0 0.42618 0.817227
0.166329 -0.782518 -0 0.445088 0.880114
0.207912 -0.978148 -0 0.438371 0.814928
0.258819 -0.965926 -0 0.42618 0.817227
0.258819 -0.965926 -0 0.42618 0.817227
0.207912 -0.978148 -0 0.438371 0.814928
0.310583 -1.15911 -0 0.419649 0.758936
0.207912 -0.978148 -0 0.438371 0.814928
0.249494 -1.17378 -0 0.433153 0.756494
0.310583 -1.15911 -0 0.419649 0.758936
0.310583 -1.15911 -0 0.419649 0.758936
0.249494 -1.17378 -0 0.433153 0.756494
0.362347 -1.3523 -0 0.414616 0.707621
0.249494 -1.17378 -0 0.433153 0.756494
0.291076 -1.36941 -0 0.429147 0.705093
0.362347 -1.3523 -0 0.414616 0.707621
0.362347 -1.3523 -0 0.414616 0.707621
0.291076 -1.36941 -0 0.429147 0.705093
0.41411 -1.54548 -0 0.410751 0.662938
0.291076 -1.36941 -0 0.429147 0.705093
0.332659 -1.56504 -0 0.426083 0.660366
0.41411 -1.54548 -0 0.410751 0.662938
0.41411 -1.54548 -0 0.410751 0.662938
0.332659 -1.56504 -0 0.426083 0.660366
0.465874 -1.73867 -0 0.407773 0.624213
0.332659 -1.56504 -0 0.426083 0.660366
0.374241 -1.76067 -0 0.423731 0.621628
0.465874 -1.73867 -0 0.407773 0.624213
0.465874 -1.73867 -0 0.407773 0.624213
0.374241 -1.76067 -0 0.423731 0.621628
0.517638 -1.93185 -0 0.405464 0.590667
0.374241 -1.76067 -0 0.423731 0.621628
0.415823 -1.9563 -0 0.421914 0.588089
0.517638 -1.93185 -0 0.405464 0.590667
0.517638 -1.93185 -0 0.405464 0.590667
0.415823 -1.9563 -0 0.421914 0.588089
0.569402 -2.12504 -0 0.403656 0.561541
0.415823 -1.9563 -0 0.421914 0.588089
0.457406 -2.15192 -0 0.420499 0.558983
0.569402 -2.12504 -0 0.403656 0.561541
0.569402 -2.12504 -0 0.403656 0.561541
0.457406 -2.15192 -0 0.420499 0.558983
0.674007 -2.51543 0.04 0.400575 0.506279
0.457406 -2.15192 -0 0.420499 0.558983
0.541436 -2.54726 0.04 0.418117 0.503784
0.674007 -2.51543 0.04 0.400575 0.506279
0.674007 -2.51543 0.04 0.400575 0.506279
0.541436 -2.54726 0.04 0.418117 0.503784
0.725771 -2.70861 0.16 0.398411 0.465821
0.541436 -2.54726 0.04 0.418117 0.503784
0.583018 -2.74289 0.16 0.416496 0.463379
0.725771 -2.70861 0.16 0.398411 0.465821
0.725771 -2.70861 0.16 0.398411 0.465821
0.583018 -2.74289 0.16 0.416496 0.463379
0.777535 -2.9018 0.36 0.396035 0.414618
0.583018 -2.74289 0.16 0.416496 0.463379
0.624601 -2.93851 0.36 0.414758 0.412259
0.777535 -2.9018 0.36 0.396035 0.414618
0.777535 -2.9018 0.36 0.396035 0.414618
0.624601 -2.93851 0.36 0.414758 0.412259
0.829298 -3.09498 0.64 0.393839 0.353203
0.624601 -2.93851 0.36 0.414758 0.412259
0.666183 -3.13414 0.64 0.41322 0.350965
0.829298 -3.09498 0.64 0.393839 0.353203
0.829298 -3.09498 0.64 0.393839 0.353203
0.666183 -3.13414 0.64 0.41322 0.350965
0.881062 -3.28817 1 0.392303 0.282957
0.666183 -3.13414 0.64 0.41322 0.350965
0.707765 -3.32977 1 0.412263 0.280885
0.881062 -3.28817 1 0.392303 0.282957
0.881062 -3.28817 1 0.392303 0.282957
0.707765 -3.32977 1 0.412263 0.280885
0.932826 -3.48135 1.44 0.391919 0.206575
0.707765 -3.32977 1 0.412263 0.280885
0.749348 -3.5254 1.44 0.412281 0.204724
0.932826 -3.48135 1.44 0.391919 0.206575
0.932826 -3.48135 1.44 0.391919 0.206575
0.749348 -3.5254 1.44 0.412281 0.204724
0.98459 -3.67454 1.96 0.393051 0.127968
0.749348 -3.5254 1.44 0.412281 0.204724
0.79093 -3.72103 1.96 0.413553 0.126401
0.98459 -3.67454 1.96 0.393051 0.127968
0.247214 -0.760845 -0 0.424139 0.884791
0.207055 -0.772741 -0 0.43456 0.882195
0.309017 -0.951057 -0 0.414104 0.820108
0.207055 -0.772741 -0 0.43456 0.882195
0.258819 -0.965926 -0 0.42618 0.817227
0.309017 -0.951057 -0 0.414104 0.820108
0.309017 -0.951057 -0 0.414104 0.820108
0.258819 -0.965926 -0 0.42618 0.817227
0.37082 -1.14127 -0 0.406261 0.762013
0.258819 -0.965926 -0 0.42618 0.817227
0.310583 -1.15911 -0 0.419649 0.758936
0.37082 -1.14127 -0 0.406261 0.762013
0.37082 -1.14127 -0 0.406261 0.762013
0.310583 -1.15911 -0 0.419649 0.758936
0.432624 -1.33148 -0 0.4002 0.710821
0.310583 -1.15911 -0 0.419649 0.758936
0.362347 -1.3523 -0 0.414616 0.707621
0.432624 -1.33148 -0 0.4002 0.710821
0.432624 -1.33148 -0 0.4002 0.710821
0.362347 -1.3523 -0 0.414616 0.707621
0.494427 -1.52169 -0 0.395531 0.666207
0.362347 -1.3523 -0 0.414616 0.707621
0.41411 -1.54548 -0 0.410751 0.662938
0.494427 -1.52169 -0 0.395531 0.666207
0.494427 -1.52169 -0 0.395531 0.666207
0.41411 -1.54548 -0 0.410751 0.662938
0.556231 -1.7119 -0 0.391922 0.627512
0.41411 -1.54548 -0 0.410751 0.662938
0.465874 -1.73867 -0 0.407773 0.624213
0.556231 -1.7119 -0 0.391922 0.627512
0.556231 -1.7119 -0 0.391922 0.627512
0.465874 -1.73867 -0 0.407773 0.624213
0.618034 -1.90211 -0 0.389115 0.593969
0.465874 -1.73867 -0 0.407773 0.624213
0.517638 -1.93185 -0 0.405464 0.590667
0.618034 -1.90211 -0 0.389115 0.593969
0.618034 -1.90211 -0 0.389115 0.593969
0.517638 -1.93185 -0 0.405464 0.590667
0.679837 -2.09232 -0 0.386914 0.56483
0.517638 -1.93185 -0 0.405464 0.590667
0.569402 -2.12504 -0 0.403656 0.561541
0.679837 -2.09232 -0 0.386914 0.56483
0.679837 -2.09232 -0 0.386914 0.56483
0.569402 -2.12504 -0 0.403656 0.561541
0.804731 -2.47671 0.04 0.383125 0.50951
0.569402 -2.12504 -0 0.403656 0.561541
0.674007 -2.51543 0.04 0.400575 0.506279
0.804731 -2.47671 0.04 0.383125 0.50951
0.804731 -2.47671 0.04 0.383125 0.50951
0.674007 -2.51543 0.04 0.400575 0.506279
0.866534 -2.66692 0.16 0.380416 0.469001
0.674007 -2.51543 0.04 0.400575 0.506279
0.725771 -2.70861 0.16 0.398411 0.465821
0.866534 -2.66692 0.16 0.380416 0.469001
0.866534 -2.66692 0.16 0.380416 0.469001
0.725771 -2.70861 0.16 0.398411 0.465821
0.928337 -2.85713 0.36 0.377398 0.417715
0.725771 -2.70861 0.16 0.398411 0.465821
0.777535 -2.9018 0.36 0.396035 0.414618
0.928337 -2.85713 0.36 0.377398 0.417715
0.928337 -2.85713 0.36 0.377398 0.417715
0.777535 -2.9018 0.36 0.396035 0.414618
0.990141 -3.04734 0.64 0.374544 0.35617
0.777535 -2.9018 0.36 0.396035 0.414618
0.829298 -3.09498 0.64 0.393839 0.353203
0.990141 -3.04734 0.64 0.374544 0.35617
0.990141 -3.04734 0.64 0.374544 0.35617
0.829298 -3.09498 0.64 0.393839 0.353203
1.05194 -3.23755 1 0.372425 0.285737
0.829298 -3.09498 0.64 0.393839 0.353203
0.881062 -3.28817 1 0.392303 0.282957
1.05194 -3.23755 1 0.372425 0.285737
1.05194 -3.23755 1 0.372425 0.285737
0.881062 -3.28817 1 0.392303 0.282957
1.11375 -3.42776 1.44 0.371636 0.209097
0.881062 -3.28817 1 0.392303 0.282957
0.932826 -3.48135 1.44 0.391919 0.206575
1.11375 -3.42776 1.44 0.371636 0.209097
1.11375 -3.42776 1.44 0.371636 0.209097
0.932826 -3.48135 1.44 0.391919 0.206575
1.17555 -3.61797 1.96 0.372622 0.130148
0.932826 -3.48135 1.44 0.391919 0.206575
0.98459 -3.67454 1.96 0.393051 0.127968
1.17555 -3.61797 1.96 0.372622 0.130148
0.286694 -0.746864 -0 0.413848 0.887898
0.247214 -0.760845 -0 0.424139 0.884791
0.358368 -0.93358 -0 0.402168 0.823571
0.247214 -0.760845 -0 0.424139 0.884791
0.309017 -0.951057 -0 0.414104 0.820108
0.358368 -0.93358 -0 0.402168 0.823571
0.358368 -0.93358 -0 0.402168 0.823571
0.309017 -0.951057 -0 0.414104 0.820108
0.430042 -1.1203 -0 0.393017 0.765723
0.309017 -0.951057 -0 0.414104 0.820108
0.37082 -1.14127 -0 0.406261 0.762013
0.430042 -1.1203 -0 0.393017 0.765723
0.430042 -1.1203 -0 0.393017 0.765723
0.37082 -1.14127 -0 0.406261 0.762013
0.501715 -1.30701 -0 0.385927 0.714692
0.37082 -1.14127 -0 0.406261 0.762013
0.432624 -1.33148 -0 0.4002 0.710821
0.501715 -1.30701 -0 0.385927 0.714692
0.501715 -1.30701 -0 0.385927 0.714692
0.432624 -1.33148 -0 0.4002 0.710821
0.573389 -1.49373 -0 0.380451 0.670172
0.432624 -1.33148 -0 0.4002 0.710821
0.494427 -1.52169 -0 0.395531 0.666207
0.573389 -1.49373 -0 0.380451 0.670172
0.573389 -1.49373 -0 0.380451 0.670172
0.494427 -1.52169 -0 0.395531 0.666207
0.645062 -1.68044 -0 0.376208 0.631524
0.494427 -1.52169 -0 0.395531 0.666207
0.556231 -1.7119 -0 0.391922 0.627512
0.645062 -1.68044 -0 0.376208 0.631524
0.645062 -1.68044 -0 0.376208 0.631524
0.556231 -1.7119 -0 0.391922 0.627512
0.716736 -1.86716 -0 0.3729 0.597996
0.556231 -1.7119 -0 0.391922 0.627512
0.618034 -1.90211 -0 0.389115 0.593969
0.716736 -1.86716 -0 0.3729 0.597996
0.716736 -1.86716 -0 0.3729 0.597996
0.618034 -1.90211 -0 0.389115 0.593969
0.788409 -2.05388 -0 0.370298 0.568849
0.618034 -1.90211 -0 0.389115 0.593969
0.679837 -2.09232 -0 0.386914 0.56483
0.788409 -2.05388 -0 0.370298 0.568849
0.788409 -2.05388 -0 0.370298 0.568849
0.679837 -2.09232 -0 0.386914 0.56483
0.933249 -2.4312 0.04 0.365794 0.51348
0.679837 -2.09232 -0 0.386914 0.56483
0.804731 -2.47671 0.04 0.383125 0.50951
0.933249 -2.4312 0.04 0.365794 0.51348
0.933249 -2.4312 0.04 0.365794 0.51348
0.804731 -2.47671 0.04 0.383125 0.50951
1.00492 -2.61791 0.16 0.362536 0.472924
0.804731 -2.47671 0.04 0.383125 0.50951
0.866534 -2.66692 0.16 0.380416 0.469001
1.00492 -2.61791 0.16 0.362536 0.472924
1.00492 -2.61791 0.16 0.362536 0.472924
0.866534 -2.66692 0.16 0.380416 0.469001
1.0766 -2.80463 0.36 0.358873 0.421554
0.866534 -2.66692 0.16 0.380416 0.469001
0.928337 -2.85713 0.36 0.377398 0.417715
1.0766 -2.80463 0.36 0.358873 0.421554
1.0766 -2.80463 0.36 0.358873 0.421554
0.928337 -2.85713 0.36 0.377398 0.417715
1.14827 -2.99134 0.64 0.355357 0.359871
0.928337 -2.85713 0.36 0.377398 0.417715
0.990141 -3.04734 0.64 0.374544 0.35617
1.14827 -2.99134 0.64 0.355357 0.359871
1.14827 -2.99134 0.64 0.355357 0.359871
0.990141 -3.04734 0.64 0.374544 0.35617
1.21994 -3.17806 1 0.352651 0.289229
0.990141 -3.04734 0.64 0.374544 0.35617
1.05194 -3.23755 1 0.372425 0.285737
1.21994 -3.17806 1 0.352651 0.289229
1.21994 -3.17806 1 0.352651 0.289229
1.05194 -3.23755 1 0.372425 0.285737
1.29162 -3.36478 1.44 0.351451 0.212291
1.05194 -3.23755 1 0.372425 0.285737
1.11375 -3.42776 1.44 0.371636 0.209097
1.29162 -3.36478 1.44 0.351451 0.212291
1.29162 -3.36478 1.44 0.351451 0.212291
1.11375 -3.42776 1.44 0.371636 0.209097
1.36329 -3.55149 1.96 0.352282 0.132944
1.11375 -3.42776 1.44 0.371636 0.209097
1.17555 -3.61797 1.96 0.372622 0.130148
1.36329 -3.55149 1.96 0.352282 0.132944
0.325389 -0.730836 -0 0.403709 0.891514
0.286694 -0.746864 -0 0.413848 0.887898
0.406737 -0.913545 -0 0.390397 0.827612
0.286694 -0.746864 -0 0.413848 0.887898
0.358368 -0.93358 -0 0.402168 0.823571
0.406737 -0.913545 -0 0.390397 0.827612
0.406737 -0.913545 -0 0.390397 0.827612
0.358368 -0.93358 -0 0.402168 0.823571
0.488084 -1.09625 -0 0.379943 0.770063
0.358368 -0.93358 -0 0.402168 0.823571
0.430042 -1.1203 -0 0.393017 0.765723
0.488084 -1.09625 -0 0.379943 0.770063
0.488084 -1.09625 -0 0.379943 0.770063
0.430042 -1.1203 -0 0.393017 0.765723
0.569431 -1.27896 -0 0.371825 0.71923
0.430042 -1.1203 -0 0.393017 0.765723
0.501715 -1.30701 -0 0.385927 0.714692
0.569431 -1.27896 -0 0.371825 0.71923
0.569431 -1.27896 -0 0.371825 0.71923
0.501715 -1.30701 -0 0.385927 0.714692
0.650779 -1.46167 -0 0.36554 0.674832
0.501715 -1.30701 -0 0.385927 0.714692
0.573389 -1.49373 -0 0.380451 0.670172
0.650779 -1.46167 -0 0.36554 0.674832
0.650779 -1.46167 -0 0.36554 0.674832
0.573389 -1.49373 -0 0.380451 0.670172
0.732126 -1.64438 -0 0.360659 0.636248
0.573389 -1.49373 -0 0.380451 0.670172
0.645062 -1.68044 -0 0.376208 0.631524
0.732126 -1.64438 -0 0.360659 0.636248
0.732126 -1.64438 -0 0.360659 0.636248
0.645062 -1.68044 -0 0.376208 0.631524
0.813473 -1.82709 -0 0.356844 0.602747
0.645062 -1.68044 -0 0.376208 0.631524
0.716736 -1.86716 -0 0.3729 0.597996
0.813473 -1.82709 -0 0.356844 0.602747
0.813473 -1.82709 -0 0.356844 0.602747
0.716736 -1.86716 -0 0.3729 0.597996
0.894821 -2.0098 -0 0.353839 0.573601
0.716736 -1.86716 -0 0.3729 0.597996
0.788409 -2.05388 -0 0.370298 0.568849
0.894821 -2.0098 -0 0.353839 0.573601
0.894821 -2.0098 -0 0.353839 0.573601
0.788409 -2.05388 -0 0.370298 0.568849
1.05921 -2.37902 0.04 0.34861 0.518192
0.788409 -2.05388 -0 0.370298 0.568849
0.933249 -2.4312 0.04 0.365794 0.51348
1.05921 -2.37902 0.04 0.34861 0.518192
1.05921 -2.37902 0.04 0.34861 0.518192
0.933249 -2.4312 0.04 0.365794 0.51348
1.14056 -2.56173 0.16 0.344799 0.477594
0.933249 -2.4312 0.04 0.365794 0.51348
1.00492 -2.61791 0.16 0.362536 0.472924
1.14056 -2.56173 0.16 0.344799 0.477594
1.14056 -2.56173 0.16 0.344799 0.477594
1.00492 -2.61791 0.16 0.362536 0.472924
1.2219 -2.74444 0.36 0.340486 0.42614
1.00492 -2.61791 0.16 0.362536 0.472924
1.0766 -2.80463 0.36 0.358873 0.421554
1.2219 -2.74444 0.36 0.340486 0.42614
1.2219 -2.74444 0.36 0.340486 0.42614
1.0766 -2.80463 0.36 0.358873 0.421554
1.30325 -2.92715 0.64 0.336304 0.364312
1.0766 -2.80463 0.36 0.358873 0.421554
1.14827 -2.99134 0.64 0.355357 0.359871
1.30325 -2.92715 0.64 0.336304 0.364312
1.30325 -2.92715 0.64 0.336304 0.364312
1.14827 -2.99134 0.64 0.355357 0.359871
1.3846 -3.10986 1 0.333005 0.293439
1.14827 -2.99134 0.64 0.355357 0.359871
1.21994 -3.17806 1 0.352651 0.289229
1.3846 -3.10986 1 0.333005 0.293439
1.3846 -3.10986 1 0.333005 0.293439
1.21994 -3.17806 1 0.352651 0.289229
1.46595 -3.29257 1.44 0.331385 0.216164
1.21994 -3.17806 1 0.352651 0.289229
1.29162 -3.36478 1.44 0.351451 0.212291
1.46595 -3.29257 1.44 0.331385 0.216164
1.46595 -3.29257 1.44 0.331385 0.216164
1.29162 -3.36478 1.44 0.351451 0.212291
1.54729 -3.47528 1.96 0.332049 0.136358
1.29162 -3.36478 1.44 0.351451 0.212291
1.36329 -3.55149 1.96 0.352282 0.132944
1.54729 -3.47528 1.96 0.332049 0.136358
0.363192 -0.712805 -0 0.393745 0.895638
0.325389 -0.730836 -0 0.403709 0.891514
0.453991 -0.891007 -0 0.378815 0.83223
0.325389 -0.730836 -0 0.403709 0.891514
0.406737 -0.913545 -0 0.390397 0.827612
0.453991 -0.891007 -0 0.378815 0.83223
0.453991 -0.891007 -0 0.378815 0.83223
0.406737 -0.913545 -0 0.390397 0.827612
0.544789 -1.06921 -0 0.367067 0.775031
0.406737 -0.913545 -0 0.390397 0.827612
0.488084 -1.09625 -0 0.379943 0.770063
0.544789 -1.06921 -0 0.367067 0.775031
0.544789 -1.06921 -0 0.367067 0.775031
0.488084 -1.09625 -0 0.379943 0.770063
0.635587 -1.24741 -0 0.357923 0.724434
0.488084 -1.09625 -0 0.379943 0.770063
0.569431 -1.27896 -0 0.371825 0.71923
0.635587 -1.24741 -0 0.357923 0.724434
0.635587 -1.24741 -0 0.357923 0.724434
0.569431 -1.27896 -0 0.371825 0.71923
0.726385 -1.42561 -0 0.350826 0.680185
0.569431 -1.27896 -0 0.371825 0.71923
0.650779 -1.46167 -0 0.36554 0.674832
0.726385 -1.42561 -0 0.350826 0.680185
0.726385 -1.42561 -0 0.350826 0.680185
0.650779 -1.46167 -0 0.36554 0.674832
0.817183 -1.60381 -0 0.345303 0.641686
0.650779 -1.46167 -0 0.36554 0.674832
0.732126 -1.64438 -0 0.360659 0.636248
0.817183 -1.60381 -0 0.345303 0.641686
0.817183 -1.60381 -0 0.345303 0.641686
0.732126 -1.64438 -0 0.360659 0.636248
0.907981 -1.78201 -0 0.340978 0.608224
0.732126 -1.64438 -0 0.360659 0.636248
0.813473 -1.82709 -0 0.356844 0.602747
0.907981 -1.78201 -0 0.340978 0.608224
0.907981 -1.78201 -0 0.340978 0.608224
0.813473 -1.82709 -0 0.356844 0.602747
0.998779 -1.96021 -0 0.337562 0.579088
0.813473 -1.82709 -0 0.356844 0.602747
0.894821 -2.0098 -0 0.353839 0.573601
0.998779 -1.96021 -0 0.337562 0.579088
0.998779 -1.96021 -0 0.337562 0.579088
0.894821 -2.0098 -0 0.353839 0.573601
1.18227 -2.32033 0.04 0.331601 0.523649
0.894821 -2.0098 -0 0.353839 0.573601
1.05921 -2.37902 0.04 0.34861 0.518192
1.18227 -2.32033 0.04 0.331601 0.523649
1.18227 -2.32033 0.04 0.331601 0.523649
1.05921 -2.37902 0.04 0.34861 0.518192
1.27306 -2.49853 0.16 0.327232 0.483014
1.05921 -2.37902 0.04 0.34861 0.518192
1.14056 -2.56173 0.16 0.344799 0.477594
1.27306 -2.49853 0.16 0.327232 0.483014
1.27306 -2.49853 0.16 0.327232 0.483014
1.14056 -2.56173 0.16 0.344799 0.477594
1.36386 -2.67673 0.36 0.322266 0.43148
1.14056 -2.56173 0.16 0.344799 0.477594
1.2219 -2.74444 0.36 0.340486 0.42614
1.36386 -2.67673 0.36 0.322266 0.43148
1.36386 -2.67673 0.36 0.322266 0.43148
1.2219 -2.74444 0.36 0.340486 0.42614
1.45466 -2.85493 0.64 0.317409 0.369499
1.2219 -2.74444 0.36 0.340486 0.42614
1.30325 -2.92715 0.64 0.336304 0.364312
1.45466 -2.85493 0.64 0.317409 0.369499
1.45466 -2.85493 0.64 0.317409 0.369499
1.30325 -2.92715 0.64 0.336304 0.364312
1.54546 -3.03313 1 0.313509 0.298373
1.30325 -2.92715 0.64 0.336304 0.364312
1.3846 -3.10986 1 0.333005 0.293439
1.54546 -3.03313 1 0.313509 0.298373
1.54546 -3.03313 1 0.313509 0.298373
1.3846 -3.10986 1 0.333005 0.293439
1.63626 -3.21133 1.44 0.311457 0.22072
1.3846 -3.10986 1 0.333005 0.293439
1.46595 -3.29257 1.44 0.331385 0.216164
1.63626 -3.21133 1.44 0.311457 0.22072
1.63626 -3.21133 1.44 0.311457 0.22072
1.46595 -3.29257 1.44 0.331385 0.216164
1.72705 -3.38953 1.96 0.311938 0.140392
1.46595 -3.29257 1.44 0.331385 0.216164
1.54729 -3.47528 1.96 0.332049 0.136358
1.72705 -3.38953 1.96 0.311938 0.140392
