0.286694 0.746864 -0 0.581346 0.920127
0.325389 0.730836 -0 0.59129 0.923696
0.358368 0.93358 -0 0.59431 0.856182
0.325389 0.730836 -0 0.59129 0.923696
0.406737 0.913545 -0 0.605933 0.860187
0.358368 0.93358 -0 0.59431 0.856182
0.358368 0.93358 -0 0.59431 0.856182
0.406737 0.913545 -0 0.605933 0.860187
0.430042 1.1203 -0 0.604526 0.797475
0.406737 0.913545 -0 0.605933 0.860187
0.488084 1.09625 -0 0.617504 0.801786
0.430042 1.1203 -0 0.604526 0.797475
0.430042 1.1203 -0 0.604526 0.797475
0.488084 1.09625 -0 0.617504 0.801786
0.501715 1.30701 -0 0.612448 0.744781
0.488084 1.09625 -0 0.617504 0.801786
0.569431 1.27896 -0 0.626507 0.749294
0.501715 1.30701 -0 0.612448 0.744781
0.501715 1.30701 -0 0.612448 0.744781
0.569431 1.27896 -0 0.626507 0.749294
0.573389 1.49373 -0 0.618544 0.69816
0.569431 1.27896 -0 0.626507 0.749294
0.650779 1.46167 -0 0.633458 0.702791
0.573389 1.49373 -0 0.618544 0.69816
0.573389 1.49373 -0 0.618544 0.69816
0.650779 1.46167 -0 0.633458 0.702791
0.645062 1.68044 -0 0.623227 0.657236
0.650779 1.46167 -0 0.633458 0.702791
0.732126 1.64438 -0 0.638815 0.661928
0.645062 1.68044 -0 0.623227 0.657236
0.645062 1.68044 -0 0.623227 0.657236
0.732126 1.64438 -0 0.638815 0.661928
0.716736 1.86716 -0 0.626829 0.621426
0.732126 1.64438 -0 0.638815 0.661928
0.813473 1.82709 -0 0.642952 0.626139
0.716736 1.86716 -0 0.626829 0.621426
0.716736 1.86716 -0 0.626829 0.621426
0.813473 1.82709 -0 0.642952 0.626139
0.788409 2.05388 -0 0.629611 0.590094
0.813473 1.82709 -0 0.642952 0.626139
0.894821 2.0098 -0 0.64616 0.594799
0.788409 2.05388 -0 0.629611 0.590094
0.788409 2.05388 -0 0.629611 0.590094
0.894821 2.0098 -0 0.64616 0.594799
0.933249 2.4312 0.04 0.634311 0.530806
0.894821 2.0098 -0 0.64616 0.594799
1.05921 2.37902 0.04 0.65162 0.535452
0.933249 2.4312 0.04 0.634311 0.530806
0.933249 2.4312 0.04 0.634311 0.530806
1.05921 2.37902 0.04 0.65162 0.535452
1.00492 2.61791 0.16 0.637698 0.488467
1.05921 2.37902 0.04 0.65162 0.535452
1.14056 2.56173 0.16 0.655589 0.493054
1.00492 2.61791 0.16 0.637698 0.488467
1.00492 2.61791 0.16 0.637698 0.488467
1.14056 2.56173 0.16 0.655589 0.493054
1.0766 2.80463 0.36 0.641439 0.435115
1.14056 2.56173 0.16 0.655589 0.493054
1.2219 2.74444 0.36 0.660019 0.439591
1.0766 2.80463 0.36 0.641439 0.435115
1.0766 2.80463 0.36 0.641439 0.435115
1.2219 2.74444 0.36 0.660019 0.439591
1.14827 2.99134 0.64 0.644893 0.371032
1.2219 2.74444 0.36 0.660019 0.439591
1.30325 2.92715 0.64 0.664186 0.375313
1.14827 2.99134 0.64 0.644893 0.371032
1.14827 2.99134 0.64 0.644893 0.371032
1.30325 2.92715 0.64 0.664186 0.375313
1.21994 3.17806 1 0.647293 0.297412
1.30325 2.92715 0.64 0.664186 0.375313
1.3846 3.10986 1 0.667226 0.301385
1.21994 3.17806 1 0.647293 0.297412
1.21994 3.17806 1 0.647293 0.297412
1.3846 3.10986 1 0.667226 0.301385
1.29162 3.36478 1.44 0.647844 0.216882
1.3846 3.10986 1 0.667226 0.301385
1.46595 3.29257 1.44 0.668226 0.220424
1.29162 3.36478 1.44 0.647844 0.216882
1.29162 3.36478 1.44 0.647844 0.216882
1.46595 3.29257 1.44 0.668226 0.220424
1.36329 3.55149 1.96 0.645925 0.13354
1.46595 3.29257 1.44 0.668226 0.220424
1.54729 3.47528 1.96 0.66647 0.13654
1.36329 3.55149 1.96 0.645925 0.13354
0.247214 0.760845 -0 0.57123 0.917034
0.286694 0.746864 -0 0.581346 0.920127
0.309017 0.951057 -0 0.582501 0.852724
0.286694 0.746864 -0 0.581346 0.920127
0.358368 0.93358 -0 0.59431 0.856182
0.309017 0.951057 -0 0.582501 0.852724
0.309017 0.951057 -0 0.582501 0.852724
0.358368 0.93358 -0 0.59431 0.856182
0.37082 1.14127 -0 0.591352 0.793768
0.358368 0.93358 -0 0.59431 0.856182
0.430042 1.1203 -0 0.604526 0.797475
0.37082 1.14127 -0 0.591352 0.793768
0.37082 1.14127 -0 0.591352 0.793768
0.430042 1.1203 -0 0.604526 0.797475
0.432624 1.33148 -0 0.598193 0.740917
0.430042 1.1203 -0 0.604526 0.797475
0.501715 1.30701 -0 0.612448 0.744781
0.432624 1.33148 -0 0.598193 0.740917
0.432624 1.33148 -0 0.598193 0.740917
0.501715 1.30701 -0 0.612448 0.744781
0.494427 1.52169 -0 0.603437 0.69421
0.501715 1.30701 -0 0.612448 0.744781
0.573389 1.49373 -0 0.618544 0.69816
0.494427 1.52169 -0 0.603437 0.69421
0.494427 1.52169 -0 0.603437 0.69421
0.573389 1.49373 -0 0.618544 0.69816
0.556231 1.7119 -0 0.607449 0.653246
0.573389 1.49373 -0 0.618544 0.69816
0.645062 1.68044 -0 0.623227 0.657236
0.556231 1.7119 -0 0.607449 0.653246
0.556231 1.7119 -0 0.607449 0.653246
0.645062 1.68044 -0 0.623227 0.657236
0.618034 1.90211 -0 0.610521 0.617431
0.645062 1.68044 -0 0.623227 0.657236
0.716736 1.86716 -0 0.626829 0.621426
0.618034 1.90211 -0 0.610521 0.617431
0.618034 1.90211 -0 0.610521 0.617431
0.716736 1.86716 -0 0.626829 0.621426
0.679837 2.09232 -0 0.612883 0.586114
0.716736 1.86716 -0 0.626829 0.621426
0.788409 2.05388 -0 0.629611 0.590094
0.679837 2.09232 -0 0.612883 0.586114
0.679837 2.09232 -0 0.612883 0.586114
0.788409 2.05388 -0 0.629611 0.590094
0.804731 2.47671 0.04 0.616835 0.526896
0.788409 2.05388 -0 0.629611 0.590094
0.933249 2.4312 0.04 0.634311 0.530806
0.804731 2.47671 0.04 0.616835 0.526896
0.804731 2.47671 0.04 0.616835 0.526896
0.933249 2.4312 0.04 0.634311 0.530806
0.866534 2.66692 0.16 0.619646 0.484619
0.933249 2.4312 0.04 0.634311 0.530806
1.00492 2.61791 0.16 0.637698 0.488467
0.866534 2.66692 0.16 0.619646 0.484619
0.866534 2.66692 0.16 0.619646 0.484619
1.00492 2.61791 0.16 0.637698 0.488467
0.928337 2.85713 0.36 0.622706 0.431378
1.00492 2.61791 0.16 0.637698 0.488467
1.0766 2.80463 0.36 0.641439 0.435115
0.928337 2.85713 0.36 0.622706 0.431378
0.928337 2.85713 0.36 0.622706 0.431378
1.0766 2.80463 0.36 0.641439 0.435115
0.990141 3.04734 0.64 0.625452 0.367483
1.0766 2.80463 0.36 0.641439 0.435115
1.14827 2.99134 0.64 0.644893 0.371032
0.990141 3.04734 0.64 0.625452 0.367483
0.990141 3.04734 0.64 0.625452 0.367483
1.14827 2.99134 0.64 0.644893 0.371032
1.05194 3.23755 1 0.627221 0.294152
1.14827 2.99134 0.64 0.644893 0.371032
1.21994 3.17806 1 0.647293 0.297412
1.05194 3.23755 1 0.627221 0.294152
1.05194 3.23755 1 0.627221 0.294152
1.21994 3.17806 1 0.647293 0.297412
1.11375 3.42776 1.44 0.627332 0.214017
1.21994 3.17806 1 0.647293 0.297412
1.29162 3.36478 1.44 0.647844 0.216882
1.11375 3.42776 1.44 0.627332 0.214017
1.11375 3.42776 1.44 0.627332 0.214017
1.29162 3.36478 1.44 0.647844 0.216882
1.17555 3.61797 1.96 0.625261 0.131162
1.29162 3.36478 1.44 0.647844 0.216882
1.36329 3.55149 1.96 0.645925 0.13354
1.17555 3.61797 1.96 0.625261 0.131162
0.207055 0.772741 -0 0.560967 0.91442
0.247214 0.760845 -0 0.57123 0.917034
0.258819 0.965926 -0 0.570532 0.849817
0.247214 0.760845 -0 0.57123 0.917034
0.309017 0.951057 -0 0.582501 0.852724
0.258819 0.965926 -0 0.570532 0.849817
0.258819 0.965926 -0 0.570532 0.849817
0.309017 0.951057 -0 0.582501 0.852724
0.310583 1.15911 -0 0.578013 0.790667
0.309017 0.951057 -0 0.582501 0.852724
0.37082 1.14127 -0 0.591352 0.793768
0.310583 1.15911 -0 0.578013 0.790667
0.310583 1.15911 -0 0.578013 0.790667
0.37082 1.14127 -0 0.591352 0.793768
0.362347 1.3523 -0 0.583771 0.737702
0.37082 1.14127 -0 0.591352 0.793768
0.432624 1.33148 -0 0.598193 0.740917
0.362347 1.3523 -0 0.583771 0.737702
0.362347 1.3523 -0 0.583771 0.737702
0.432624 1.33148 -0 0.598193 0.740917
0.41411 1.54548 -0 0.588165 0.690937
0.432624 1.33148 -0 0.598193 0.740917
0.494427 1.52169 -0 0.603437 0.69421
0.41411 1.54548 -0 0.588165 0.690937
0.41411 1.54548 -0 0.588165 0.690937
0.494427 1.52169 -0 0.603437 0.69421
0.465874 1.73867 -0 0.59151 0.649957
0.494427 1.52169 -0 0.603437 0.69421
0.556231 1.7119 -0 0.607449 0.653246
0.465874 1.73867 -0 0.59151 0.649957
0.465874 1.73867 -0 0.59151 0.649957
0.556231 1.7119 -0 0.607449 0.653246
0.517638 1.93185 -0 0.594058 0.61415
0.556231 1.7119 -0 0.607449 0.653246
0.618034 1.90211 -0 0.610521 0.617431
0.517638 1.93185 -0 0.594058 0.61415
0.517638 1.93185 -0 0.594058 0.61415
0.618034 1.90211 -0 0.610521 0.617431
0.569402 2.12504 -0 0.596006 0.582857
0.618034 1.90211 -0 0.610521 0.617431
0.679837 2.09232 -0 0.612883 0.586114
0.569402 2.12504 -0 0.596006 0.582857
0.569402 2.12504 -0 0.596006 0.582857
0.679837 2.09232 -0 0.612883 0.586114
0.674007 2.51543 0.04 0.59922 0.523716
0.679837 2.09232 -0 0.612883 0.586114
0.804731 2.47671 0.04 0.616835 0.526896
0.674007 2.51543 0.04 0.59922 0.523716
0.674007 2.51543 0.04 0.59922 0.523716
0.804731 2.47671 0.04 0.616835 0.526896
0.725771 2.70861 0.16 0.60146 0.481505
0.804731 2.47671 0.04 0.616835 0.526896
0.866534 2.66692 0.16 0.619646 0.484619
0.725771 2.70861 0.16 0.60146 0.481505
0.725771 2.70861 0.16 0.60146 0.481505
0.866534 2.66692 0.16 0.619646 0.484619
0.777535 2.9018 0.36 0.603844 0.428373
0.866534 2.66692 0.16 0.619646 0.484619
0.928337 2.85713 0.36 0.622706 0.431378
0.777535 2.9018 0.36 0.603844 0.428373
0.777535 2.9018 0.36 0.603844 0.428373
0.928337 2.85713 0.36 0.622706 0.431378
0.829298 3.09498 0.64 0.60589 0.364657
0.928337 2.85713 0.36 0.622706 0.431378
0.990141 3.04734 0.64 0.625452 0.367483
0.829298 3.09498 0.64 0.60589 0.364657
0.829298 3.09498 0.64 0.60589 0.364657
0.990141 3.04734 0.64 0.625452 0.367483
0.881062 3.28817 1 0.607035 0.291597
0.990141 3.04734 0.64 0.625452 0.367483
1.05194 3.23755 1 0.627221 0.294152
0.881062 3.28817 1 0.607035 0.291597
0.881062 3.28817 1 0.607035 0.291597
1.05194 3.23755 1 0.627221 0.294152
0.932826 3.48135 1.44 0.606713 0.211824
1.05194 3.23755 1 0.627221 0.294152
1.11375 3.42776 1.44 0.627332 0.214017
0.932826 3.48135 1.44 0.606713 0.211824
0.932826 3.48135 1.44 0.606713 0.211824
1.11375 3.42776 1.44 0.627332 0.214017
0.98459 3.67454 1.96 0.604497 0.129404
1.11375 3.42776 1.44 0.627332 0.214017
1.17555 3.61797 1.96 0.625261 0.131162
0.98459 3.67454 1.96 0.604497 0.129404
0.166329 0.782518 -0 0.550581 0.912287
0.207055 0.772741 -0 0.560967 0.91442
0.207912 0.978148 -0 0.558429 0.847461
0.207055 0.772741 -0 0.560967 0.91442
0.258819 0.965926 -0 0.570532 0.849817
0.207912 0.978148 -0 0.558429 0.847461
0.207912 0.978148 -0 0.558429 0.847461
0.258819 0.965926 -0 0.570532 0.849817
0.249494 1.17378 -0 0.564537 0.788172
0.258819 0.965926 -0 0.570532 0.849817
0.310583 1.15911 -0 0.578013 0.790667
0.249494 1.17378 -0 0.564537 0.788172
0.249494 1.17378 -0 0.564537 0.788172
0.310583 1.15911 -0 0.578013 0.790667
0.291076 1.36941 -0 0.569211 0.735134
0.310583 1.15911 -0 0.578013 0.790667
0.362347 1.3523 -0 0.583771 0.737702
0.291076 1.36941 -0 0.569211 0.735134
0.291076 1.36941 -0 0.569211 0.735134
0.362347 1.3523 -0 0.583771 0.737702
0.332659 1.56504 -0 0.572757 0.688342
0.362347 1.3523 -0 0.583771 0.737702
0.41411 1.54548 -0 0.588165 0.690937
0.332659 1.56504 -0 0.572757 0.688342
0.332659 1.56504 -0 0.572757 0.688342
0.41411 1.54548 -0 0.588165 0.690937
0.374241 1.76067 -0 0.575439 0.647366
0.41411 1.54548 -0 0.588165 0.690937
0.465874 1.73867 -0 0.59151 0.649957
0.374241 1.76067 -0 0.575439 0.647366
0.374241 1.76067 -0 0.575439 0.647366
0.465874 1.73867 -0 0.59151 0.649957
0.415823 1.9563 -0 0.577467 0.611581
0.465874 1.73867 -0 0.59151 0.649957
0.517638 1.93185 -0 0.594058 0.61415
0.415823 1.9563 -0 0.577467 0.611581
0.415823 1.9563 -0 0.577467 0.611581
0.517638 1.93185 -0 0.594058 0.61415
0.457406 2.15192 -0 0.579004 0.58032
0.517638 1.93185 -0 0.594058 0.61415
0.569402 2.12504 -0 0.596006 0.582857
0.457406 2.15192 -0 0.579004 0.58032
0.457406 2.15192 -0 0.579004 0.58032
0.569402 2.12504 -0 0.596006 0.582857
0.541436 2.54726 0.04 0.581489 0.521263
0.569402 2.12504 -0 0.596006 0.582857
0.674007 2.51543 0.04 0.59922 0.523716
0.541436 2.54726 0.04 0.581489 0.521263
0.541436 2.54726 0.04 0.581489 0.521263
0.674007 2.51543 0.04 0.59922 0.523716
0.583018 2.74289 0.16 0.583163 0.47912
0.674007 2.51543 0.04 0.59922 0.523716
0.725771 2.70861 0.16 0.60146 0.481505
0.583018 2.74289 0.16 0.583163 0.47912
0.583018 2.74289 0.16 0.583163 0.47912
0.725771 2.70861 0.16 0.60146 0.481505
0.624601 2.93851 0.36 0.584877 0.426095
0.725771 2.70861 0.16 0.60146 0.481505
0.777535 2.9018 0.36 0.603844 0.428373
0.624601 2.93851 0.36 0.584877 0.426095
0.624601 2.93851 0.36 0.584877 0.426095
0.777535 2.9018 0.36 0.603844 0.428373
0.666183 3.13414 0.64 0.586228 0.362551
0.777535 2.9018 0.36 0.603844 0.428373
0.829298 3.09498 0.64 0.60589 0.364657
0.666183 3.13414 0.64 0.586228 0.362551
0.666183 3.13414 0.64 0.586228 0.362551
0.829298 3.09498 0.64 0.60589 0.364657
0.707765 3.32977 1 0.586758 0.289741
0.829298 3.09498 0.64 0.60589 0.364657
0.881062 3.28817 1 0.607035 0.291597
0.707765 3.32977 1 0.586758 0.289741
0.707765 3.32977 1 0.586758 0.289741
0.881062 3.28817 1 0.607035 0.291597
0.749348 3.5254 1.44 0.586011 0.210295
0.881062 3.28817 1 0.607035 0.291597
0.932826 3.48135 1.44 0.606713 0.211824
0.749348 3.5254 1.44 0.586011 0.210295
0.749348 3.5254 1.44 0.586011 0.210295
0.932826 3.48135 1.44 0.606713 0.211824
0.79093 3.72103 1.96 0.583656 0.128256
0.932826 3.48135 1.44 0.606713 0.211824
0.98459 3.67454 1.96 0.604497 0.129404
0.79093 3.72103 1.96 0.583656 0.128256
0.125148 0.790151 -0 0.540094 0.910634
0.166329 0.782518 -0 0.550581 0.912287
0.156434 0.987688 -0 0.54622 0.845657
0.166329 0.782518 -0 0.550581 0.912287
0.207912 0.978148 -0 0.558429 0.847461
0.156434 0.987688 -0 0.54622 0.845657
0.156434 0.987688 -0 0.54622 0.845657
0.207912 0.978148 -0 0.558429 0.847461
0.187721 1.18523 -0 0.550951 0.786284
0.207912 0.978148 -0 0.558429 0.847461
0.249494 1.17378 -0 0.564537 0.788172
0.187721 1.18523 -0 0.550951 0.786284
0.187721 1.18523 -0 0.550951 0.786284
0.249494 1.17378 -0 0.564537 0.788172
0.219008 1.38276 -0 0.554542 0.733212
0.249494 1.17378 -0 0.564537 0.788172
0.291076 1.36941 -0 0.569211 0.735134
0.219008 1.38276 -0 0.554542 0.733212
0.219008 1.38276 -0 0.554542 0.733212
0.291076 1.36941 -0 0.569211 0.735134
0.250295 1.5803 -0 0.557242 0.686423
0.291076 1.36941 -0 0.569211 0.735134
0.332659 1.56504 -0 0.572757 0.688342
0.250295 1.5803 -0 0.557242 0.686423
0.250295 1.5803 -0 0.557242 0.686423
0.332659 1.56504 -0 0.572757 0.688342
0.281582 1.77784 -0 0.559263 0.64547
0.332659 1.56504 -0 0.572757 0.688342
0.374241 1.76067 -0 0.575439 0.647366
0.281582 1.77784 -0 0.559263 0.64547
0.281582 1.77784 -0 0.559263 0.64547
0.374241 1.76067 -0 0.575439 0.647366
0.312869 1.97538 -0 0.560774 0.609719
0.374241 1.76067 -0 0.575439 0.647366
0.415823 1.9563 -0 0.577467 0.611581
0.312869 1.97538 -0 0.560774 0.609719
0.312869 1.97538 -0 0.560774 0.609719
0.415823 1.9563 -0 0.577467 0.611581
0.344156 2.17291 -0 0.561903 0.578498
0.415823 1.9563 -0 0.577467 0.611581
0.457406 2.15192 -0 0.579004 0.58032
0.344156 2.17291 -0 0.561903 0.578498
0.344156 2.17291 -0 0.561903 0.578498
0.457406 2.15192 -0 0.579004 0.58032
0.407381 2.5721 0.04 0.563666 0.519532
0.457406 2.15192 -0 0.579004 0.58032
0.541436 2.54726 0.04 0.581489 0.521263
0.407381 2.5721 0.04 0.563666 0.519532
0.407381 2.5721 0.04 0.563666 0.519532
0.541436 2.54726 0.04 0.581489 0.521263
0.438668 2.76964 0.16 0.564777 0.477459
0.541436 2.54726 0.04 0.581489 0.521263
0.583018 2.74289 0.16 0.583163 0.47912
0.438668 2.76964 0.16 0.564777 0.477459
0.438668 2.76964 0.16 0.564777 0.477459
0.583018 2.74289 0.16 0.583163 0.47912
0.469955 2.96718 0.36 0.565826 0.424541
0.583018 2.74289 0.16 0.583163 0.47912
0.624601 2.93851 0.36 0.584877 0.426095
0.469955 2.96718 0.36 0.565826 0.424541
0.469955 2.96718 0.36 0.565826 0.424541
0.624601 2.93851 0.36 0.584877 0.426095
0.501242 3.16471 0.64 0.56649 0.361159
0.624601 2.93851 0.36 0.584877 0.426095
0.666183 3.13414 0.64 0.586228 0.362551
0.501242 3.16471 0.64 0.56649 0.361159
0.501242 3.16471 0.64 0.56649 0.361159
0.666183 3.13414 0.64 0.586228 0.362551
0.532528 3.36225 1 0.566413 0.288579
0.666183 3.13414 0.64 0.586228 0.362551
0.707765 3.32977 1 0.586758 0.289741
0.532528 3.36225 1 0.566413 0.288579
0.532528 3.36225 1 0.566413 0.288579
0.707765 3.32977 1 0.586758 0.289741
0.563815 3.55979 1.44 0.565248 0.209426
0.707765 3.32977 1 0.586758 0.289741
0.749348 3.5254 1.44 0.586011 0.210295
0.563815 3.55979 1.44 0.565248 0.209426
0.563815 3.55979 1.44 0.565248 0.209426
0.749348 3.5254 1.44 0.586011 0.210295
0.595102 3.75733 1.96 0.562759 0.127717
0.749348 3.5254 1.44 0.586011 0.210295
0.79093 3.72103 1.96 0.583656 0.128256
0.595102 3.75733 1.96 0.562759 0.127717
0.0836228 0.795618 -0 0.529533 0.909464
0.125148 0.790151 -0 0.540094 0.910634
0.104528 0.994522 -0 0.533931 0.844404
0.125148 0.790151 -0 0.540094 0.910634
0.156434 0.987688 -0 0.54622 0.845657
0.104528 0.994522 -0 0.533931 0.844404
0.104528 0.994522 -0 0.533931 0.844404
0.156434 0.987688 -0 0.54622 0.845657
0.125434 1.19343 -0 0.537284 0.785001
0.156434 0.987688 -0 0.54622 0.845657
0.187721 1.18523 -0 0.550951 0.786284
0.125434 1.19343 -0 0.537284 0.785001
0.125434 1.19343 -0 0.537284 0.785001
0.187721 1.18523 -0 0.550951 0.786284
0.14634 1.39233 -0 0.539793 0.731936
0.187721 1.18523 -0 0.550951 0.786284
0.219008 1.38276 -0 0.554542 0.733212
0.14634 1.39233 -0 0.539793 0.731936
0.14634 1.39233 -0 0.539793 0.731936
0.219008 1.38276 -0 0.554542 0.733212
0.167246 1.59124 -0 0.541648 0.685176
0.219008 1.38276 -0 0.554542 0.733212
0.250295 1.5803 -0 0.557242 0.686423
0.167246 1.59124 -0 0.541648 0.685176
0.167246 1.59124 -0 0.541648 0.685176
0.250295 1.5803 -0 0.557242 0.686423
0.188151 1.79014 -0 0.543011 0.644265
0.250295 1.5803 -0 0.557242 0.686423
0.281582 1.77784 -0 0.559263 0.64547
0.188151 1.79014 -0 0.543011 0.644265
0.188151 1.79014 -0 0.543011 0.644265
0.281582 1.77784 -0 0.559263 0.64547
0.209057 1.98904 -0 0.544006 0.60856
0.281582 1.77784 -0 0.559263 0.64547
0.312869 1.97538 -0 0.560774 0.609719
0.209057 1.98904 -0 0.544006 0.60856
0.209057 1.98904 -0 0.544006 0.60856
0.312869 1.97538 -0 0.560774 0.609719
0.229963 2.18795 -0 0.54473 0.577385
0.312869 1.97538 -0 0.560774 0.609719
0.344156 2.17291 -0 0.561903 0.578498
0.229963 2.18795 -0 0.54473 0.577385
0.229963 2.18795 -0 0.54473 0.577385
0.344156 2.17291 -0 0.561903 0.578498
0.272209 2.5899 0.04 0.545775 0.518517
0.344156 2.17291 -0 0.561903 0.578498
0.407381 2.5721 0.04 0.563666 0.519532
0.272209 2.5899 0.04 0.545775 0.518517
0.272209 2.5899 0.04 0.545775 0.518517
0.407381 2.5721 0.04 0.563666 0.519532
0.293115 2.7888 0.16 0.546326 0.476519
0.407381 2.5721 0.04 0.563666 0.519532
0.438668 2.76964 0.16 0.564777 0.477459
0.293115 2.7888 0.16 0.546326 0.476519
0.293115 2.7888 0.16 0.546326 0.476519
0.438668 2.76964 0.16 0.564777 0.477459
0.314021 2.98771 0.36 0.546713 0.423707
0.438668 2.76964 0.16 0.564777 0.477459
0.469955 2.96718 0.36 0.565826 0.424541
0.314021 2.98771 0.36 0.546713 0.423707
0.314021 2.98771 0.36 0.546713 0.423707
0.469955 2.96718 0.36 0.565826 0.424541
0.334926 3.18661 0.64 0.546698 0.360477
0.469955 2.96718 0.36 0.565826 0.424541
0.501242 3.16471 0.64 0.56649 0.361159
0.334926 3.18661 0.64 0.546698 0.360477
0.334926 3.18661 0.64 0.546698 0.360477
0.501242 3.16471 0.64 0.56649 0.361159
0.355832 3.38551 1 0.54602 0.288108
0.501242 3.16471 0.64 0.56649 0.361159
0.532528 3.36225 1 0.566413 0.288579
0.355832 3.38551 1 0.54602 0.288108
0.355832 3.38551 1 0.54602 0.288108
0.532528 3.36225 1 0.566413 0.288579
0.376738 3.58442 1.44 0.544444 0.209211
0.532528 3.36225 1 0.566413 0.288579
0.563815 3.55979 1.44 0.565248 0.209426
0.376738 3.58442 1.44 0.544444 0.209211
0.376738 3.58442 1.44 0.544444 0.209211
0.563815 3.55979 1.44 0.565248 0.209426
0.397643 3.78332 1.96 0.541825 0.127778
0.563815 3.55979 1.44 0.565248 0.209426
0.595102 3.75733 1.96 0.562759 0.127717
0.397643 3.78332 1.96 0.541825 0.127778
0.0418688 0.798904 -0 0.51892 0.908775
0.0836228 0.795618 -0 0.529533 0.909464
0.052336 0.99863 -0 0.521588 0.843703
0.0836228 0.795618 -0 0.529533 0.909464
0.104528 0.994522 -0 0.533931 0.844404
0.052336 0.99863 -0 0.521588 0.843703
0.052336 0.99863 -0 0.521588 0.843703
0.104528 0.994522 -0 0.533931 0.844404
0.0628031 1.19836 -0 0.523565 0.784322
0.104528 0.994522 -0 0.533931 0.844404
0.125434 1.19343 -0 0.537284 0.785001
0.0628031 1.19836 -0 0.523565 0.784322
0.0628031 1.19836 -0 0.523565 0.784322
0.125434 1.19343 -0 0.537284 0.785001
0.0732703 1.39808 -0 0.524993 0.731302
0.125434 1.19343 -0 0.537284 0.785001
0.14634 1.39233 -0 0.539793 0.731936
0.0732703 1.39808 -0 0.524993 0.731302
0.0732703 1.39808 -0 0.524993 0.731302
0.14634 1.39233 -0 0.539793 0.731936
0.0837375 1.59781 -0 0.526005 0.684599
0.14634 1.39233 -0 0.539793 0.731936
0.167246 1.59124 -0 0.541648 0.685176
0.0837375 1.59781 -0 0.526005 0.684599
0.0837375 1.59781 -0 0.526005 0.684599
0.167246 1.59124 -0 0.541648 0.685176
0.0942047 1.79753 -0 0.52671 0.643746
0.167246 1.59124 -0 0.541648 0.685176
0.188151 1.79014 -0 0.543011 0.644265
0.0942047 1.79753 -0 0.52671 0.643746
0.0942047 1.79753 -0 0.52671 0.643746
0.188151 1.79014 -0 0.543011 0.644265
0.104672 1.99726 -0 0.527192 0.6081
0.188151 1.79014 -0 0.543011 0.644265
0.209057 1.98904 -0 0.544006 0.60856
0.104672 1.99726 -0 0.527192 0.6081
0.104672 1.99726 -0 0.527192 0.6081
0.209057 1.98904 -0 0.544006 0.60856
0.115139 2.19699 -0 0.527511 0.576978
0.209057 1.98904 -0 0.544006 0.60856
0.229963 2.18795 -0 0.54473 0.577385
0.115139 2.19699 -0 0.527511 0.576978
0.115139 2.19699 -0 0.527511 0.576978
0.229963 2.18795 -0 0.54473 0.577385
0.136291 2.60059 0.04 0.52784 0.518215
0.229963 2.18795 -0 0.54473 0.577385
0.272209 2.5899 0.04 0.545775 0.518517
0.136291 2.60059 0.04 0.52784 0.518215
0.136291 2.60059 0.04 0.52784 0.518215
0.272209 2.5899 0.04 0.545775 0.518517
0.146759 2.80032 0.16 0.527831 0.476295
0.272209 2.5899 0.04 0.545775 0.518517
0.293115 2.7888 0.16 0.546326 0.476519
0.146759 2.80032 0.16 0.527831 0.476295
0.146759 2.80032 0.16 0.527831 0.476295
0.293115 2.7888 0.16 0.546326 0.476519
0.157226 3.00005 0.36 0.527563 0.42359
0.293115 2.7888 0.16 0.546326 0.476519
0.314021 2.98771 0.36 0.546713 0.423707
0.157226 3.00005 0.36 0.527563 0.42359
0.157226 3.00005 0.36 0.527563 0.42359
0.314021 2.98771 0.36 0.546713 0.423707
0.167693 3.19977 0.64 0.526875 0.360503
0.314021 2.98771 0.36 0.546713 0.423707
0.334926 3.18661 0.64 0.546698 0.360477
0.167693 3.19977 0.64 0.526875 0.360503
0.167693 3.19977 0.64 0.526875 0.360503
0.334926 3.18661 0.64 0.546698 0.360477
0.17816 3.3995 1 0.525604 0.288322
0.334926 3.18661 0.64 0.546698 0.360477
0.355832 3.38551 1 0.54602 0.288108
0.17816 3.3995 1 0.525604 0.288322
0.17816 3.3995 1 0.525604 0.288322
0.355832 3.38551 1 0.54602 0.288108
0.188627 3.59922 1.44 0.523621 0.209645
0.355832 3.38551 1 0.54602 0.288108
0.376738 3.58442 1.44 0.544444 0.209211
0.188627 3.59922 1.44 0.523621 0.209645
0.188627 3.59922 1.44 0.523621 0.209645
0.376738 3.58442 1.44 0.544444 0.209211
0.199095 3.79895 1.96 0.520875 0.128437
0.376738 3.58442 1.44 0.544444 0.209211
0.397643 3.78332 1.96 0.541825 0.127778
0.199095 3.79895 1.96 0.520875 0.128437
4.89859e-17 0.8 -0 0.50828 0.908568
0.0418688 0.798904 -0 0.51892 0.908775
6.12323e-17 1 -0 0.50922 0.843553
0.0418688 0.798904 -0 0.51892 0.908775
0.052336 0.99863 -0 0.521588 0.843703
6.12323e-17 1 -0 0.50922 0.843553
6.12323e-17 1 -0 0.50922 0.843553
0.052336 0.99863 -0 0.521588 0.843703
7.34788e-17 1.2 -0 0.509822 0.784247
0.052336 0.99863 -0 0.521588 0.843703
0.0628031 1.19836 -0 0.523565 0.784322
7.34788e-17 1.2 -0 0.509822 0.784247
7.34788e-17 1.2 -0 0.509822 0.784247
0.0628031 1.19836 -0 0.523565 0.784322
8.57253e-17 1.4 -0 0.510171 0.731307
0.0628031 1.19836 -0 0.523565 0.784322
0.0732703 1.39808 -0 0.524993 0.731302
8.57253e-17 1.4 -0 0.510171 0.731307
8.57253e-17 1.4 -0 0.510171 0.731307
0.0732703 1.39808 -0 0.524993 0.731302
9.79717e-17 1.6 -0 0.510342 0.684685
0.0732703 1.39808 -0 0.524993 0.731302
0.0837375 1.59781 -0 0.526005 0.684599
9.79717e-17 1.6 -0 0.510342 0.684685
9.79717e-17 1.6 -0 0.510342 0.684685
0.0837375 1.59781 -0 0.526005 0.684599
1.10218e-16 1.8 -0 0.51039 0.643909
0.0837375 1.59781 -0 0.526005 0.684599
0.0942047 1.79753 -0 0.52671 0.643746
1.10218e-16 1.8 -0 0.51039 0.643909
1.10218e-16 1.8 -0 0.51039 0.643909
0.0942047 1.79753 -0 0.52671 0.643746
1.22465e-16 2 -0 0.510358 0.608332
0.0942047 1.79753 -0 0.52671 0.643746
0.104672 1.99726 -0 0.527192 0.6081
1.22465e-16 2 -0 0.510358 0.608332
1.22465e-16 2 -0 0.510358 0.608332
0.104672 1.99726 -0 0.527192 0.6081
1.34711e-16 2.2 -0 0.510274 0.57727
0.104672 1.99726 -0 0.527192 0.6081
0.115139 2.19699 -0 0.527511 0.576978
1.34711e-16 2.2 -0 0.510274 0.57727
1.34711e-16 2.2 -0 0.510274 0.57727
0.115139 2.19699 -0 0.527511 0.576978
1.59459e-16 2.60416 0.04 0.509887 0.518617
0.115139 2.19699 -0 0.527511 0.576978
0.136291 2.60059 0.04 0.52784 0.518215
1.59459e-16 2.60416 0.04 0.509887 0.518617
1.59459e-16 2.60416 0.04 0.509887 0.518617
0.136291 2.60059 0.04 0.52784 0.518215
1.71705e-16 2.80416 0.16 0.509322 0.476782
0.136291 2.60059 0.04 0.52784 0.518215
0.146759 2.80032 0.16 0.527831 0.476295
1.71705e-16 2.80416 0.16 0.509322 0.476782
1.71705e-16 2.80416 0.16 0.509322 0.476782
0.146759 2.80032 0.16 0.527831 0.476295
1.83952e-16 3.00416 0.36 0.5084 0.424187
0.146759 2.80032 0.16 0.527831 0.476295
0.157226 3.00005 0.36 0.527563 0.42359
1.83952e-16 3.00416 0.36 0.5084 0.424187
1.83952e-16 3.00416 0.36 0.5084 0.424187
0.157226 3.00005 0.36 0.527563 0.42359
1.96198e-16 3.20416 0.64 0.507044 0.361236
0.157226 3.00005 0.36 0.527563 0.42359
0.167693 3.19977 0.64 0.526875 0.360503
1.96198e-16 3.20416 0.64 0.507044 0.361236
1.96198e-16 3.20416 0.64 0.507044 0.361236
0.167693 3.19977 0.64 0.526875 0.360503
2.08445e-16 3.40416 1 0.505186 0.289221
0.167693 3.19977 0.64 0.526875 0.360503
0.17816 3.3995 1 0.525604 0.288322
2.08445e-16 3.40416 1 0.505186 0.289221
2.08445e-16 3.40416 1 0.505186 0.289221
0.17816 3.3995 1 0.525604 0.288322
2.20691e-16 3.60416 1.44 0.502801 0.210723
0.17816 3.3995 1 0.525604 0.288322
0.188627 3.59922 1.44 0.523621 0.209645
2.20691e-16 3.60416 1.44 0.502801 0.210723
2.20691e-16 3.60416 1.44 0.502801 0.210723
0.188627 3.59922 1.44 0.523621 0.209645
2.32938e-16 3.80416 1.96 0.499927 0.129686
0.188627 3.59922 1.44 0.523621 0.209645
0.199095 3.79895 1.96 0.520875 0.128437
2.32938e-16 3.80416 1.96 0.499927 0.129686
-0.0418688 0.798904 -0 0.497636 0.908841
4.89859e-17 0.8 -0 0.50828 0.908568
-0.052336 0.99863 -0 0.496852 0.843951
4.89859e-17 0.8 -0 0.50828 0.908568
6.12323e-17 1 -0 0.50922 0.843553
-0.052336 0.99863 -0 0.496852 0.843951
-0.052336 0.99863 -0 0.496852 0.843951
6.12323e-17 1 -0 0.50922 0.843553
-0.0628031 1.19836 -0 0.496082 0.784771
6.12323e-17 1 -0 0.50922 0.843553
7.34788e-17 1.2 -0 0.509822 0.784247
-0.0628031 1.19836 -0 0.496082 0.784771
-0.0628031 1.19836 -0 0.496082 0.784771
7.34788e-17 1.2 -0 0.509822 0.784247
-0.0732703 1.39808 -0 0.495356 0.731948
7.34788e-17 1.2 -0 0.509822 0.784247
8.57253e-17 1.4 -0 0.510171 0.731307
-0.0732703 1.39808 -0 0.495356 0.731948
-0.0732703 1.39808 -0 0.495356 0.731948
8.57253e-17 1.4 -0 0.510171 0.731307
-0.0837375 1.59781 -0 0.494686 0.685433
8.57253e-17 1.4 -0 0.510171 0.731307
9.79717e-17 1.6 -0 0.510342 0.684685
-0.0837375 1.59781 -0 0.494686 0.685433
-0.0837375 1.59781 -0 0.494686 0.685433
9.79717e-17 1.6 -0 0.510342 0.684685
-0.0942047 1.79753 -0 0.49408 0.644749
9.79717e-17 1.6 -0 0.510342 0.684685
1.10218e-16 1.8 -0 0.51039 0.643909
-0.0942047 1.79753 -0 0.49408 0.644749
-0.0942047 1.79753 -0 0.49408 0.644749
1.10218e-16 1.8 -0 0.51039 0.643909
-0.104672 1.99726 -0 0.493535 0.609251
1.10218e-16 1.8 -0 0.51039 0.643909
1.22465e-16 2 -0 0.510358 0.608332
-0.104672 1.99726 -0 0.493535 0.609251
-0.104672 1.99726 -0 0.493535 0.609251
1.22465e-16 2 -0 0.510358 0.608332
-0.115139 2.19699 -0 0.493047 0.578256
1.22465e-16 2 -0 0.510358 0.608332
1.34711e-16 2.2 -0 0.510274 0.57727
-0.115139 2.19699 -0 0.493047 0.578256
-0.115139 2.19699 -0 0.493047 0.578256
1.34711e-16 2.2 -0 0.510274 0.57727
-0.136291 2.60059 0.04 0.491948 0.519723
1.34711e-16 2.2 -0 0.510274 0.57727
1.59459e-16 2.60416 0.04 0.509887 0.518617
-0.136291 2.60059 0.04 0.491948 0.519723
-0.136291 2.60059 0.04 0.491948 0.519723
1.59459e-16 2.60416 0.04 0.509887 0.518617
-0.146759 2.80032 0.16 0.490831 0.477978
1.59459e-16 2.60416 0.04 0.509887 0.518617
1.71705e-16 2.80416 0.16 0.509322 0.476782
-0.146759 2.80032 0.16 0.490831 0.477978
-0.146759 2.80032 0.16 0.490831 0.477978
1.71705e-16 2.80416 0.16 0.509322 0.476782
-0.157226 3.00005 0.36 0.489254 0.425494
1.71705e-16 2.80416 0.16 0.509322 0.476782
1.83952e-16 3.00416 0.36 0.5084 0.424187
-0.157226 3.00005 0.36 0.489254 0.425494
-0.157226 3.00005 0.36 0.489254 0.425494
1.83952e-16 3.00416 0.36 0.5084 0.424187
-0.167693 3.19977 0.64 0.48723 0.362671
1.83952e-16 3.00416 0.36 0.5084 0.424187
1.96198e-16 3.20416 0.64 0.507044 0.361236
-0.167693 3.19977 0.64 0.48723 0.362671
-0.167693 3.19977 0.64 0.48723 0.362671
1.96198e-16 3.20416 0.64 0.507044 0.361236
-0.17816 3.3995 1 0.484789 0.290799
1.96198e-16 3.20416 0.64 0.507044 0.361236
2.08445e-16 3.40416 1 0.505186 0.289221
-0.17816 3.3995 1 0.484789 0.290799
-0.17816 3.3995 1 0.484789 0.290799
2.08445e-16 3.40416 1 0.505186 0.289221
-0.188627 3.59922 1.44 0.482003 0.212442
2.08445e-16 3.40416 1 0.505186 0.289221
2.20691e-16 3.60416 1.44 0.502801 0.210723
-0.188627 3.59922 1.44 0.482003 0.212442
-0.188627 3.59922 1.44 0.482003 0.212442
2.20691e-16 3.60416 1.44 0.502801 0.210723
-0.199095 3.79895 1.96 0.479001 0.131522
2.20691e-16 3.60416 1.44 0.502801 0.210723
2.32938e-16 3.80416 1.96 0.499927 0.129686
-0.199095 3.79895 1.96 0.479001 0.131522
-0.0836228 0.795618 -0 0.487013 0.909593
-0.0418688 0.798904 -0 0.497636 0.908841
-0.104528 0.994522 -0 0.48451 0.844895
-0.0418688 0.798904 -0 0.497636 0.908841
-0.052336 0.99863 -0 0.496852 0.843951
-0.104528 0.994522 -0 0.48451 0.844895
-0.104528 0.994522 -0 0.48451 0.844895
-0.052336 0.99863 -0 0.496852 0.843951
-0.125434 1.19343 -0 0.482374 0.785889
-0.052336 0.99863 -0 0.496852 0.843951
-0.0628031 1.19836 -0 0.496082 0.784771
-0.125434 1.19343 -0 0.482374 0.785889
-0.125434 1.19343 -0 0.482374 0.785889
-0.0628031 1.19836 -0 0.496082 0.784771
-0.14634 1.39233 -0 0.480575 0.733223
-0.0628031 1.19836 -0 0.496082 0.784771
-0.0732703 1.39808 -0 0.495356 0.731948
-0.14634 1.39233 -0 0.480575 0.733223
-0.14634 1.39233 -0 0.480575 0.733223
-0.0732703 1.39808 -0 0.495356 0.731948
-0.167246 1.59124 -0 0.479069 0.686836
-0.0732703 1.39808 -0 0.495356 0.731948
-0.0837375 1.59781 -0 0.494686 0.685433
-0.167246 1.59124 -0 0.479069 0.686836
-0.167246 1.59124 -0 0.479069 0.686836
-0.0837375 1.59781 -0 0.494686 0.685433
-0.188151 1.79014 -0 0.477808 0.646262
-0.0837375 1.59781 -0 0.494686 0.685433
-0.0942047 1.79753 -0 0.49408 0.644749
-0.188151 1.79014 -0 0.477808 0.646262
-0.188151 1.79014 -0 0.477808 0.646262
-0.0942047 1.79753 -0 0.49408 0.644749
-0.209057 1.98904 -0 0.476751 0.610853
-0.0942047 1.79753 -0 0.49408 0.644749
-0.104672 1.99726 -0 0.493535 0.609251
-0.209057 1.98904 -0 0.476751 0.610853
-0.209057 1.98904 -0 0.476751 0.610853
-0.104672 1.99726 -0 0.493535 0.609251
-0.229963 2.18795 -0 0.47586 0.579931
-0.104672 1.99726 -0 0.493535 0.609251
-0.115139 2.19699 -0 0.493047 0.578256
-0.229963 2.18795 -0 0.47586 0.579931
-0.229963 2.18795 -0 0.47586 0.579931
-0.115139 2.19699 -0 0.493047 0.578256
-0.272209 2.5899 0.04 0.474048 0.521528
-0.115139 2.19699 -0 0.493047 0.578256
-0.136291 2.60059 0.04 0.491948 0.519723
-0.272209 2.5899 0.04 0.474048 0.521528
-0.272209 2.5899 0.04 0.474048 0.521528
-0.136291 2.60059 0.04 0.491948 0.519723
-0.293115 2.7888 0.16 0.472375 0.479875
-0.136291 2.60059 0.04 0.491948 0.519723
-0.146759 2.80032 0.16 0.490831 0.477978
-0.293115 2.7888 0.16 0.472375 0.479875
-0.293115 2.7888 0.16 0.472375 0.479875
-0.146759 2.80032 0.16 0.490831 0.477978
-0.314021 2.98771 0.36 0.47015 0.427504
-0.146759 2.80032 0.16 0.490831 0.477978
-0.157226 3.00005 0.36 0.489254 0.425494
-0.314021 2.98771 0.36 0.47015 0.427504
-0.314021 2.98771 0.36 0.47015 0.427504
-0.157226 3.00005 0.36 0.489254 0.425494
-0.334926 3.18661 0.64 0.467461 0.364806
-0.157226 3.00005 0.36 0.489254 0.425494
-0.167693 3.19977 0.64 0.48723 0.362671
-0.334926 3.18661 0.64 0.467461 0.364806
-0.334926 3.18661 0.64 0.467461 0.364806
-0.167693 3.19977 0.64 0.48723 0.362671
-0.355832 3.38551 1 0.464436 0.293052
-0.167693 3.19977 0.64 0.48723 0.362671
-0.17816 3.3995 1 0.484789 0.290799
-0.355832 3.38551 1 0.464436 0.293052
-0.355832 3.38551 1 0.464436 0.293052
-0.17816 3.3995 1 0.484789 0.290799
-0.376738 3.58442 1.44 0.461249 0.214797
-0.17816 3.3995 1 0.484789 0.290799
-0.188627 3.59922 1.44 0.482003 0.212442
-0.376738 3.58442 1.44 0.461249 0.214797
-0.376738 3.58442 1.44 0.461249 0.214797
-0.188627 3.59922 1.44 0.482003 0.212442
-0.397643 3.78332 1.96 0.458116 0.133942
-0.188627 3.59922 1.44 0.482003 0.212442
-0.199095 3.79895 1.96 0.479001 0.131522
-0.397643 3.78332 1.96 0.458116 0.133942
-0.125148 0.790151 -0 0.476434 0.910821
-0.0836228 0.795618 -0 0.487013 0.909593
-0.156434 0.987688 -0 0.472221 0.846383
-0.0836228 0.795618 -0 0.487013 0.909593
-0.104528 0.994522 -0 0.48451 0.844895
-0.156434 0.987688 -0 0.472221 0.846383
-0.156434 0.987688 -0 0.472221 0.846383
-0.104528 0.994522 -0 0.48451 0.844895
-0.187721 1.18523 -0 0.468725 0.787603
-0.104528 0.994522 -0 0.48451 0.844895
-0.125434 1.19343 -0 0.482374 0.785889
-0.187721 1.18523 -0 0.468725 0.787603
-0.187721 1.18523 -0 0.468725 0.787603
-0.125434 1.19343 -0 0.482374 0.785889
-0.219008 1.38276 -0 0.465858 0.735125
-0.125434 1.19343 -0 0.482374 0.785889
-0.14634 1.39233 -0 0.480575 0.733223
-0.219008 1.38276 -0 0.465858 0.735125
-0.219008 1.38276 -0 0.465858 0.735125
-0.14634 1.39233 -0 0.480575 0.733223
-0.250295 1.5803 -0 0.463517 0.688893
-0.14634 1.39233 -0 0.480575 0.733223
-0.167246 1.59124 -0 0.479069 0.686836
-0.250295 1.5803 -0 0.463517 0.688893
-0.250295 1.5803 -0 0.463517 0.688893
-0.167246 1.59124 -0 0.479069 0.686836
-0.281582 1.77784 -0 0.461604 0.648443
-0.167246 1.59124 -0 0.479069 0.686836
-0.188151 1.79014 -0 0.477808 0.646262
-0.281582 1.77784 -0 0.461604 0.648443
-0.281582 1.77784 -0 0.461604 0.648443
-0.188151 1.79014 -0 0.477808 0.646262
-0.312869 1.97538 -0 0.460036 0.613133
-0.188151 1.79014 -0 0.477808 0.646262
-0.209057 1.98904 -0 0.476751 0.610853
-0.312869 1.97538 -0 0.460036 0.613133
-0.312869 1.97538 -0 0.460036 0.613133
-0.209057 1.98904 -0 0.476751 0.610853
-0.344156 2.17291 -0 0.458741 0.582291
-0.209057 1.98904 -0 0.476751 0.610853
-0.229963 2.18795 -0 0.47586 0.579931
-0.344156 2.17291 -0 0.458741 0.582291
-0.344156 2.17291 -0 0.458741 0.582291
-0.229963 2.18795 -0 0.47586 0.579931
-0.407381 2.5721 0.04 0.456216 0.524028
-0.229963 2.18795 -0 0.47586 0.579931
-0.272209 2.5899 0.04 0.474048 0.521528
-0.407381 2.5721 0.04 0.456216 0.524028
-0.407381 2.5721 0.04 0.456216 0.524028
-0.272209 2.5899 0.04 0.474048 0.521528
-0.438668 2.76964 0.16 0.45399 0.482471
-0.272209 2.5899 0.04 0.474048 0.521528
-0.293115 2.7888 0.16 0.472375 0.479875
-0.438668 2.76964 0.16 0.45399 0.482471
-0.438668 2.76964 0.16 0.45399 0.482471
-0.293115 2.7888 0.16 0.472375 0.479875
-0.469955 2.96718 0.36 0.451115 0.430214
-0.293115 2.7888 0.16 0.472375 0.479875
-0.314021 2.98771 0.36 0.47015 0.427504
-0.469955 2.96718 0.36 0.451115 0.430214
-0.469955 2.96718 0.36 0.451115 0.430214
-0.314021 2.98771 0.36 0.47015 0.427504
-0.501242 3.16471 0.64 0.447762 0.367634
-0.314021 2.98771 0.36 0.47015 0.427504
-0.334926 3.18661 0.64 0.467461 0.364806
-0.501242 3.16471 0.64 0.447762 0.367634
-0.501242 3.16471 0.64 0.447762 0.367634
-0.334926 3.18661 0.64 0.467461 0.364806
-0.532528 3.36225 1 0.444152 0.295979
-0.334926 3.18661 0.64 0.467461 0.364806
-0.355832 3.38551 1 0.464436 0.293052
-0.532528 3.36225 1 0.444152 0.295979
-0.532528 3.36225 1 0.444152 0.295979
-0.355832 3.38551 1 0.464436 0.293052
-0.563815 3.55979 1.44 0.440559 0.217784
-0.355832 3.38551 1 0.464436 0.293052
-0.376738 3.58442 1.44 0.461249 0.214797
-0.563815 3.55979 1.44 0.440559 0.217784
-0.563815 3.55979 1.44 0.440559 0.217784
-0.376738 3.58442 1.44 0.461249 0.214797
-0.595102 3.75733 1.96 0.43729 0.136939
-0.376738 3.58442 1.44 0.461249 0.214797
-0.397643 3.78332 1.96 0.458116 0.133942
-0.595102 3.75733 1.96 0.43729 0.136939
-0.166329 0.782518 -0 0.465922 0.912523
-0.125148 0.790151 -0 0.476434 0.910821
-0.207912 0.978148 -0 0.460011 0.84841
-0.125148 0.790151 -0 0.476434 0.910821
-0.156434 0.987688 -0 0.472221 0.846383
-0.207912 0.978148 -0 0.460011 0.84841
-0.207912 0.978148 -0 0.460011 0.84841
-0.156434 0.987688 -0 0.472221 0.846383
-0.249494 1.17378 -0 0.455162 0.789906
-0.156434 0.987688 -0 0.472221 0.846383
-0.187721 1.18523 -0 0.468725 0.787603
-0.249494 1.17378 -0 0.455162 0.789906
-0.249494 1.17378 -0 0.455162 0.789906
-0.187721 1.18523 -0 0.468725 0.787603
-0.291076 1.36941 -0 0.451231 0.737652
-0.187721 1.18523 -0 0.468725 0.787603
-0.219008 1.38276 -0 0.465858 0.735125
-0.291076 1.36941 -0 0.451231 0.737652
-0.291076 1.36941 -0 0.451231 0.737652
-0.219008 1.38276 -0 0.465858 0.735125
-0.332659 1.56504 -0 0.448059 0.691598
-0.219008 1.38276 -0 0.465858 0.735125
-0.250295 1.5803 -0 0.463517 0.688893
-0.332659 1.56504 -0 0.448059 0.691598
-0.332659 1.56504 -0 0.448059 0.691598
-0.250295 1.5803 -0 0.463517 0.688893
-0.374241 1.76067 -0 0.445497 0.651288
-0.250295 1.5803 -0 0.463517 0.688893
-0.281582 1.77784 -0 0.461604 0.648443
-0.374241 1.76067 -0 0.445497 0.651288
-0.374241 1.76067 -0 0.445497 0.651288
-0.281582 1.77784 -0 0.461604 0.648443
-0.415823 1.9563 -0 0.443417 0.616088
-0.281582 1.77784 -0 0.461604 0.648443
-0.312869 1.97538 -0 0.460036 0.613133
-0.415823 1.9563 -0 0.443417 0.616088
-0.415823 1.9563 -0 0.443417 0.616088
-0.312869 1.97538 -0 0.460036 0.613133
-0.457406 2.15192 -0 0.441719 0.585334
-0.312869 1.97538 -0 0.460036 0.613133
-0.344156 2.17291 -0 0.458741 0.582291
-0.457406 2.15192 -0 0.441719 0.585334
-0.457406 2.15192 -0 0.441719 0.585334
-0.344156 2.17291 -0 0.458741 0.582291
-0.541436 2.54726 0.04 0.43848 0.527216
-0.344156 2.17291 -0 0.458741 0.582291
-0.407381 2.5721 0.04 0.456216 0.524028
-0.541436 2.54726 0.04 0.43848 0.527216
-0.541436 2.54726 0.04 0.43848 0.527216
-0.407381 2.5721 0.04 0.456216 0.524028
-0.583018 2.74289 0.16 0.4357 0.485762
-0.407381 2.5721 0.04 0.456216 0.524028
-0.438668 2.76964 0.16 0.45399 0.482471
-0.583018 2.74289 0.16 0.4357 0.485762
-0.583018 2.74289 0.16 0.4357 0.485762
-0.438668 2.76964 0.16 0.45399 0.482471
-0.624601 2.93851 0.36 0.432176 0.433619
-0.438668 2.76964 0.16 0.45399 0.482471
-0.469955 2.96718 0.36 0.451115 0.430214
-0.624601 2.93851 0.36 0.432176 0.433619
-0.624601 2.93851 0.36 0.432176 0.433619
-0.469955 2.96718 0.36 0.451115 0.430214
-0.666183 3.13414 0.64 0.428158 0.37115
-0.469955 2.96718 0.36 0.451115 0.430214
-0.501242 3.16471 0.64 0.447762 0.367634
-0.666183 3.13414 0.64 0.428158 0.37115
-0.666183 3.13414 0.64 0.428158 0.37115
-0.501242 3.16471 0.64 0.447762 0.367634
-0.707765 3.32977 1 0.423958 0.299571
-0.501242 3.16471 0.64 0.447762 0.367634
-0.532528 3.36225 1 0.444152 0.295979
-0.707765 3.32977 1 0.423958 0.299571
-0.707765 3.32977 1 0.423958 0.299571
-0.532528 3.36225 1 0.444152 0.295979
-0.749348 3.5254 1.44 0.419954 0.2214
-0.532528 3.36225 1 0.444152 0.295979
-0.563815 3.55979 1.44 0.440559 0.217784
-0.749348 3.5254 1.44 0.419954 0.2214
-0.749348 3.5254 1.44 0.419954 0.2214
-0.563815 3.55979 1.44 0.440559 0.217784
-0.79093 3.72103 1.96 0.416542 0.140512
-0.563815 3.55979 1.44 0.440559 0.217784
-0.595102 3.75733 1.96 0.43729 0.136939
-0.79093 3.72103 1.96 0.416542 0.140512
-0.207055 0.772741 -0 0.455501 0.914693
-0.166329 0.782518 -0 0.465922 0.912523
-0.258819 0.965926 -0 0.447903 0.850973
-0.166329 0.782518 -0 0.465922 0.912523
-0.207912 0.978148 -0 0.460011 0.84841
-0.258819 0.965926 -0 0.447903 0.850973
-0.258819 0.965926 -0 0.447903 0.850973
-0.207912 0.978148 -0 0.460011 0.84841
-0.310583 1.15911 -0 0.441711 0.792794
-0.207912 0.978148 -0 0.460011 0.84841
-0.249494 1.17378 -0 0.455162 0.789906
-0.310583 1.15911 -0 0.441711 0.792794
-0.310583 1.15911 -0 0.441711 0.792794
-0.249494 1.17378 -0 0.455162 0.789906
-0.362347 1.3523 -0 0.436723 0.740801
-0.249494 1.17378 -0 0.455162 0.789906
-0.291076 1.36941 -0 0.451231 0.737652
-0.362347 1.3523 -0 0.436723 0.740801
-0.362347 1.3523 -0 0.436723 0.740801
-0.291076 1.36941 -0 0.451231 0.737652
-0.41411 1.54548 -0 0.432723 0.694949
-0.291076 1.36941 -0 0.451231 0.737652
-0.332659 1.56504 -0 0.448059 0.691598
-0.41411 1.54548 -0 0.432723 0.694949
-0.41411 1.54548 -0 0.432723 0.694949
-0.332659 1.56504 -0 0.448059 0.691598
-0.465874 1.73867 -0 0.429512 0.654796
-0.332659 1.56504 -0 0.448059 0.691598
-0.374241 1.76067 -0 0.445497 0.651288
-0.465874 1.73867 -0 0.429512 0.654796
-0.465874 1.73867 -0 0.429512 0.654796
-0.374241 1.76067 -0 0.445497 0.651288
-0.517638 1.93185 -0 0.426923 0.619716
-0.374241 1.76067 -0 0.445497 0.651288
-0.415823 1.9563 -0 0.443417 0.616088
-0.517638 1.93185 -0 0.426923 0.619716
-0.517638 1.93185 -0 0.426923 0.619716
-0.415823 1.9563 -0 0.443417 0.616088
-0.569402 2.12504 -0 0.424822 0.589053
-0.415823 1.9563 -0 0.443417 0.616088
-0.457406 2.15192 -0 0.441719 0.585334
-0.569402 2.12504 -0 0.424822 0.589053
-0.569402 2.12504 -0 0.424822 0.589053
-0.457406 2.15192 -0 0.441719 0.585334
-0.674007 2.51543 0.04 0.420865 0.531088
-0.457406 2.15192 -0 0.441719 0.585334
-0.541436 2.54726 0.04 0.43848 0.527216
-0.674007 2.51543 0.04 0.420865 0.531088
-0.674007 2.51543 0.04 0.420865 0.531088
-0.541436 2.54726 0.04 0.43848 0.527216
-0.725771 2.70861 0.16 0.417533 0.48974
-0.541436 2.54726 0.04 0.43848 0.527216
-0.583018 2.74289 0.16 0.4357 0.485762
-0.725771 2.70861 0.16 0.417533 0.48974
-0.725771 2.70861 0.16 0.417533 0.48974
-0.583018 2.74289 0.16 0.4357 0.485762
-0.777535 2.9018 0.36 0.41336 0.437715
-0.583018 2.74289 0.16 0.4357 0.485762
-0.624601 2.93851 0.36 0.432176 0.433619
-0.777535 2.9018 0.36 0.41336 0.437715
-0.777535 2.9018 0.36 0.41336 0.437715
-0.624601 2.93851 0.36 0.432176 0.433619
-0.829298 3.09498 0.64 0.408672 0.375347
-0.624601 2.93851 0.36 0.432176 0.433619
-0.666183 3.13414 0.64 0.428158 0.37115
-0.829298 3.09498 0.64 0.408672 0.375347
-0.829298 3.09498 0.64 0.408672 0.375347
-0.666183 3.13414 0.64 0.428158 0.37115
-0.881062 3.28817 1 0.403876 0.303822
-0.666183 3.13414 0.64 0.428158 0.37115
-0.707765 3.32977 1 0.423958 0.299571
-0.881062 3.28817 1 0.403876 0.303822
-0.881062 3.28817 1 0.403876 0.303822
-0.707765 3.32977 1 0.423958 0.299571
-0.932826 3.48135 1.44 0.399453 0.225637
-0.707765 3.32977 1 0.423958 0.299571
-0.749348 3.5254 1.44 0.419954 0.2214
-0.932826 3.48135 1.44 0.399453 0.225637
-0.932826 3.48135 1.44 0.399453 0.225637
-0.749348 3.5254 1.44 0.419954 0.2214
-0.98459 3.67454 1.96 0.39589 0.144657
-0.749348 3.5254 1.44 0.419954 0.2214
-0.79093 3.72103 1.96 0.416542 0.140512
-0.98459 3.67454 1.96 0.39589 0.144657
-0.247214 0.760845 -0 0.445193 0.917329
-0.207055 0.772741 -0 0.455501 0.914693
-0.309017 0.951057 -0 0.435925 0.854066
-0.207055 0.772741 -0 0.455501 0.914693
-0.258819 0.965926 -0 0.447903 0.850973
-0.309017 0.951057 -0 0.435925 0.854066
-0.309017 0.951057 -0 0.435925 0.854066
-0.258819 0.965926 -0 0.447903 0.850973
-0.37082 1.14127 -0 0.428399 0.796263
-0.258819 0.965926 -0 0.447903 0.850973
-0.310583 1.15911 -0 0.441711 0.792794
-0.37082 1.14127 -0 0.428399 0.796263
-0.37082 1.14127 -0 0.428399 0.796263
-0.310583 1.15911 -0 0.441711 0.792794
-0.432624 1.33148 -0 0.42236 0.744564
-0.310583 1.15911 -0 0.441711 0.792794
-0.362347 1.3523 -0 0.436723 0.740801
-0.432624 1.33148 -0 0.42236 0.744564
-0.432624 1.33148 -0 0.42236 0.744564
-0.362347 1.3523 -0 0.436723 0.740801
-0.494427 1.52169 -0 0.417535 0.698941
-0.362347 1.3523 -0 0.436723 0.740801
-0.41411 1.54548 -0 0.432723 0.694949
-0.494427 1.52169 -0 0.417535 0.698941
-0.494427 1.52169 -0 0.417535 0.698941
-0.41411 1.54548 -0 0.432723 0.694949
-0.556231 1.7119 -0 0.413677 0.658961
-0.41411 1.54548 -0 0.432723 0.694949
-0.465874 1.73867 -0 0.429512 0.654796
-0.556231 1.7119 -0 0.413677 0.658961
-0.556231 1.7119 -0 0.413677 0.658961
-0.465874 1.73867 -0 0.429512 0.654796
-0.618034 1.90211 -0 0.410578 0.624012
-0.465874 1.73867 -0 0.429512 0.654796
-0.517638 1.93185 -0 0.426923 0.619716
-0.618034 1.90211 -0 0.410578 0.624012
-0.618034 1.90211 -0 0.410578 0.624012
-0.517638 1.93185 -0 0.426923 0.619716
-0.679837 2.09232 -0 0.408072 0.593448
-0.517638 1.93185 -0 0.426923 0.619716
-0.569402 2.12504 -0 0.424822 0.589053
-0.679837 2.09232 -0 0.408072 0.593448
-0.679837 2.09232 -0 0.408072 0.593448
-0.569402 2.12504 -0 0.424822 0.589053
-0.804731 2.47671 0.04 0.403397 0.535641
-0.569402 2.12504 -0 0.424822 0.589053
-0.674007 2.51543 0.04 0.420865 0.531088
-0.804731 2.47671 0.04 0.403397 0.535641
-0.804731 2.47671 0.04 0.403397 0.535641
-0.674007 2.51543 0.04 0.420865 0.531088
-0.866534 2.66692 0.16 0.399512 0.494404
-0.674007 2.51543 0.04 0.420865 0.531088
-0.725771 2.70861 0.16 0.417533 0.48974
-0.866534 2.66692 0.16 0.399512 0.494404
-0.866534 2.66692 0.16 0.399512 0.494404
-0.725771 2.70861 0.16 0.417533 0.48974
-0.928337 2.85713 0.36 0.394688 0.442495
-0.725771 2.70861 0.16 0.417533 0.48974
-0.777535 2.9018 0.36 0.41336 0.437715
-0.928337 2.85713 0.36 0.394688 0.442495
-0.928337 2.85713 0.36 0.394688 0.442495
-0.777535 2.9018 0.36 0.41336 0.437715
-0.990141 3.04734 0.64 0.389326 0.380219
-0.777535 2.9018 0.36 0.41336 0.437715
-0.829298 3.09498 0.64 0.408672 0.375347
-0.990141 3.04734 0.64 0.389326 0.380219
-0.990141 3.04734 0.64 0.389326 0.380219
-0.829298 3.09498 0.64 0.408672 0.375347
-1.05194 3.23755 1 0.383927 0.308727
-0.829298 3.09498 0.64 0.408672 0.375347
-0.881062 3.28817 1 0.403876 0.303822
-1.05194 3.23755 1 0.383927 0.308727
-1.05194 3.23755 1 0.383927 0.308727
-0.881062 3.28817 1 0.403876 0.303822
-1.11375 3.42776 1.44 0.379076 0.230494
-0.881062 3.28817 1 0.403876 0.303822
-0.932826 3.48135 1.44 0.399453 0.225637
-1.11375 3.42776 1.44 0.379076 0.230494
-1.11375 3.42776 1.44 0.379076 0.230494
-0.932826 3.48135 1.44 0.399453 0.225637
-1.17555 3.61797 1.96 0.375351 0.149369
-0.932826 3.48135 1.44 0.399453 0.225637
-0.98459 3.67454 1.96 0.39589 0.144657
-1.17555 3.61797 1.96 0.375351 0.149369
-0.286694 0.746864 -0 0.43502 0.920428
-0.247214 0.760845 -0 0.445193 0.917329
-0.358368 0.93358 -0 0.4241 0.857686
-0.247214 0.760845 -0 0.445193 0.917329
-0.309017 0.951057 -0 0.435925 0.854066
-0.358368 0.93358 -0 0.4241 0.857686
-0.358368 0.93358 -0 0.4241 0.857686
-0.309017 0.951057 -0 0.435925 0.854066
-0.430042 1.1203 -0 0.415252 0.800305
-0.309017 0.951057 -0 0.435925 0.854066
-0.37082 1.14127 -0 0.428399 0.796263
-0.430042 1.1203 -0 0.415252 0.800305
-0.430042 1.1203 -0 0.415252 0.800305
-0.37082 1.14127 -0 0.428399 0.796263
-0.501715 1.30701 -0 0.408168 0.748941
-0.37082 1.14127 -0 0.428399 0.796263
-0.432624 1.33148 -0 0.42236 0.744564
-0.501715 1.30701 -0 0.408168 0.748941
-0.501715 1.30701 -0 0.408168 0.748941
-0.432624 1.33148 -0 0.42236 0.744564
-0.573389 1.49373 -0 0.402522 0.703572
-0.432624 1.33148 -0 0.42236 0.744564
-0.494427 1.52169 -0 0.417535 0.698941
-0.573389 1.49373 -0 0.402522 0.703572
-0.573389 1.49373 -0 0.402522 0.703572
-0.494427 1.52169 -0 0.417535 0.698941
-0.645062 1.68044 -0 0.398017 0.663781
-0.494427 1.52169 -0 0.417535 0.698941
-0.556231 1.7119 -0 0.413677 0.658961
-0.645062 1.68044 -0 0.398017 0.663781
-0.645062 1.68044 -0 0.398017 0.663781
-0.556231 1.7119 -0 0.413677 0.658961
-0.716736 1.86716 -0 0.394407 0.628974
-0.556231 1.7119 -0 0.413677 0.658961
-0.618034 1.90211 -0 0.410578 0.624012
-0.716736 1.86716 -0 0.394407 0.628974
-0.716736 1.86716 -0 0.394407 0.628974
-0.618034 1.90211 -0 0.410578 0.624012
-0.788409 2.05388 -0 0.391496 0.598515
-0.618034 1.90211 -0 0.410578 0.624012
-0.679837 2.09232 -0 0.408072 0.593448
-0.788409 2.05388 -0 0.391496 0.598515
-0.788409 2.05388 -0 0.391496 0.598515
-0.679837 2.09232 -0 0.408072 0.593448
-0.933249 2.4312 0.04 0.386097 0.540873
-0.679837 2.09232 -0 0.408072 0.593448
-0.804731 2.47671 0.04 0.403397 0.535641
-0.933249 2.4312 0.04 0.386097 0.540873
-0.933249 2.4312 0.04 0.386097 0.540873
-0.804731 2.47671 0.04 0.403397 0.535641
-1.00492 2.61791 0.16 0.381659 0.499748
-0.804731 2.47671 0.04 0.403397 0.535641
-0.866534 2.66692 0.16 0.399512 0.494404
-1.00492 2.61791 0.16 0.381659 0.499748
-1.00492 2.61791 0.16 0.381659 0.499748
-0.866534 2.66692 0.16 0.399512 0.494404
-1.0766 2.80463 0.36 0.376181 0.447953
-0.866534 2.66692 0.16 0.399512 0.494404
-0.928337 2.85713 0.36 0.394688 0.442495
-1.0766 2.80463 0.36 0.376181 0.447953
-1.0766 2.80463 0.36 0.376181 0.447953
-0.928337 2.85713 0.36 0.394688 0.442495
-1.14827 2.99134 0.64 0.37014 0.385761
-0.928337 2.85713 0.36 0.394688 0.442495
-0.990141 3.04734 0.64 0.389326 0.380219
-1.14827 2.99134 0.64 0.37014 0.385761
-1.14827 2.99134 0.64 0.37014 0.385761
-0.990141 3.04734 0.64 0.389326 0.380219
-1.21994 3.17806 1 0.364129 0.314283
-0.990141 3.04734 0.64 0.389326 0.380219
-1.05194 3.23755 1 0.383927 0.308727
-1.21994 3.17806 1 0.364129 0.314283
-1.21994 3.17806 1 0.364129 0.314283
-1.05194 3.23755 1 0.383927 0.308727
-1.29162 3.36478 1.44 0.35884 0.235966
-1.05194 3.23755 1 0.383927 0.308727
-1.11375 3.42776 1.44 0.379076 0.230494
-1.29162 3.36478 1.44 0.35884 0.235966
-1.29162 3.36478 1.44 0.35884 0.235966
-1.11375 3.42776 1.44 0.379076 0.230494
-1.36329 3.55149 1.96 0.354944 0.154647
-1.11375 3.42776 1.44 0.379076 0.230494
-1.17555 3.61797 1.96 0.375351 0.149369
-1.36329 3.55149 1.96 0.354944 0.154647
-0.325389 0.730836 -0 0.425005 0.923981
-0.286694 0.746864 -0 0.43502 0.920428
-0.406737 0.913545 -0 0.412453 0.861825
-0.286694 0.746864 -0 0.43502 0.920428
-0.358368 0.93358 -0 0.4241 0.857686
-0.406737 0.913545 -0 0.412453 0.861825
-0.406737 0.913545 -0 0.412453 0.861825
-0.358368 0.93358 -0 0.4241 0.857686
-0.488084 1.09625 -0 0.402295 0.804919
-0.358368 0.93358 -0 0.4241 0.857686
-0.430042 1.1203 -0 0.415252 0.800305
-0.488084 1.09625 -0 0.402295 0.804919
-0.488084 1.09625 -0 0.402295 0.804919
-0.430042 1.1203 -0 0.415252 0.800305
-0.569431 1.27896 -0 0.394174 0.753923
-0.430042 1.1203 -0 0.415252 0.800305
-0.501715 1.30701 -0 0.408168 0.748941
-0.569431 1.27896 -0 0.394174 0.753923
-0.569431 1.27896 -0 0.394174 0.753923
-0.501715 1.30701 -0 0.408168 0.748941
-0.650779 1.46167 -0 0.387709 0.708833
-0.501715 1.30701 -0 0.408168 0.748941
-0.573389 1.49373 -0 0.402522 0.703572
-0.650779 1.46167 -0 0.387709 0.708833
-0.650779 1.46167 -0 0.387709 0.708833
-0.573389 1.49373 -0 0.402522 0.703572
-0.732126 1.64438 -0 0.382557 0.669251
-0.573389 1.49373 -0 0.402522 0.703572
-0.645062 1.68044 -0 0.398017 0.663781
-0.732126 1.64438 -0 0.382557 0.669251
-0.732126 1.64438 -0 0.382557 0.669251
-0.645062 1.68044 -0 0.398017 0.663781
-0.813473 1.82709 -0 0.378434 0.634599
-0.645062 1.68044 -0 0.398017 0.663781
-0.716736 1.86716 -0 0.394407 0.628974
-0.813473 1.82709 -0 0.378434 0.634599
-0.813473 1.82709 -0 0.378434 0.634599
-0.716736 1.86716 -0 0.394407 0.628974
-0.894821 2.0098 -0 0.375114 0.604253
-0.716736 1.86716 -0 0.394407 0.628974
-0.788409 2.05388 -0 0.391496 0.598515
-0.894821 2.0098 -0 0.375114 0.604253
-0.894821 2.0098 -0 0.375114 0.604253
-0.788409 2.05388 -0 0.391496 0.598515
-1.05921 2.37902 0.04 0.368985 0.546781
-0.788409 2.05388 -0 0.391496 0.598515
-0.933249 2.4312 0.04 0.386097 0.540873
-1.05921 2.37902 0.04 0.368985 0.546781
-1.05921 2.37902 0.04 0.368985 0.546781
-0.933249 2.4312 0.04 0.386097 0.540873
-1.14056 2.56173 0.16 0.363992 0.50577
-0.933249 2.4312 0.04 0.386097 0.540873
-1.00492 2.61791 0.16 0.381659 0.499748
-1.14056 2.56173 0.16 0.363992 0.50577
-1.14056 2.56173 0.16 0.363992 0.50577
-1.00492 2.61791 0.16 0.381659 0.499748
-1.2219 2.74444 0.36 0.357857 0.454087
-1.00492 2.61791 0.16 0.381659 0.499748
-1.0766 2.80463 0.36 0.376181 0.447953
-1.2219 2.74444 0.36 0.357857 0.454087
-1.2219 2.74444 0.36 0.357857 0.454087
-1.0766 2.80463 0.36 0.376181 0.447953
-1.30325 2.92715 0.64 0.351132 0.391968
-1.0766 2.80463 0.36 0.376181 0.447953
-1.14827 2.99134 0.64 0.37014 0.385761
-1.30325 2.92715 0.64 0.351132 0.391968
-1.30325 2.92715 0.64 0.351132 0.391968
-1.14827 2.99134 0.64 0.37014 0.385761
-1.3846 3.10986 1 0.344502 0.320485
-1.14827 2.99134 0.64 0.37014 0.385761
-1.21994 3.17806 1 0.364129 0.314283
-1.3846 3.10986 1 0.344502 0.320485
-1.3846 3.10986 1 0.344502 0.320485
-1.21994 3.17806 1 0.364129 0.314283
-1.46595 3.29257 1.44 0.338766 0.24205
-1.21994 3.17806 1 0.364129 0.314283
-1.29162 3.36478 1.44 0.35884 0.235966
-1.46595 3.29257 1.44 0.338766 0.24205
-1.46595 3.29257 1.44 0.338766 0.24205
-1.29162 3.36478 1.44 0.35884 0.235966
-1.54729 3.47528 1.96 0.334687 0.160489
-1.29162 3.36478 1.44 0.35884 0.235966
-1.36329 3.55149 1.96 0.354944 0.154647
-1.54729 3.47528 1.96 0.334687 0.160489
-0.406737 0.913545 -0 0.412453 0.861825
-0.488084 1.09625 -0 0.402295 0.804919
-0.544789 1.06921 -0 0.389554 0.810095
-0.544789 1.06921 -0 0.389554 0.810095
-0.488084 1.09625 -0 0.402295 0.804919
-0.635587 1.24741 -0 0.380402 0.759503
-0.488084 1.09625 -0 0.402295 0.804919
-0.569431 1.27896 -0 0.394174 0.753923
-0.635587 1.24741 -0 0.380402 0.759503
-0.635587 1.24741 -0 0.380402 0.759503
-0.569431 1.27896 -0 0.394174 0.753923
-0.726385 1.42561 -0 0.373119 0.714721
-0.569431 1.27896 -0 0.394174 0.753923
-0.650779 1.46167 -0 0.387709 0.708833
-0.726385 1.42561 -0 0.373119 0.714721
-0.726385 1.42561 -0 0.373119 0.714721
-0.650779 1.46167 -0 0.387709 0.708833
-0.817183 1.60381 -0 0.367321 0.675367
-0.650779 1.46167 -0 0.387709 0.708833
-0.732126 1.64438 -0 0.382557 0.669251
-0.817183 1.60381 -0 0.367321 0.675367
-0.817183 1.60381 -0 0.367321 0.675367
-0.732126 1.64438 -0 0.382557 0.669251
-0.907981 1.78201 -0 0.362683 0.640882
-0.732126 1.64438 -0 0.382557 0.669251
-0.813473 1.82709 -0 0.378434 0.634599
-0.907981 1.78201 -0 0.362683 0.640882
-0.907981 1.78201 -0 0.362683 0.640882
-0.813473 1.82709 -0 0.378434 0.634599
-0.998779 1.96021 -0 0.35895 0.610656
-0.813473 1.82709 -0 0.378434 0.634599
-0.894821 2.0098 -0 0.375114 0.604253
-0.998779 1.96021 -0 0.35895 0.610656
-0.998779 1.96021 -0 0.35895 0.610656
-0.894821 2.0098 -0 0.375114 0.604253
-1.18227 2.32033 0.04 0.352083 0.553363
-0.894821 2.0098 -0 0.375114 0.604253
-1.05921 2.37902 0.04 0.368985 0.546781
-1.18227 2.32033 0.04 0.352083 0.553363
-1.18227 2.32033 0.04 0.352083 0.553363
-1.05921 2.37902 0.04 0.368985 0.546781
-1.27306 2.49853 0.16 0.346531 0.512467
-1.05921 2.37902 0.04 0.368985 0.546781
-1.14056 2.56173 0.16 0.363992 0.50577
-1.27306 2.49853 0.16 0.346531 0.512467
-1.27306 2.49853 0.16 0.346531 0.512467
-1.14056 2.56173 0.16 0.363992 0.50577
-1.36386 2.67673 0.36 0.339736 0.460893
-1.14056 2.56173 0.16 0.363992 0.50577
-1.2219 2.74444 0.36 0.357857 0.454087
-1.36386 2.67673 0.36 0.339736 0.460893
-1.36386 2.67673 0.36 0.339736 0.460893
-1.2219 2.74444 0.36 0.357857 0.454087
-1.45466 2.85493 0.64 0.332321 0.398838
-1.2219 2.74444 0.36 0.357857 0.454087
-1.30325 2.92715 0.64 0.351132 0.391968
-1.45466 2.85493 0.64 0.332321 0.398838
-1.45466 2.85493 0.64 0.332321 0.398838
-1.30325 2.92715 0.64 0.351132 0.391968
-1.54546 3.03313 1 0.325066 0.327329
-1.30325 2.92715 0.64 0.351132 0.391968
-1.3846 3.10986 1 0.344502 0.320485
-1.54546 3.03313 1 0.325066 0.327329
-1.54546 3.03313 1 0.325066 0.327329
-1.3846 3.10986 1 0.344502 0.320485
-1.63626 3.21133 1.44 0.318873 0.248745
-1.3846 3.10986 1 0.344502 0.320485
-1.46595 3.29257 1.44 0.338766 0.24205
-1.63626 3.21133 1.44 0.318873 0.248745
-1.63626 3.21133 1.44 0.318873 0.248745
-1.46595 3.29257 1.44 0.338766 0.24205
-1.72705 3.38953 1.96 0.314598 0.166892
-1.46595 3.29257 1.44 0.338766 0.24205
-1.54729 3.47528 1.96 0.334687 0.160489
-1.72705 3.38953 1.96 0.314598 0.166892
-0.635587 1.24741 -0 0.380402 0.759503
-0.726385 1.42561 -0 0.373119 0.714721
-0.8 1.38564 -0 0.358781 0.72123
-0.8 1.38564 -0 0.358781 0.72123
-0.726385 1.42561 -0 0.373119 0.714721
-0.9 1.55885 -0 0.352334 0.682124
-0.726385 1.42561 -0 0.373119 0.714721
-0.817183 1.60381 -0 0.367321 0.675367
-0.9 1.55885 -0 0.352334 0.682124
-0.9 1.55885 -0 0.352334 0.682124
-0.817183 1.60381 -0 0.367321 0.675367
-1 1.73205 -0 0.347177 0.647817
-0.817183 1.60381 -0 0.367321 0.675367
-0.907981 1.78201 -0 0.362683 0.640882
-1 1.73205 -0 0.347177 0.647817
-1 1.73205 -0 0.347177 0.647817
-0.907981 1.78201 -0 0.362683 0.640882
-1.1 1.90526 -0 0.343026 0.617721
-0.907981 1.78201 -0 0.362683 0.640882
-0.998779 1.96021 -0 0.35895 0.610656
-1.1 1.90526 -0 0.343026 0.617721
-1.1 1.90526 -0 0.343026 0.617721
-0.998779 1.96021 -0 0.35895 0.610656
-1.30208 2.25527 0.04 0.335411 0.560615
-0.998779 1.96021 -0 0.35895 0.610656
-1.18227 2.32033 0.04 0.352083 0.553363
-1.30208 2.25527 0.04 0.335411 0.560615
-1.30208 2.25527 0.04 0.335411 0.560615
-1.18227 2.32033 0.04 0.352083 0.553363
-1.40208 2.42848 0.16 0.329296 0.519836
-1.18227 2.32033 0.04 0.352083 0.553363
-1.27306 2.49853 0.16 0.346531 0.512467
-1.40208 2.42848 0.16 0.329296 0.519836
-1.40208 2.42848 0.16 0.329296 0.519836
-1.27306 2.49853 0.16 0.346531 0.512467
-1.50208 2.60168 0.36 0.321838 0.46837
-1.27306 2.49853 0.16 0.346531 0.512467
-1.36386 2.67673 0.36 0.339736 0.460893
-1.50208 2.60168 0.36 0.321838 0.46837
-1.50208 2.60168 0.36 0.321838 0.46837
-1.36386 2.67673 0.36 0.339736 0.460893
-1.60208 2.77489 0.64 0.313728 0.406369
-1.36386 2.67673 0.36 0.339736 0.460893
-1.45466 2.85493 0.64 0.332321 0.398838
-1.60208 2.77489 0.64 0.313728 0.406369
-1.60208 2.77489 0.64 0.313728 0.406369
-1.45466 2.85493 0.64 0.332321 0.398838
-1.70208 2.94809 1 0.30584 0.334816
-1.45466 2.85493 0.64 0.332321 0.398838
-1.54546 3.03313 1 0.325066 0.327329
-1.70208 2.94809 1 0.30584 0.334816
-1.70208 2.94809 1 0.30584 0.334816
-1.54546 3.03313 1 0.325066 0.327329
-1.80208 3.1213 1.44 0.29918 0.25605
-1.54546 3.03313 1 0.325066 0.327329
-1.63626 3.21133 1.44 0.318873 0.248745
-1.80208 3.1213 1.44 0.29918 0.25605
-1.80208 3.1213 1.44 0.29918 0.25605
-1.63626 3.21133 1.44 0.318873 0.248745
-1.90208 3.2945 1.96 0.294693 0.173853
-1.63626 3.21133 1.44 0.318873 0.248745
-1.72705 3.38953 1.96 0.314598 0.166892
-1.90208 3.2945 1.96 0.294693 0.173853
-1.50208 2.60168 0.36 0.321838 0.46837
-1.60208 2.77489 0.64 0.313728 0.406369
-1.74511 2.68724 0.64 0.295375 0.41456
-1.74511 2.68724 0.64 0.295375 0.41456
-1.60208 2.77489 0.64 0.313728 0.406369
-1.85404 2.85497 1 0.286845 0.342944
-1.60208 2.77489 0.64 0.313728 0.406369
-1.70208 2.94809 1 0.30584 0.334816
-1.85404 2.85497 1 0.286845 0.342944
-1.85404 2.85497 1 0.286845 0.342944
-1.70208 2.94809 1 0.30584 0.334816
-1.96297 3.02271 1.44 0.279706 0.263963
-1.70208 2.94809 1 0.30584 0.334816
-1.80208 3.1213 1.44 0.29918 0.25605
-1.96297 3.02271 1.44 0.279706 0.263963
-1.96297 3.02271 1.44 0.279706 0.263963
-1.80208 3.1213 1.44 0.29918 0.25605
-2.0719 3.19044 1.96 0.274993 0.181371
-1.80208 3.1213 1.44 0.29918 0.25605
-1.90208 3.2945 1.96 0.294693 0.173853
-2.0719 3.19044 1.96 0.274993 0.181371
