-0.712805 0.363192 -0 0.582394 0.912767
-0.69282 0.4 -0 0.591833 0.917982
-0.891007 0.453991 -0 0.597824 0.850564
-0.730836 0.325389 -0 0.572753 0.908037
-0.712805 0.363192 -0 0.582394 0.912767
-0.913545 0.406737 -0 0.586627 0.845204
-0.712805 0.363192 -0 0.582394 0.912767
-0.891007 0.453991 -0 0.597824 0.850564
-0.913545 0.406737 -0 0.586627 0.845204
-0.913545 0.406737 -0 0.586627 0.845204
-0.891007 0.453991 -0 0.597824 0.850564
-1.09625 0.488084 -0 0.597565 0.788575
-0.891007 0.453991 -0 0.597824 0.850564
-1.06921 0.544789 -0 0.61001 0.794397
-1.09625 0.488084 -0 0.597565 0.788575
-1.09625 0.488084 -0 0.597565 0.788575
-1.06921 0.544789 -0 0.61001 0.794397
-1.27896 0.569431 -0 0.606099 0.738521
-2.92715 1.30325 0.64 0.64756 0.391355
-2.85493 1.45466 0.64 0.665934 0.397681
-3.10986 1.3846 1 0.653186 0.322059
-2.85493 1.45466 0.64 0.665934 0.397681
-3.03313 1.54546 1 0.672191 0.328141
-3.10986 1.3846 1 0.653186 0.322059
-3.10986 1.3846 1 0.653186 0.322059
-3.03313 1.54546 1 0.672191 0.328141
-3.29257 1.46595 1.44 0.657535 0.245735
-3.03313 1.54546 1 0.672191 0.328141
-3.21133 1.63626 1.44 0.677016 0.251452
-3.29257 1.46595 1.44 0.657535 0.245735
-3.29257 1.46595 1.44 0.657535 0.245735
-3.21133 1.63626 1.44 0.677016 0.251452
-3.47528 1.54729 1.96 0.65982 0.165968
-3.21133 1.63626 1.44 0.677016 0.251452
-3.38953 1.72705 1.96 0.67954 0.171183
-3.47528 1.54729 1.96 0.65982 0.165968
-0.746864 0.286694 -0 0.562932 0.903798
-0.730836 0.325389 -0 0.572753 0.908037
-0.93358 0.358368 -0 0.575238 0.8404
-0.730836 0.325389 -0 0.572753 0.908037
-0.913545 0.406737 -0 0.586627 0.845204
-0.93358 0.358368 -0 0.575238 0.8404
-0.93358 0.358368 -0 0.575238 0.8404
-0.913545 0.406737 -0 0.586627 0.845204
-1.1203 0.430042 -0 0.584922 0.783357
-0.913545 0.406737 -0 0.586627 0.845204
-1.09625 0.488084 -0 0.597565 0.788575
-1.1203 0.430042 -0 0.584922 0.783357
-1.1203 0.430042 -0 0.584922 0.783357
-1.09625 0.488084 -0 0.597565 0.788575
-1.30701 0.501715 -0 0.592467 0.733017
-1.09625 0.488084 -0 0.597565 0.788575
-1.27896 0.569431 -0 0.606099 0.738521
-1.30701 0.501715 -0 0.592467 0.733017
-1.30701 0.501715 -0 0.592467 0.733017
-1.27896 0.569431 -0 0.606099 0.738521
-1.49373 0.573389 -0 0.598331 0.689088
-1.27896 0.569431 -0 0.606099 0.738521
-1.46167 0.650779 -0 0.612743 0.694777
-1.49373 0.573389 -0 0.598331 0.689088
-1.49373 0.573389 -0 0.598331 0.689088
-1.46167 0.650779 -0 0.612743 0.694777
-1.68044 0.645062 -0 0.602908 0.650944
-1.46167 0.650779 -0 0.612743 0.694777
-1.64438 0.732126 -0 0.617937 0.656744
-1.68044 0.645062 -0 0.602908 0.650944
-1.68044 0.645062 -0 0.602908 0.650944
-1.64438 0.732126 -0 0.617937 0.656744
-1.86716 0.716736 -0 0.606506 0.617847
-1.64438 0.732126 -0 0.617937 0.656744
-1.82709 0.813473 -0 0.622026 0.623705
-1.86716 0.716736 -0 0.606506 0.617847
-1.86716 0.716736 -0 0.606506 0.617847
-1.82709 0.813473 -0 0.622026 0.623705
-2.05388 0.788409 -0 0.60936 0.589071
-1.82709 0.813473 -0 0.622026 0.623705
-2.0098 0.894821 -0 0.625273 0.594949
-2.05388 0.788409 -0 0.60936 0.589071
-2.05388 0.788409 -0 0.60936 0.589071
-2.0098 0.894821 -0 0.625273 0.594949
-2.4312 0.933249 0.04 0.614537 0.534671
-2.0098 0.894821 -0 0.625273 0.594949
-2.37902 1.05921 0.04 0.631155 0.540529
-2.4312 0.933249 0.04 0.614537 0.534671
-2.4312 0.933249 0.04 0.614537 0.534671
-2.37902 1.05921 0.04 0.631155 0.540529
-2.61791 1.00492 0.16 0.618693 0.49535
-2.37902 1.05921 0.04 0.631155 0.540529
-2.56173 1.14056 0.16 0.63586 0.50118
-2.61791 1.00492 0.16 0.618693 0.49535
-2.61791 1.00492 0.16 0.618693 0.49535
-2.56173 1.14056 0.16 0.63586 0.50118
-2.80463 1.0766 0.36 0.623712 0.445623
-2.56173 1.14056 0.16 0.63586 0.50118
-2.74444 1.2219 0.36 0.641531 0.451384
-2.80463 1.0766 0.36 0.623712 0.445623
-2.80463 1.0766 0.36 0.623712 0.445623
-2.74444 1.2219 0.36 0.641531 0.451384
-2.99134 1.14827 0.64 0.629061 0.385728
-2.74444 1.2219 0.36 0.641531 0.451384
-2.92715 1.30325 0.64 0.64756 0.391355
-2.99134 1.14827 0.64 0.629061 0.385728
-2.99134 1.14827 0.64 0.629061 0.385728
-2.92715 1.30325 0.64 0.64756 0.391355
-3.17806 1.21994 1 0.634063 0.316651
-2.92715 1.30325 0.64 0.64756 0.391355
-3.10986 1.3846 1 0.653186 0.322059
-3.17806 1.21994 1 0.634063 0.316651
-3.17806 1.21994 1 0.634063 0.316651
-3.10986 1.3846 1 0.653186 0.322059
-3.36478 1.29162 1.44 0.637945 0.240649
-3.10986 1.3846 1 0.653186 0.322059
-3.29257 1.46595 1.44 0.657535 0.245735
-3.36478 1.29162 1.44 0.637945 0.240649
-3.36478 1.29162 1.44 0.637945 0.240649
-3.29257 1.46595 1.44 0.657535 0.245735
-3.55149 1.36329 1.96 0.640004 0.161321
-3.29257 1.46595 1.44 0.657535 0.245735
-3.47528 1.54729 1.96 0.65982 0.165968
-3.55149 1.36329 1.96 0.640004 0.161321
-0.760845 0.247214 -0 0.552951 0.900053
-0.746864 0.286694 -0 0.562932 0.903798
-0.951057 0.309017 -0 0.563678 0.836157
-0.746864 0.286694 -0 0.562932 0.903798
-0.93358 0.358368 -0 0.575238 0.8404
-0.951057 0.309017 -0 0.563678 0.836157
-0.951057 0.309017 -0 0.563678 0.836157
-0.93358 0.358368 -0 0.575238 0.8404
-1.14127 0.37082 -0 0.572108 0.778749
-0.93358 0.358368 -0 0.575238 0.8404
-1.1203 0.430042 -0 0.584922 0.783357
-1.14127 0.37082 -0 0.572108 0.778749
-1.14127 0.37082 -0 0.572108 0.778749
-1.1203 0.430042 -0 0.584922 0.783357
-1.33148 0.432624 -0 0.578666 0.728157
-1.1203 0.430042 -0 0.584922 0.783357
-1.30701 0.501715 -0 0.592467 0.733017
-1.33148 0.432624 -0 0.578666 0.728157
-1.33148 0.432624 -0 0.578666 0.728157
-1.30701 0.501715 -0 0.592467 0.733017
-1.52169 0.494427 -0 0.583756 0.684065
-1.30701 0.501715 -0 0.592467 0.733017
-1.49373 0.573389 -0 0.598331 0.689088
-1.52169 0.494427 -0 0.583756 0.684065
-1.52169 0.494427 -0 0.583756 0.684065
-1.49373 0.573389 -0 0.598331 0.689088
-1.7119 0.556231 -0 0.587723 0.645827
-1.49373 0.573389 -0 0.598331 0.689088
-1.68044 0.645062 -0 0.602908 0.650944
-1.7119 0.556231 -0 0.587723 0.645827
-1.7119 0.556231 -0 0.587723 0.645827
-1.68044 0.645062 -0 0.602908 0.650944
-1.90211 0.618034 -0 0.590839 0.612683
-1.68044 0.645062 -0 0.602908 0.650944
-1.86716 0.716736 -0 0.606506 0.617847
-1.90211 0.618034 -0 0.590839 0.612683
-1.90211 0.618034 -0 0.590839 0.612683
-1.86716 0.716736 -0 0.606506 0.617847
-2.09232 0.679837 -0 0.59331 0.583893
-1.86716 0.716736 -0 0.606506 0.617847
-2.05388 0.788409 -0 0.60936 0.589071
-2.09232 0.679837 -0 0.59331 0.583893
-2.09232 0.679837 -0 0.59331 0.583893
-2.05388 0.788409 -0 0.60936 0.589071
-2.47671 0.804731 0.04 0.597793 0.529516
-2.05388 0.788409 -0 0.60936 0.589071
-2.4312 0.933249 0.04 0.614537 0.534671
-2.47671 0.804731 0.04 0.597793 0.529516
-2.47671 0.804731 0.04 0.597793 0.529516
-2.4312 0.933249 0.04 0.614537 0.534671
-2.66692 0.866534 0.16 0.601409 0.490225
-2.4312 0.933249 0.04 0.614537 0.534671
-2.61791 1.00492 0.16 0.618693 0.49535
-2.66692 0.866534 0.16 0.601409 0.490225
-2.66692 0.866534 0.16 0.601409 0.490225
-2.61791 1.00492 0.16 0.618693 0.49535
-2.85713 0.928337 0.36 0.605783 0.440563
-2.61791 1.00492 0.16 0.618693 0.49535
-2.80463 1.0766 0.36 0.623712 0.445623
-2.85713 0.928337 0.36 0.605783 0.440563
-2.85713 0.928337 0.36 0.605783 0.440563
-2.80463 1.0766 0.36 0.623712 0.445623
-3.04734 0.990141 0.64 0.610457 0.380791
-2.80463 1.0766 0.36 0.623712 0.445623
-2.99134 1.14827 0.64 0.629061 0.385728
-3.04734 0.990141 0.64 0.610457 0.380791
-3.04734 0.990141 0.64 0.610457 0.380791
-2.99134 1.14827 0.64 0.629061 0.385728
-3.23755 1.05194 1 0.614843 0.311907
-2.99134 1.14827 0.64 0.629061 0.385728
-3.17806 1.21994 1 0.634063 0.316651
-3.23755 1.05194 1 0.614843 0.311907
-3.23755 1.05194 1 0.614843 0.311907
-3.17806 1.21994 1 0.634063 0.316651
-3.42776 1.11375 1.44 0.618264 0.236183
-3.17806 1.21994 1 0.634063 0.316651
-3.36478 1.29162 1.44 0.637945 0.240649
-3.42776 1.11375 1.44 0.618264 0.236183
-3.42776 1.11375 1.44 0.618264 0.236183
-3.36478 1.29162 1.44 0.637945 0.240649
-3.61797 1.17555 1.96 0.620104 0.157233
-3.36478 1.29162 1.44 0.637945 0.240649
-3.55149 1.36329 1.96 0.640004 0.161321
-3.61797 1.17555 1.96 0.620104 0.157233
-0.772741 0.207055 -0 0.542832 0.896809
-0.760845 0.247214 -0 0.552951 0.900053
-0.965926 0.258819 -0 0.55197 0.832478
-0.760845 0.247214 -0 0.552951 0.900053
-0.951057 0.309017 -0 0.563678 0.836157
-0.965926 0.258819 -0 0.55197 0.832478
-0.965926 0.258819 -0 0.55197 0.832478
-0.951057 0.309017 -0 0.563678 0.836157
-1.15911 0.310583 -0 0.559146 0.774755
-0.951057 0.309017 -0 0.563678 0.836157
-1.14127 0.37082 -0 0.572108 0.778749
-1.15911 0.310583 -0 0.559146 0.774755
-1.15911 0.310583 -0 0.559146 0.774755
-1.14127 0.37082 -0 0.572108 0.778749
-1.3523 0.362347 -0 0.56472 0.723944
-1.14127 0.37082 -0 0.572108 0.778749
-1.33148 0.432624 -0 0.578666 0.728157
-1.3523 0.362347 -0 0.56472 0.723944
-1.3523 0.362347 -0 0.56472 0.723944
-1.33148 0.432624 -0 0.578666 0.728157
-1.54548 0.41411 -0 0.569043 0.679713
-1.33148 0.432624 -0 0.578666 0.728157
-1.52169 0.494427 -0 0.583756 0.684065
-1.54548 0.41411 -0 0.569043 0.679713
-1.54548 0.41411 -0 0.569043 0.679713
-1.52169 0.494427 -0 0.583756 0.684065
-1.73867 0.465874 -0 0.572409 0.641395
-1.52169 0.494427 -0 0.583756 0.684065
-1.7119 0.556231 -0 0.587723 0.645827
-1.73867 0.465874 -0 0.572409 0.641395
-1.73867 0.465874 -0 0.572409 0.641395
-1.7119 0.556231 -0 0.587723 0.645827
-1.93185 0.517638 -0 0.575051 0.608213
-1.7119 0.556231 -0 0.587723 0.645827
-1.90211 0.618034 -0 0.590839 0.612683
-1.93185 0.517638 -0 0.575051 0.608213
-1.93185 0.517638 -0 0.575051 0.608213
-1.90211 0.618034 -0 0.590839 0.612683
-2.12504 0.569402 -0 0.577144 0.579413
-1.90211 0.618034 -0 0.590839 0.612683
-2.09232 0.679837 -0 0.59331 0.583893
-2.12504 0.569402 -0 0.577144 0.579413
-2.12504 0.569402 -0 0.577144 0.579413
-2.09232 0.679837 -0 0.59331 0.583893
-2.51543 0.674007 0.04 0.580949 0.525061
-2.09232 0.679837 -0 0.59331 0.583893
-2.47671 0.804731 0.04 0.597793 0.529516
-2.51543 0.674007 0.04 0.580949 0.525061
-2.51543 0.674007 0.04 0.580949 0.525061
-2.47671 0.804731 0.04 0.597793 0.529516
-2.70861 0.725771 0.16 0.58403 0.4858
-2.47671 0.804731 0.04 0.597793 0.529516
-2.66692 0.866534 0.16 0.601409 0.490225
-2.70861 0.725771 0.16 0.58403 0.4858
-2.70861 0.725771 0.16 0.58403 0.4858
-2.66692 0.866534 0.16 0.601409 0.490225
-2.9018 0.777535 0.36 0.587766 0.4362
-2.66692 0.866534 0.16 0.601409 0.490225
-2.85713 0.928337 0.36 0.605783 0.440563
-2.9018 0.777535 0.36 0.587766 0.4362
-2.9018 0.777535 0.36 0.587766 0.4362
-2.85713 0.928337 0.36 0.605783 0.440563
-3.09498 0.829298 0.64 0.59177 0.376535
-2.85713 0.928337 0.36 0.605783 0.440563
-3.04734 0.990141 0.64 0.610457 0.380791
-3.09498 0.829298 0.64 0.59177 0.376535
-3.09498 0.829298 0.64 0.59177 0.376535
-3.04734 0.990141 0.64 0.610457 0.380791
-3.28817 0.881062 1 0.595544 0.307816
-3.04734 0.990141 0.64 0.610457 0.380791
-3.23755 1.05194 1 0.614843 0.311907
-3.28817 0.881062 1 0.595544 0.307816
-3.28817 0.881062 1 0.595544 0.307816
-3.23755 1.05194 1 0.614843 0.311907
-3.48135 0.932826 1.44 0.598509 0.232331
-3.23755 1.05194 1 0.614843 0.311907
-3.42776 1.11375 1.44 0.618264 0.236183
-3.48135 0.932826 1.44 0.598509 0.232331
-3.48135 0.932826 1.44 0.598509 0.232331
-3.42776 1.11375 1.44 0.618264 0.236183
-3.67454 0.98459 1.96 0.600135 0.1537
-3.42776 1.11375 1.44 0.618264 0.236183
-3.61797 1.17555 1.96 0.620104 0.157233
-3.67454 0.98459 1.96 0.600135 0.1537
-0.782518 0.166329 -0 0.532595 0.894068
-0.772741 0.207055 -0 0.542832 0.896809
-0.978148 0.207912 -0 0.540139 0.829371
-0.772741 0.207055 -0 0.542832 0.896809
-0.965926 0.258819 -0 0.55197 0.832478
-0.978148 0.207912 -0 0.540139 0.829371
-0.978148 0.207912 -0 0.540139 0.829371
-0.965926 0.258819 -0 0.55197 0.832478
-1.17378 0.249494 -0 0.546059 0.771378
-0.965926 0.258819 -0 0.55197 0.832478
-1.15911 0.310583 -0 0.559146 0.774755
-1.17378 0.249494 -0 0.546059 0.771378
-1.17378 0.249494 -0 0.546059 0.771378
-1.15911 0.310583 -0 0.559146 0.774755
-1.36941 0.291076 -0 0.550654 0.720383
-1.15911 0.310583 -0 0.559146 0.774755
-1.3523 0.362347 -0 0.56472 0.723944
-1.36941 0.291076 -0 0.550654 0.720383
-1.36941 0.291076 -0 0.550654 0.720383
-1.3523 0.362347 -0 0.56472 0.723944
-1.56504 0.332659 -0 0.554216 0.676035
-1.3523 0.362347 -0 0.56472 0.723944
-1.54548 0.41411 -0 0.569043 0.679713
-1.56504 0.332659 -0 0.554216 0.676035
-1.56504 0.332659 -0 0.554216 0.676035
-1.54548 0.41411 -0 0.569043 0.679713
-1.76067 0.374241 -0 0.556988 0.63765
-1.54548 0.41411 -0 0.569043 0.679713
-1.73867 0.465874 -0 0.572409 0.641395
-1.76067 0.374241 -0 0.556988 0.63765
-1.76067 0.374241 -0 0.556988 0.63765
-1.73867 0.465874 -0 0.572409 0.641395
-1.9563 0.415823 -0 0.559164 0.604438
-1.73867 0.465874 -0 0.572409 0.641395
-1.93185 0.517638 -0 0.575051 0.608213
-1.9563 0.415823 -0 0.559164 0.604438
-1.9563 0.415823 -0 0.559164 0.604438
-1.93185 0.517638 -0 0.575051 0.608213
-2.15192 0.457406 -0 0.560888 0.575632
-1.93185 0.517638 -0 0.575051 0.608213
-2.12504 0.569402 -0 0.577144 0.579413
-2.15192 0.457406 -0 0.560888 0.575632
-2.15192 0.457406 -0 0.560888 0.575632
-2.12504 0.569402 -0 0.577144 0.579413
-2.54726 0.541436 0.04 0.564026 0.521305
-2.12504 0.569402 -0 0.577144 0.579413
-2.51543 0.674007 0.04 0.580949 0.525061
-2.54726 0.541436 0.04 0.564026 0.521305
-2.54726 0.541436 0.04 0.564026 0.521305
-2.51543 0.674007 0.04 0.580949 0.525061
-2.74289 0.583018 0.16 0.566578 0.48207
-2.51543 0.674007 0.04 0.580949 0.525061
-2.70861 0.725771 0.16 0.58403 0.4858
-2.74289 0.583018 0.16 0.566578 0.48207
-2.74289 0.583018 0.16 0.566578 0.48207
-2.70861 0.725771 0.16 0.58403 0.4858
-2.93851 0.624601 0.36 0.569682 0.432525
-2.70861 0.725771 0.16 0.58403 0.4858
-2.9018 0.777535 0.36 0.587766 0.4362
-2.93851 0.624601 0.36 0.569682 0.432525
-2.93851 0.624601 0.36 0.569682 0.432525
-2.9018 0.777535 0.36 0.587766 0.4362
-3.13414 0.666183 0.64 0.57302 0.372952
-2.9018 0.777535 0.36 0.587766 0.4362
-3.09498 0.829298 0.64 0.59177 0.376535
-3.13414 0.666183 0.64 0.57302 0.372952
-3.13414 0.666183 0.64 0.57302 0.372952
-3.09498 0.829298 0.64 0.59177 0.376535
-3.32977 0.707765 1 0.576184 0.304374
-3.09498 0.829298 0.64 0.59177 0.376535
-3.28817 0.881062 1 0.595544 0.307816
-3.32977 0.707765 1 0.576184 0.304374
-3.32977 0.707765 1 0.576184 0.304374
-3.28817 0.881062 1 0.595544 0.307816
-3.5254 0.749348 1.44 0.578694 0.229083
-3.28817 0.881062 1 0.595544 0.307816
-3.48135 0.932826 1.44 0.598509 0.232331
-3.5254 0.749348 1.44 0.578694 0.229083
-3.5254 0.749348 1.44 0.578694 0.229083
-3.48135 0.932826 1.44 0.598509 0.232331
-3.72103 0.79093 1.96 0.58011 0.150715
-3.48135 0.932826 1.44 0.598509 0.232331
-3.67454 0.98459 1.96 0.600135 0.1537
-3.72103 0.79093 1.96 0.58011 0.150715
-0.790151 0.125148 -0 0.522261 0.891834
-0.782518 0.166329 -0 0.532595 0.894068
-0.987688 0.156434 -0 0.528205 0.826835
-0.782518 0.166329 -0 0.532595 0.894068
-0.978148 0.207912 -0 0.540139 0.829371
-0.987688 0.156434 -0 0.528205 0.826835
-0.987688 0.156434 -0 0.528205 0.826835
-0.978148 0.207912 -0 0.540139 0.829371
-1.18523 0.187721 -0 0.53287 0.768623
-0.978148 0.207912 -0 0.540139 0.829371
-1.17378 0.249494 -0 0.546059 0.771378
-1.18523 0.187721 -0 0.53287 0.768623
-1.18523 0.187721 -0 0.53287 0.768623
-1.17378 0.249494 -0 0.546059 0.771378
-1.38276 0.219008 -0 0.536491 0.717478
-1.17378 0.249494 -0 0.546059 0.771378
-1.36941 0.291076 -0 0.550654 0.720383
-1.38276 0.219008 -0 0.536491 0.717478
-1.38276 0.219008 -0 0.536491 0.717478
-1.36941 0.291076 -0 0.550654 0.720383
-1.5803 0.250295 -0 0.539299 0.673035
-1.36941 0.291076 -0 0.550654 0.720383
-1.56504 0.332659 -0 0.554216 0.676035
-1.5803 0.250295 -0 0.539299 0.673035
-1.5803 0.250295 -0 0.539299 0.673035
-1.56504 0.332659 -0 0.554216 0.676035
-1.77784 0.281582 -0 0.541484 0.634596
-1.56504 0.332659 -0 0.554216 0.676035
-1.76067 0.374241 -0 0.556988 0.63765
-1.77784 0.281582 -0 0.541484 0.634596
-1.77784 0.281582 -0 0.541484 0.634596
-1.76067 0.374241 -0 0.556988 0.63765
-1.97538 0.312869 -0 0.543199 0.601358
-1.76067 0.374241 -0 0.556988 0.63765
-1.9563 0.415823 -0 0.559164 0.604438
-1.97538 0.312869 -0 0.543199 0.601358
-1.97538 0.312869 -0 0.543199 0.601358
-1.9563 0.415823 -0 0.559164 0.604438
-2.17291 0.344156 -0 0.54456 0.572547
-1.9563 0.415823 -0 0.559164 0.604438
-2.15192 0.457406 -0 0.560888 0.575632
-2.17291 0.344156 -0 0.54456 0.572547
-2.17291 0.344156 -0 0.54456 0.572547
-2.15192 0.457406 -0 0.560888 0.575632
-2.5721 0.407381 0.04 0.547044 0.518243
-2.15192 0.457406 -0 0.560888 0.575632
-2.54726 0.541436 0.04 0.564026 0.521305
-2.5721 0.407381 0.04 0.547044 0.518243
-2.5721 0.407381 0.04 0.547044 0.518243
-2.54726 0.541436 0.04 0.564026 0.521305
-2.76964 0.438668 0.16 0.549072 0.479033
-2.54726 0.541436 0.04 0.564026 0.521305
-2.74289 0.583018 0.16 0.566578 0.48207
-2.76964 0.438668 0.16 0.549072 0.479033
-2.76964 0.438668 0.16 0.549072 0.479033
-2.74289 0.583018 0.16 0.566578 0.48207
-2.96718 0.469955 0.36 0.551548 0.429532
-2.74289 0.583018 0.16 0.566578 0.48207
-2.93851 0.624601 0.36 0.569682 0.432525
-2.96718 0.469955 0.36 0.551548 0.429532
-2.96718 0.469955 0.36 0.551548 0.429532
-2.93851 0.624601 0.36 0.569682 0.432525
-3.16471 0.501242 0.64 0.554223 0.370034
-2.93851 0.624601 0.36 0.569682 0.432525
-3.13414 0.666183 0.64 0.57302 0.372952
-3.16471 0.501242 0.64 0.554223 0.370034
-3.16471 0.501242 0.64 0.554223 0.370034
-3.13414 0.666183 0.64 0.57302 0.372952
-3.36225 0.532528 1 0.556778 0.301567
-3.13414 0.666183 0.64 0.57302 0.372952
-3.32977 0.707765 1 0.576184 0.304374
-3.36225 0.532528 1 0.556778 0.301567
-3.36225 0.532528 1 0.556778 0.301567
-3.32977 0.707765 1 0.576184 0.304374
-3.55979 0.563815 1.44 0.558834 0.226432
-3.32977 0.707765 1 0.576184 0.304374
-3.5254 0.749348 1.44 0.578694 0.229083
-3.55979 0.563815 1.44 0.558834 0.226432
-3.55979 0.563815 1.44 0.558834 0.226432
-3.5254 0.749348 1.44 0.578694 0.229083
-3.75733 0.595102 1.96 0.56004 0.14827
-3.5254 0.749348 1.44 0.578694 0.229083
-3.72103 0.79093 1.96 0.58011 0.150715
-3.75733 0.595102 1.96 0.56004 0.14827
-0.795618 0.0836228 -0 0.511851 0.890111
-0.790151 0.125148 -0 0.522261 0.891834
-0.994522 0.104528 -0 0.516191 0.824879
-0.790151 0.125148 -0 0.522261 0.891834
-0.987688 0.156434 -0 0.528205 0.826835
-0.994522 0.104528 -0 0.516191 0.824879
-0.994522 0.104528 -0 0.516191 0.824879
-0.987688 0.156434 -0 0.528205 0.826835
-1.19343 0.125434 -0 0.519602 0.766494
-0.987688 0.156434 -0 0.528205 0.826835
-1.18523 0.187721 -0 0.53287 0.768623
-1.19343 0.125434 -0 0.519602 0.766494
-1.19343 0.125434 -0 0.519602 0.766494
-1.18523 0.187721 -0 0.53287 0.768623
-1.39233 0.14634 -0 0.522253 0.715231
-1.18523 0.187721 -0 0.53287 0.768623
-1.38276 0.219008 -0 0.536491 0.717478
-1.39233 0.14634 -0 0.522253 0.715231
-1.39233 0.14634 -0 0.522253 0.715231
-1.38276 0.219008 -0 0.536491 0.717478
-1.59124 0.167246 -0 0.524311 0.670713
-1.38276 0.219008 -0 0.536491 0.717478
-1.5803 0.250295 -0 0.539299 0.673035
-1.59124 0.167246 -0 0.524311 0.670713
-1.59124 0.167246 -0 0.524311 0.670713
-1.5803 0.250295 -0 0.539299 0.673035
-1.79014 0.188151 -0 0.525916 0.632232
-1.5803 0.250295 -0 0.539299 0.673035
-1.77784 0.281582 -0 0.541484 0.634596
-1.79014 0.188151 -0 0.525916 0.632232
-1.79014 0.188151 -0 0.525916 0.632232
-1.77784 0.281582 -0 0.541484 0.634596
-1.98904 0.209057 -0 0.527178 0.598975
-1.77784 0.281582 -0 0.541484 0.634596
-1.97538 0.312869 -0 0.543199 0.601358
-1.98904 0.209057 -0 0.527178 0.598975
-1.98904 0.209057 -0 0.527178 0.598975
-1.97538 0.312869 -0 0.543199 0.601358
-2.18795 0.229963 -0 0.52818 0.570161
-1.97538 0.312869 -0 0.543199 0.601358
-2.17291 0.344156 -0 0.54456 0.572547
-2.18795 0.229963 -0 0.52818 0.570161
-2.18795 0.229963 -0 0.52818 0.570161
-2.17291 0.344156 -0 0.54456 0.572547
-2.5899 0.272209 0.04 0.530018 0.515874
-2.17291 0.344156 -0 0.54456 0.572547
-2.5721 0.407381 0.04 0.547044 0.518243
-2.5899 0.272209 0.04 0.530018 0.515874
-2.5899 0.272209 0.04 0.530018 0.515874
-2.5721 0.407381 0.04 0.547044 0.518243
-2.7888 0.293115 0.16 0.531527 0.476682
-2.5721 0.407381 0.04 0.547044 0.518243
-2.76964 0.438668 0.16 0.549072 0.479033
-2.7888 0.293115 0.16 0.531527 0.476682
-2.7888 0.293115 0.16 0.531527 0.476682
-2.76964 0.438668 0.16 0.549072 0.479033
-2.98771 0.314021 0.36 0.533378 0.427215
-2.76964 0.438668 0.16 0.549072 0.479033
-2.96718 0.469955 0.36 0.551548 0.429532
-2.98771 0.314021 0.36 0.533378 0.427215
-2.98771 0.314021 0.36 0.533378 0.427215
-2.96718 0.469955 0.36 0.551548 0.429532
-3.18661 0.334926 0.64 0.535393 0.367775
-2.96718 0.469955 0.36 0.551548 0.429532
-3.16471 0.501242 0.64 0.554223 0.370034
-3.18661 0.334926 0.64 0.535393 0.367775
-3.18661 0.334926 0.64 0.535393 0.367775
-3.16471 0.501242 0.64 0.554223 0.370034
-3.38551 0.355832 1 0.537339 0.29939
-3.16471 0.501242 0.64 0.554223 0.370034
-3.36225 0.532528 1 0.556778 0.301567
-3.38551 0.355832 1 0.537339 0.29939
-3.38551 0.355832 1 0.537339 0.29939
-3.36225 0.532528 1 0.556778 0.301567
-3.58442 0.376738 1.44 0.53894 0.22437
-3.36225 0.532528 1 0.556778 0.301567
-3.55979 0.563815 1.44 0.558834 0.226432
-3.58442 0.376738 1.44 0.53894 0.22437
-3.58442 0.376738 1.44 0.53894 0.22437
-3.55979 0.563815 1.44 0.558834 0.226432
-3.78332 0.397643 1.96 0.539937 0.146364
-3.55979 0.563815 1.44 0.558834 0.226432
-3.75733 0.595102 1.96 0.56004 0.14827
-3.78332 0.397643 1.96 0.539937 0.146364
-0.798904 0.0418688 -0 0.501385 0.888899
-0.795618 0.0836228 -0 0.511851 0.890111
-0.99863 0.052336 -0 0.504119 0.8235
-0.795618 0.0836228 -0 0.511851 0.890111
-0.994522 0.104528 -0 0.516191 0.824879
-0.99863 0.052336 -0 0.504119 0.8235
-0.99863 0.052336 -0 0.504119 0.8235
-0.994522 0.104528 -0 0.516191 0.824879
-1.19836 0.0628031 -0 0.506276 0.764992
-0.994522 0.104528 -0 0.516191 0.824879
-1.19343 0.125434 -0 0.519602 0.766494
-1.19836 0.0628031 -0 0.506276 0.764992
-1.19836 0.0628031 -0 0.506276 0.764992
-1.19343 0.125434 -0 0.519602 0.766494
-1.39808 0.0732703 -0 0.507961 0.713645
-1.19343 0.125434 -0 0.519602 0.766494
-1.39233 0.14634 -0 0.522253 0.715231
-1.39808 0.0732703 -0 0.507961 0.713645
-1.39808 0.0732703 -0 0.507961 0.713645
-1.39233 0.14634 -0 0.522253 0.715231
-1.59781 0.0837375 -0 0.509274 0.669073
-1.39233 0.14634 -0 0.522253 0.715231
-1.59124 0.167246 -0 0.524311 0.670713
-1.59781 0.0837375 -0 0.509274 0.669073
-1.59781 0.0837375 -0 0.509274 0.669073
-1.59124 0.167246 -0 0.524311 0.670713
-1.79753 0.0942047 -0 0.510303 0.63056
-1.59124 0.167246 -0 0.524311 0.670713
-1.79014 0.188151 -0 0.525916 0.632232
-1.79753 0.0942047 -0 0.510303 0.63056
-1.79753 0.0942047 -0 0.510303 0.63056
-1.79014 0.188151 -0 0.525916 0.632232
-1.99726 0.104672 -0 0.511116 0.597289
-1.79014 0.188151 -0 0.525916 0.632232
-1.98904 0.209057 -0 0.527178 0.598975
-1.99726 0.104672 -0 0.511116 0.597289
-1.99726 0.104672 -0 0.511116 0.597289
-1.98904 0.209057 -0 0.527178 0.598975
-2.19699 0.115139 -0 0.511765 0.568472
-1.98904 0.209057 -0 0.527178 0.598975
-2.18795 0.229963 -0 0.52818 0.570161
-2.19699 0.115139 -0 0.511765 0.568472
-2.19699 0.115139 -0 0.511765 0.568472
-2.18795 0.229963 -0 0.52818 0.570161
-2.60059 0.136291 0.04 0.512964 0.514196
-2.18795 0.229963 -0 0.52818 0.570161
-2.5899 0.272209 0.04 0.530018 0.515874
-2.60059 0.136291 0.04 0.512964 0.514196
-2.60059 0.136291 0.04 0.512964 0.514196
-2.5899 0.272209 0.04 0.530018 0.515874
-2.80032 0.146759 0.16 0.513958 0.475014
-2.5899 0.272209 0.04 0.530018 0.515874
-2.7888 0.293115 0.16 0.531527 0.476682
-2.80032 0.146759 0.16 0.513958 0.475014
-2.80032 0.146759 0.16 0.513958 0.475014
-2.7888 0.293115 0.16 0.531527 0.476682
-3.00005 0.157226 0.36 0.515186 0.42557
-2.7888 0.293115 0.16 0.531527 0.476682
-2.98771 0.314021 0.36 0.533378 0.427215
-3.00005 0.157226 0.36 0.515186 0.42557
-3.00005 0.157226 0.36 0.515186 0.42557
-2.98771 0.314021 0.36 0.533378 0.427215
-3.19977 0.167693 0.64 0.516542 0.366166
-2.98771 0.314021 0.36 0.533378 0.427215
-3.18661 0.334926 0.64 0.535393 0.367775
-3.19977 0.167693 0.64 0.516542 0.366166
-3.19977 0.167693 0.64 0.516542 0.366166
-3.18661 0.334926 0.64 0.535393 0.367775
-3.3995 0.17816 1 0.517879 0.297836
-3.18661 0.334926 0.64 0.535393 0.367775
-3.38551 0.355832 1 0.537339 0.29939
-3.3995 0.17816 1 0.517879 0.297836
-3.3995 0.17816 1 0.517879 0.297836
-3.38551 0.355832 1 0.537339 0.29939
-3.59922 0.188627 1.44 0.519025 0.222891
-3.38551 0.355832 1 0.537339 0.29939
-3.58442 0.376738 1.44 0.53894 0.22437
-3.59922 0.188627 1.44 0.519025 0.222891
-3.59922 0.188627 1.44 0.519025 0.222891
-3.58442 0.376738 1.44 0.53894 0.22437
-3.79895 0.199095 1.96 0.519812 0.144988
-3.58442 0.376738 1.44 0.53894 0.22437
-3.78332 0.397643 1.96 0.539937 0.146364
-3.79895 0.199095 1.96 0.519812 0.144988
-0.8 4.89859e-17 -0 0.490885 0.888202
-0.798904 0.0418688 -0 0.501385 0.888899
-1 6.12323e-17 -0 0.492011 0.822702
-0.798904 0.0418688 -0 0.501385 0.888899
-0.99863 0.052336 -0 0.504119 0.8235
-1 6.12323e-17 -0 0.492011 0.822702
-1 6.12323e-17 -0 0.492011 0.822702
-0.99863 0.052336 -0 0.504119 0.8235
-1.2 7.34788e-17 -0 0.492916 0.76412
-0.99863 0.052336 -0 0.504119 0.8235
-1.19836 0.0628031 -0 0.506276 0.764992
-1.2 7.34788e-17 -0 0.492916 0.76412
-1.2 7.34788e-17 -0 0.492916 0.76412
-1.19836 0.0628031 -0 0.506276 0.764992
-1.4 8.57253e-17 -0 0.493636 0.712721
-1.19836 0.0628031 -0 0.506276 0.764992
-1.39808 0.0732703 -0 0.507961 0.713645
-1.4 8.57253e-17 -0 0.493636 0.712721
-1.4 8.57253e-17 -0 0.493636 0.712721
-1.39808 0.0732703 -0 0.507961 0.713645
-1.6 9.79717e-17 -0 0.494207 0.668116
-1.39808 0.0732703 -0 0.507961 0.713645
-1.59781 0.0837375 -0 0.509274 0.669073
-1.6 9.79717e-17 -0 0.494207 0.668116
-1.6 9.79717e-17 -0 0.494207 0.668116
-1.59781 0.0837375 -0 0.509274 0.669073
-1.8 1.10218e-16 -0 0.494663 0.629583
-1.59781 0.0837375 -0 0.509274 0.669073
-1.79753 0.0942047 -0 0.510303 0.63056
-1.8 1.10218e-16 -0 0.494663 0.629583
-1.8 1.10218e-16 -0 0.494663 0.629583
-1.79753 0.0942047 -0 0.510303 0.63056
-2 1.22465e-16 -0 0.49503 0.596301
-1.79753 0.0942047 -0 0.510303 0.63056
-1.99726 0.104672 -0 0.511116 0.597289
-2 1.22465e-16 -0 0.49503 0.596301
-2 1.22465e-16 -0 0.49503 0.596301
-1.99726 0.104672 -0 0.511116 0.597289
-2.2 1.34711e-16 -0 0.495328 0.567479
-1.99726 0.104672 -0 0.511116 0.597289
-2.19699 0.115139 -0 0.511765 0.568472
-2.2 1.34711e-16 -0 0.495328 0.567479
-2.2 1.34711e-16 -0 0.495328 0.567479
-2.19699 0.115139 -0 0.511765 0.568472
-2.60416 1.59459e-16 0.04 0.495894 0.513206
-2.19699 0.115139 -0 0.511765 0.568472
-2.60059 0.136291 0.04 0.512964 0.514196
-2.60416 1.59459e-16 0.04 0.495894 0.513206
-2.60416 1.59459e-16 0.04 0.495894 0.513206
-2.60059 0.136291 0.04 0.512964 0.514196
-2.80416 1.71705e-16 0.16 0.496373 0.474028
-2.60059 0.136291 0.04 0.512964 0.514196
-2.80032 0.146759 0.16 0.513958 0.475014
-2.80416 1.71705e-16 0.16 0.496373 0.474028
-2.80416 1.71705e-16 0.16 0.496373 0.474028
-2.80032 0.146759 0.16 0.513958 0.475014
-3.00416 1.83952e-16 0.36 0.496982 0.424592
-2.80032 0.146759 0.16 0.513958 0.475014
-3.00005 0.157226 0.36 0.515186 0.42557
-3.00416 1.83952e-16 0.36 0.496982 0.424592
-3.00416 1.83952e-16 0.36 0.496982 0.424592
-3.00005 0.157226 0.36 0.515186 0.42557
-3.20416 1.96198e-16 0.64 0.497679 0.365202
-3.00005 0.157226 0.36 0.515186 0.42557
-3.19977 0.167693 0.64 0.516542 0.366166
-3.20416 1.96198e-16 0.64 0.497679 0.365202
-3.20416 1.96198e-16 0.64 0.497679 0.365202
-3.19977 0.167693 0.64 0.516542 0.366166
-3.40416 2.08445e-16 1 0.498407 0.296899
-3.19977 0.167693 0.64 0.516542 0.366166
-3.3995 0.17816 1 0.517879 0.297836
-3.40416 2.08445e-16 1 0.498407 0.296899
-3.40416 2.08445e-16 1 0.498407 0.296899
-3.3995 0.17816 1 0.517879 0.297836
-3.60416 2.20691e-16 1.44 0.499096 0.221991
-3.3995 0.17816 1 0.517879 0.297836
-3.59922 0.188627 1.44 0.519025 0.222891
-3.60416 2.20691e-16 1.44 0.499096 0.221991
-3.60416 2.20691e-16 1.44 0.499096 0.221991
-3.59922 0.188627 1.44 0.519025 0.222891
-3.80416 2.32938e-16 1.96 0.499674 0.14414
-3.59922 0.188627 1.44 0.519025 0.222891
-3.79895 0.199095 1.96 0.519812 0.144988
-3.80416 2.32938e-16 1.96 0.499674 0.14414
-0.798904 -0.0418688 -0 0.480371 0.88802
-0.8 4.89859e-17 -0 0.490885 0.888202
-0.99863 -0.052336 -0 0.479889 0.822488
-0.8 4.89859e-17 -0 0.490885 0.888202
-1 6.12323e-17 -0 0.492011 0.822702
-0.99863 -0.052336 -0 0.479889 0.822488
-0.99863 -0.052336 -0 0.479889 0.822488
-1 6.12323e-17 -0 0.492011 0.822702
-1.19836 -0.0628031 -0 0.479542 0.763881
-1 6.12323e-17 -0 0.492011 0.822702
-1.2 7.34788e-17 -0 0.492916 0.76412
-1.19836 -0.0628031 -0 0.479542 0.763881
-1.19836 -0.0628031 -0 0.479542 0.763881
-1.2 7.34788e-17 -0 0.492916 0.76412
-1.39808 -0.0732703 -0 0.479297 0.712463
-1.2 7.34788e-17 -0 0.492916 0.76412
-1.4 8.57253e-17 -0 0.493636 0.712721
-1.39808 -0.0732703 -0 0.479297 0.712463
-1.39808 -0.0732703 -0 0.479297 0.712463
-1.4 8.57253e-17 -0 0.493636 0.712721
-1.59781 -0.0837375 -0 0.479128 0.667843
-1.4 8.57253e-17 -0 0.493636 0.712721
-1.6 9.79717e-17 -0 0.494207 0.668116
-1.59781 -0.0837375 -0 0.479128 0.667843
-1.59781 -0.0837375 -0 0.479128 0.667843
-1.6 9.79717e-17 -0 0.494207 0.668116
-1.79753 -0.0942047 -0 0.479012 0.6293
-1.6 9.79717e-17 -0 0.494207 0.668116
-1.8 1.10218e-16 -0 0.494663 0.629583
-1.79753 -0.0942047 -0 0.479012 0.6293
-1.79753 -0.0942047 -0 0.479012 0.6293
-1.8 1.10218e-16 -0 0.494663 0.629583
-1.99726 -0.104672 -0 0.478934 0.596012
-1.8 1.10218e-16 -0 0.494663 0.629583
-2 1.22465e-16 -0 0.49503 0.596301
-1.99726 -0.104672 -0 0.478934 0.596012
-1.99726 -0.104672 -0 0.478934 0.596012
-2 1.22465e-16 -0 0.49503 0.596301
-2.19699 -0.115139 -0 0.478883 0.567185
-2 1.22465e-16 -0 0.49503 0.596301
-2.2 1.34711e-16 -0 0.495328 0.567479
-2.19699 -0.115139 -0 0.478883 0.567185
-2.19699 -0.115139 -0 0.478883 0.567185
-2.2 1.34711e-16 -0 0.495328 0.567479
-2.60059 -0.136291 0.04 0.478817 0.512903
-2.2 1.34711e-16 -0 0.495328 0.567479
-2.60416 1.59459e-16 0.04 0.495894 0.513206
-2.60059 -0.136291 0.04 0.478817 0.512903
-2.60059 -0.136291 0.04 0.478817 0.512903
-2.60416 1.59459e-16 0.04 0.495894 0.513206
-2.80032 -0.146759 0.16 0.478785 0.47372
-2.60416 1.59459e-16 0.04 0.495894 0.513206
-2.80416 1.71705e-16 0.16 0.496373 0.474028
-2.80032 -0.146759 0.16 0.478785 0.47372
-2.80032 -0.146759 0.16 0.478785 0.47372
-2.80416 1.71705e-16 0.16 0.496373 0.474028
-3.00005 -0.157226 0.36 0.478774 0.424278
-2.80416 1.71705e-16 0.16 0.496373 0.474028
-3.00416 1.83952e-16 0.36 0.496982 0.424592
-3.00005 -0.157226 0.36 0.478774 0.424278
-3.00005 -0.157226 0.36 0.478774 0.424278
-3.00416 1.83952e-16 0.36 0.496982 0.424592
-3.19977 -0.167693 0.64 0.478812 0.364884
-3.00416 1.83952e-16 0.36 0.496982 0.424592
-3.20416 1.96198e-16 0.64 0.497679 0.365202
-3.19977 -0.167693 0.64 0.478812 0.364884
-3.19977 -0.167693 0.64 0.478812 0.364884
-3.20416 1.96198e-16 0.64 0.497679 0.365202
-3.3995 -0.17816 1 0.478931 0.296575
-3.20416 1.96198e-16 0.64 0.497679 0.365202
-3.40416 2.08445e-16 1 0.498407 0.296899
-3.3995 -0.17816 1 0.478931 0.296575
-3.3995 -0.17816 1 0.478931 0.296575
-3.40416 2.08445e-16 1 0.498407 0.296899
-3.59922 -0.188627 1.44 0.479164 0.221667
-3.40416 2.08445e-16 1 0.498407 0.296899
-3.60416 2.20691e-16 1.44 0.499096 0.221991
-3.59922 -0.188627 1.44 0.479164 0.221667
-3.59922 -0.188627 1.44 0.479164 0.221667
-3.60416 2.20691e-16 1.44 0.499096 0.221991
-3.79895 -0.199095 1.96 0.479531 0.143818
-3.60416 2.20691e-16 1.44 0.499096 0.221991
-3.80416 2.32938e-16 1.96 0.499674 0.14414
-3.79895 -0.199095 1.96 0.479531 0.143818
-0.795618 -0.0836228 -0 0.469864 0.888353
-0.798904 -0.0418688 -0 0.480371 0.88802
-0.994522 -0.104528 -0 0.467774 0.822857
-0.798904 -0.0418688 -0 0.480371 0.88802
-0.99863 -0.052336 -0 0.479889 0.822488
-0.994522 -0.104528 -0 0.467774 0.822857
-0.994522 -0.104528 -0 0.467774 0.822857
-0.99863 -0.052336 -0 0.479889 0.822488
-1.19343 -0.125434 -0 0.466174 0.764274
-0.99863 -0.052336 -0 0.479889 0.822488
-1.19836 -0.0628031 -0 0.479542 0.763881
-1.19343 -0.125434 -0 0.466174 0.764274
-1.19343 -0.125434 -0 0.466174 0.764274
-1.19836 -0.0628031 -0 0.479542 0.763881
-1.39233 -0.14634 -0 0.464965 0.712869
-1.19836 -0.0628031 -0 0.479542 0.763881
-1.39808 -0.0732703 -0 0.479297 0.712463
-1.39233 -0.14634 -0 0.464965 0.712869
-1.39233 -0.14634 -0 0.464965 0.712869
-1.39808 -0.0732703 -0 0.479297 0.712463
-1.59124 -0.167246 -0 0.464054 0.668256
-1.39808 -0.0732703 -0 0.479297 0.712463
-1.59781 -0.0837375 -0 0.479128 0.667843
-1.59124 -0.167246 -0 0.464054 0.668256
-1.59124 -0.167246 -0 0.464054 0.668256
-1.59781 -0.0837375 -0 0.479128 0.667843
-1.79014 -0.188151 -0 0.463367 0.629713
-1.59781 -0.0837375 -0 0.479128 0.667843
-1.79753 -0.0942047 -0 0.479012 0.6293
-1.79014 -0.188151 -0 0.463367 0.629713
-1.79014 -0.188151 -0 0.463367 0.629713
-1.79753 -0.0942047 -0 0.479012 0.6293
-1.98904 -0.209057 -0 0.462844 0.59642
-1.79753 -0.0942047 -0 0.479012 0.6293
-1.99726 -0.104672 -0 0.478934 0.596012
-1.98904 -0.209057 -0 0.462844 0.59642
-1.98904 -0.209057 -0 0.462844 0.59642
-1.99726 -0.104672 -0 0.478934 0.596012
-2.18795 -0.229963 -0 0.462442 0.567588
-1.99726 -0.104672 -0 0.478934 0.596012
-2.19699 -0.115139 -0 0.478883 0.567185
-2.18795 -0.229963 -0 0.462442 0.567588
-2.18795 -0.229963 -0 0.462442 0.567588
-2.19699 -0.115139 -0 0.478883 0.567185
-2.5899 -0.272209 0.04 0.461744 0.51329
-2.19699 -0.115139 -0 0.478883 0.567185
-2.60059 -0.136291 0.04 0.478817 0.512903
-2.5899 -0.272209 0.04 0.461744 0.51329
-2.5899 -0.272209 0.04 0.461744 0.51329
-2.60059 -0.136291 0.04 0.478817 0.512903
-2.7888 -0.293115 0.16 0.461199 0.474092
-2.60059 -0.136291 0.04 0.478817 0.512903
-2.80032 -0.146759 0.16 0.478785 0.47372
-2.7888 -0.293115 0.16 0.461199 0.474092
-2.7888 -0.293115 0.16 0.461199 0.474092
-2.80032 -0.146759 0.16 0.478785 0.47372
-2.98771 -0.314021 0.36 0.460568 0.424629
-2.80032 -0.146759 0.16 0.478785 0.47372
-3.00005 -0.157226 0.36 0.478774 0.424278
-2.98771 -0.314021 0.36 0.460568 0.424629
-2.98771 -0.314021 0.36 0.460568 0.424629
-3.00005 -0.157226 0.36 0.478774 0.424278
-3.18661 -0.334926 0.64 0.459948 0.365208
-3.00005 -0.157226 0.36 0.478774 0.424278
-3.19977 -0.167693 0.64 0.478812 0.364884
-3.18661 -0.334926 0.64 0.459948 0.365208
-3.18661 -0.334926 0.64 0.459948 0.365208
-3.19977 -0.167693 0.64 0.478812 0.364884
-3.38551 -0.355832 1 0.459459 0.296867
-3.19977 -0.167693 0.64 0.478812 0.364884
-3.3995 -0.17816 1 0.478931 0.296575
-3.38551 -0.355832 1 0.459459 0.296867
-3.38551 -0.355832 1 0.459459 0.296867
-3.3995 -0.17816 1 0.478931 0.296575
-3.58442 -0.376738 1.44 0.459236 0.221918
-3.3995 -0.17816 1 0.478931 0.296575
-3.59922 -0.188627 1.44 0.479164 0.221667
-3.58442 -0.376738 1.44 0.459236 0.221918
-3.58442 -0.376738 1.44 0.459236 0.221918
-3.59922 -0.188627 1.44 0.479164 0.221667
-3.78332 -0.397643 1.96 0.459393 0.144022
-3.59922 -0.188627 1.44 0.479164 0.221667
-3.79895 -0.199095 1.96 0.479531 0.143818
-3.78332 -0.397643 1.96 0.459393 0.144022
-0.790151 -0.125148 -0 0.459385 0.889201
-0.795618 -0.0836228 -0 0.469864 0.888353
-0.987688 -0.156434 -0 0.455688 0.823808
-0.795618 -0.0836228 -0 0.469864 0.888353
-0.994522 -0.104528 -0 0.467774 0.822857
-0.987688 -0.156434 -0 0.455688 0.823808
-0.987688 -0.156434 -0 0.455688 0.823808
-0.994522 -0.104528 -0 0.467774 0.822857
-1.18523 -0.187721 -0 0.452835 0.765297
-0.994522 -0.104528 -0 0.467774 0.822857
-1.19343 -0.125434 -0 0.466174 0.764274
-1.18523 -0.187721 -0 0.452835 0.765297
-1.18523 -0.187721 -0 0.452835 0.765297
-1.19343 -0.125434 -0 0.466174 0.764274
-1.38276 -0.219008 -0 0.45066 0.713939
-1.19343 -0.125434 -0 0.466174 0.764274
-1.39233 -0.14634 -0 0.464965 0.712869
-1.38276 -0.219008 -0 0.45066 0.713939
-1.38276 -0.219008 -0 0.45066 0.713939
-1.39233 -0.14634 -0 0.464965 0.712869
-1.5803 -0.250295 -0 0.449006 0.669352
-1.39233 -0.14634 -0 0.464965 0.712869
-1.59124 -0.167246 -0 0.464054 0.668256
-1.5803 -0.250295 -0 0.449006 0.669352
-1.5803 -0.250295 -0 0.449006 0.669352
-1.59124 -0.167246 -0 0.464054 0.668256
-1.77784 -0.281582 -0 0.447743 0.63082
-1.59124 -0.167246 -0 0.464054 0.668256
-1.79014 -0.188151 -0 0.463367 0.629713
-1.77784 -0.281582 -0 0.447743 0.63082
-1.77784 -0.281582 -0 0.447743 0.63082
-1.79014 -0.188151 -0 0.463367 0.629713
-1.97538 -0.312869 -0 0.446772 0.597529
-1.79014 -0.188151 -0 0.463367 0.629713
-1.98904 -0.209057 -0 0.462844 0.59642
-1.97538 -0.312869 -0 0.446772 0.597529
-1.97538 -0.312869 -0 0.446772 0.597529
-1.98904 -0.209057 -0 0.462844 0.59642
-2.17291 -0.344156 -0 0.446018 0.568689
-1.98904 -0.209057 -0 0.462844 0.59642
-2.18795 -0.229963 -0 0.462442 0.567588
-2.17291 -0.344156 -0 0.446018 0.568689
-2.17291 -0.344156 -0 0.446018 0.568689
-2.18795 -0.229963 -0 0.462442 0.567588
-2.5721 -0.407381 0.04 0.444684 0.514365
-2.18795 -0.229963 -0 0.462442 0.567588
-2.5899 -0.272209 0.04 0.461744 0.51329
-2.5721 -0.407381 0.04 0.444684 0.514365
-2.5721 -0.407381 0.04 0.444684 0.514365
-2.5899 -0.272209 0.04 0.461744 0.51329
-2.76964 -0.438668 0.16 0.443624 0.475144
-2.5899 -0.272209 0.04 0.461744 0.51329
-2.7888 -0.293115 0.16 0.461199 0.474092
-2.76964 -0.438668 0.16 0.443624 0.475144
-2.76964 -0.438668 0.16 0.443624 0.475144
-2.7888 -0.293115 0.16 0.461199 0.474092
-2.96718 -0.469955 0.36 0.442374 0.425647
-2.7888 -0.293115 0.16 0.461199 0.474092
-2.98771 -0.314021 0.36 0.460568 0.424629
-2.96718 -0.469955 0.36 0.442374 0.425647
-2.96718 -0.469955 0.36 0.442374 0.425647
-2.98771 -0.314021 0.36 0.460568 0.424629
-3.16471 -0.501242 0.64 0.441095 0.366178
-2.98771 -0.314021 0.36 0.460568 0.424629
-3.18661 -0.334926 0.64 0.459948 0.365208
-3.16471 -0.501242 0.64 0.441095 0.366178
-3.16471 -0.501242 0.64 0.441095 0.366178
-3.18661 -0.334926 0.64 0.459948 0.365208
-3.36225 -0.532528 1 0.439998 0.297775
-3.18661 -0.334926 0.64 0.459948 0.365208
-3.38551 -0.355832 1 0.459459 0.296867
-3.36225 -0.532528 1 0.439998 0.297775
-3.36225 -0.532528 1 0.439998 0.297775
-3.38551 -0.355832 1 0.459459 0.296867
-3.55979 -0.563815 1.44 0.439321 0.222748
-3.38551 -0.355832 1 0.459459 0.296867
-3.58442 -0.376738 1.44 0.459236 0.221918
-3.55979 -0.563815 1.44 0.439321 0.222748
-3.55979 -0.563815 1.44 0.439321 0.222748
-3.58442 -0.376738 1.44 0.459236 0.221918
-3.75733 -0.595102 1.96 0.439269 0.144753
-3.58442 -0.376738 1.44 0.459236 0.221918
-3.78332 -0.397643 1.96 0.459393 0.144022
-3.75733 -0.595102 1.96 0.439269 0.144753
-0.782518 -0.166329 -0 0.448955 0.890565
-0.790151 -0.125148 -0 0.459385 0.889201
-0.978148 -0.207912 -0 0.443653 0.825342
-0.790151 -0.125148 -0 0.459385 0.889201
-0.987688 -0.156434 -0 0.455688 0.823808
-0.978148 -0.207912 -0 0.443653 0.825342
-0.978148 -0.207912 -0 0.443653 0.825342
-0.987688 -0.156434 -0 0.455688 0.823808
-1.17378 -0.249494 -0 0.439546 0.766952
-0.987688 -0.156434 -0 0.455688 0.823808
-1.18523 -0.187721 -0 0.452835 0.765297
-1.17378 -0.249494 -0 0.439546 0.766952
-1.17378 -0.249494 -0 0.439546 0.766952
-1.18523 -0.187721 -0 0.452835 0.765297
-1.36941 -0.291076 -0 0.436401 0.715673
-1.18523 -0.187721 -0 0.452835 0.765297
-1.38276 -0.219008 -0 0.45066 0.713939
-1.36941 -0.291076 -0 0.436401 0.715673
-1.36941 -0.291076 -0 0.436401 0.715673
-1.38276 -0.219008 -0 0.45066 0.713939
-1.56504 -0.332659 -0 0.434 0.671132
-1.38276 -0.219008 -0 0.45066 0.713939
-1.5803 -0.250295 -0 0.449006 0.669352
-1.56504 -0.332659 -0 0.434 0.671132
-1.56504 -0.332659 -0 0.434 0.671132
-1.5803 -0.250295 -0 0.449006 0.669352
-1.76067 -0.374241 -0 0.432159 0.632622
-1.5803 -0.250295 -0 0.449006 0.669352
-1.77784 -0.281582 -0 0.447743 0.63082
-1.76067 -0.374241 -0 0.432159 0.632622
-1.76067 -0.374241 -0 0.432159 0.632622
-1.77784 -0.281582 -0 0.447743 0.63082
-1.9563 -0.415823 -0 0.430736 0.599335
-1.77784 -0.281582 -0 0.447743 0.63082
-1.97538 -0.312869 -0 0.446772 0.597529
-1.9563 -0.415823 -0 0.430736 0.599335
-1.9563 -0.415823 -0 0.430736 0.599335
-1.97538 -0.312869 -0 0.446772 0.597529
-2.15192 -0.457406 -0 0.429626 0.570488
-1.97538 -0.312869 -0 0.446772 0.597529
-2.17291 -0.344156 -0 0.446018 0.568689
-2.15192 -0.457406 -0 0.429626 0.570488
-2.15192 -0.457406 -0 0.429626 0.570488
-2.17291 -0.344156 -0 0.446018 0.568689
-2.54726 -0.541436 0.04 0.42765 0.51613
-2.17291 -0.344156 -0 0.446018 0.568689
-2.5721 -0.407381 0.04 0.444684 0.514365
-2.54726 -0.541436 0.04 0.42765 0.51613
-2.54726 -0.541436 0.04 0.42765 0.51613
-2.5721 -0.407381 0.04 0.444684 0.514365
-2.74289 -0.583018 0.16 0.426073 0.476879
-2.5721 -0.407381 0.04 0.444684 0.514365
-2.76964 -0.438668 0.16 0.443624 0.475144
-2.74289 -0.583018 0.16 0.426073 0.476879
-2.74289 -0.583018 0.16 0.426073 0.476879
-2.76964 -0.438668 0.16 0.443624 0.475144
-2.93851 -0.624601 0.36 0.4242 0.427335
-2.76964 -0.438668 0.16 0.443624 0.475144
-2.96718 -0.469955 0.36 0.442374 0.425647
-2.93851 -0.624601 0.36 0.4242 0.427335
-2.93851 -0.624601 0.36 0.4242 0.427335
-2.96718 -0.469955 0.36 0.442374 0.425647
-3.13414 -0.666183 0.64 0.422262 0.367798
-2.96718 -0.469955 0.36 0.442374 0.425647
-3.16471 -0.501242 0.64 0.441095 0.366178
-3.13414 -0.666183 0.64 0.422262 0.367798
-3.13414 -0.666183 0.64 0.422262 0.367798
-3.16471 -0.501242 0.64 0.441095 0.366178
-3.32977 -0.707765 1 0.420559 0.299304
-3.16471 -0.501242 0.64 0.441095 0.366178
-3.36225 -0.532528 1 0.439998 0.297775
-3.32977 -0.707765 1 0.420559 0.299304
-3.32977 -0.707765 1 0.420559 0.299304
-3.36225 -0.532528 1 0.439998 0.297775
-3.5254 -0.749348 1.44 0.419428 0.224159
-3.36225 -0.532528 1 0.439998 0.297775
-3.55979 -0.563815 1.44 0.439321 0.222748
-3.5254 -0.749348 1.44 0.419428 0.224159
-3.5254 -0.749348 1.44 0.419428 0.224159
-3.55979 -0.563815 1.44 0.439321 0.222748
-3.72103 -0.79093 1.96 0.419168 0.146014
-3.55979 -0.563815 1.44 0.439321 0.222748
-3.75733 -0.595102 1.96 0.439269 0.144753
-3.72103 -0.79093 1.96 0.419168 0.146014
-0.772741 -0.207055 -0 0.438594 0.892441
-0.782518 -0.166329 -0 0.448955 0.890565
-0.965926 -0.258819 -0 0.43169 0.827456
-0.782518 -0.166329 -0 0.448955 0.890565
-0.978148 -0.207912 -0 0.443653 0.825342
-0.965926 -0.258819 -0 0.43169 0.827456
-0.965926 -0.258819 -0 0.43169 0.827456
-0.978148 -0.207912 -0 0.443653 0.825342
-1.15911 -0.310583 -0 0.426328 0.769237
-0.978148 -0.207912 -0 0.443653 0.825342
-1.17378 -0.249494 -0 0.439546 0.766952
-1.15911 -0.310583 -0 0.426328 0.769237
-1.15911 -0.310583 -0 0.426328 0.769237
-1.17378 -0.249494 -0 0.439546 0.766952
-1.3523 -0.362347 -0 0.422211 0.718069
-1.17378 -0.249494 -0 0.439546 0.766952
-1.36941 -0.291076 -0 0.436401 0.715673
-1.3523 -0.362347 -0 0.422211 0.718069
-1.3523 -0.362347 -0 0.422211 0.718069
-1.36941 -0.291076 -0 0.436401 0.715673
-1.54548 -0.41411 -0 0.419057 0.673595
-1.36941 -0.291076 -0 0.436401 0.715673
-1.56504 -0.332659 -0 0.434 0.671132
-1.54548 -0.41411 -0 0.419057 0.673595
-1.54548 -0.41411 -0 0.419057 0.673595
-1.56504 -0.332659 -0 0.434 0.671132
-1.73867 -0.465874 -0 0.416632 0.635118
-1.56504 -0.332659 -0 0.434 0.671132
-1.76067 -0.374241 -0 0.432159 0.632622
-1.73867 -0.465874 -0 0.416632 0.635118
-1.73867 -0.465874 -0 0.416632 0.635118
-1.76067 -0.374241 -0 0.432159 0.632622
-1.93185 -0.517638 -0 0.414752 0.60184
-1.76067 -0.374241 -0 0.432159 0.632622
-1.9563 -0.415823 -0 0.430736 0.599335
-1.93185 -0.517638 -0 0.414752 0.60184
-1.93185 -0.517638 -0 0.414752 0.60184
-1.9563 -0.415823 -0 0.430736 0.599335
-2.12504 -0.569402 -0 0.413281 0.572986
-1.9563 -0.415823 -0 0.430736 0.599335
-2.15192 -0.457406 -0 0.429626 0.570488
-2.12504 -0.569402 -0 0.413281 0.572986
-2.12504 -0.569402 -0 0.413281 0.572986
-2.15192 -0.457406 -0 0.429626 0.570488
-2.51543 -0.674007 0.04 0.410654 0.518588
-2.15192 -0.457406 -0 0.429626 0.570488
-2.54726 -0.541436 0.04 0.42765 0.51613
-2.51543 -0.674007 0.04 0.410654 0.518588
-2.51543 -0.674007 0.04 0.410654 0.518588
-2.54726 -0.541436 0.04 0.42765 0.51613
-2.70861 -0.725771 0.16 0.408557 0.479302
-2.54726 -0.541436 0.04 0.42765 0.51613
-2.74289 -0.583018 0.16 0.426073 0.476879
-2.70861 -0.725771 0.16 0.408557 0.479302
-2.70861 -0.725771 0.16 0.408557 0.479302
-2.74289 -0.583018 0.16 0.426073 0.476879
-2.9018 -0.777535 0.36 0.406058 0.429699
-2.74289 -0.583018 0.16 0.426073 0.476879
-2.93851 -0.624601 0.36 0.4242 0.427335
-2.9018 -0.777535 0.36 0.406058 0.429699
-2.9018 -0.777535 0.36 0.406058 0.429699
-2.93851 -0.624601 0.36 0.4242 0.427335
-3.09498 -0.829298 0.64 0.40346 0.370074
-2.93851 -0.624601 0.36 0.4242 0.427335
-3.13414 -0.666183 0.64 0.422262 0.367798
-3.09498 -0.829298 0.64 0.40346 0.370074
-3.09498 -0.829298 0.64 0.40346 0.370074
-3.13414 -0.666183 0.64 0.422262 0.367798
-3.28817 -0.881062 1 0.40115 0.30146
-3.13414 -0.666183 0.64 0.422262 0.367798
-3.32977 -0.707765 1 0.420559 0.299304
-3.28817 -0.881062 1 0.40115 0.30146
-3.28817 -0.881062 1 0.40115 0.30146
-3.32977 -0.707765 1 0.420559 0.299304
-3.48135 -0.932826 1.44 0.399567 0.226157
-3.32977 -0.707765 1 0.420559 0.299304
-3.5254 -0.749348 1.44 0.419428 0.224159
-3.48135 -0.932826 1.44 0.399567 0.226157
-3.48135 -0.932826 1.44 0.399567 0.226157
-3.5254 -0.749348 1.44 0.419428 0.224159
-3.67454 -0.98459 1.96 0.399099 0.147809
-3.5254 -0.749348 1.44 0.419428 0.224159
-3.72103 -0.79093 1.96 0.419168 0.146014
-3.67454 -0.98459 1.96 0.399099 0.147809
-0.760845 -0.247214 -0 0.428323 0.894829
-0.772741 -0.207055 -0 0.438594 0.892441
-0.951057 -0.309017 -0 0.419823 0.830148
-0.772741 -0.207055 -0 0.438594 0.892441
-0.965926 -0.258819 -0 0.43169 0.827456
-0.951057 -0.309017 -0 0.419823 0.830148
-0.951057 -0.309017 -0 0.419823 0.830148
-0.965926 -0.258819 -0 0.43169 0.827456
-1.14127 -0.37082 -0 0.413205 0.772147
-0.965926 -0.258819 -0 0.43169 0.827456
-1.15911 -0.310583 -0 0.426328 0.769237
-1.14127 -0.37082 -0 0.413205 0.772147
-1.14127 -0.37082 -0 0.413205 0.772147
-1.15911 -0.310583 -0 0.426328 0.769237
-1.33148 -0.432624 -0 0.408111 0.721125
-1.15911 -0.310583 -0 0.426328 0.769237
-1.3523 -0.362347 -0 0.422211 0.718069
-1.33148 -0.432624 -0 0.408111 0.721125
-1.33148 -0.432624 -0 0.408111 0.721125
-1.3523 -0.362347 -0 0.422211 0.718069
-1.52169 -0.494427 -0 0.404198 0.676738
-1.3523 -0.362347 -0 0.422211 0.718069
-1.54548 -0.41411 -0 0.419057 0.673595
-1.52169 -0.494427 -0 0.404198 0.676738
-1.52169 -0.494427 -0 0.404198 0.676738
-1.54548 -0.41411 -0 0.419057 0.673595
-1.7119 -0.556231 -0 0.401182 0.638306
-1.54548 -0.41411 -0 0.419057 0.673595
-1.73867 -0.465874 -0 0.416632 0.635118
-1.7119 -0.556231 -0 0.401182 0.638306
-1.7119 -0.556231 -0 0.401182 0.638306
-1.73867 -0.465874 -0 0.416632 0.635118
-1.90211 -0.618034 -0 0.398839 0.605042
-1.73867 -0.465874 -0 0.416632 0.635118
-1.93185 -0.517638 -0 0.414752 0.60184
-1.90211 -0.618034 -0 0.398839 0.605042
-1.90211 -0.618034 -0 0.398839 0.605042
-1.93185 -0.517638 -0 0.414752 0.60184
-2.09232 -0.679837 -0 0.397001 0.576184
-1.93185 -0.517638 -0 0.414752 0.60184
-2.12504 -0.569402 -0 0.413281 0.572986
-2.09232 -0.679837 -0 0.397001 0.576184
-2.09232 -0.679837 -0 0.397001 0.576184
-2.12504 -0.569402 -0 0.413281 0.572986
-2.47671 -0.804731 0.04 0.393714 0.521742
-2.12504 -0.569402 -0 0.413281 0.572986
-2.51543 -0.674007 0.04 0.410654 0.518588
-2.47671 -0.804731 0.04 0.393714 0.521742
-2.47671 -0.804731 0.04 0.393714 0.521742
-2.51543 -0.674007 0.04 0.410654 0.518588
-2.66692 -0.866534 0.16 0.391091 0.482415
-2.51543 -0.674007 0.04 0.410654 0.518588
-2.70861 -0.725771 0.16 0.408557 0.479302
-2.66692 -0.866534 0.16 0.391091 0.482415
-2.66692 -0.866534 0.16 0.391091 0.482415
-2.70861 -0.725771 0.16 0.408557 0.479302
-2.85713 -0.928337 0.36 0.387962 0.432745
-2.70861 -0.725771 0.16 0.408557 0.479302
-2.9018 -0.777535 0.36 0.406058 0.429699
-2.85713 -0.928337 0.36 0.387962 0.432745
-2.85713 -0.928337 0.36 0.387962 0.432745
-2.9018 -0.777535 0.36 0.406058 0.429699
-3.04734 -0.990141 0.64 0.384703 0.373015
-2.9018 -0.777535 0.36 0.406058 0.429699
-3.09498 -0.829298 0.64 0.40346 0.370074
-3.04734 -0.990141 0.64 0.384703 0.373015
-3.04734 -0.990141 0.64 0.384703 0.373015
-3.09498 -0.829298 0.64 0.40346 0.370074
-3.23755 -1.05194 1 0.381785 0.304251
-3.09498 -0.829298 0.64 0.40346 0.370074
-3.28817 -0.881062 1 0.40115 0.30146
-3.23755 -1.05194 1 0.381785 0.304251
-3.23755 -1.05194 1 0.381785 0.304251
-3.28817 -0.881062 1 0.40115 0.30146
-3.42776 -1.11375 1.44 0.37975 0.22875
-3.28817 -0.881062 1 0.40115 0.30146
-3.48135 -0.932826 1.44 0.399567 0.226157
-3.42776 -1.11375 1.44 0.37975 0.22875
-3.42776 -1.11375 1.44 0.37975 0.22875
-3.48135 -0.932826 1.44 0.399567 0.226157
-3.61797 -1.17555 1.96 0.379073 0.150143
-3.48135 -0.932826 1.44 0.399567 0.226157
-3.67454 -0.98459 1.96 0.399099 0.147809
-3.61797 -1.17555 1.96 0.379073 0.150143
-0.746864 -0.286694 -0 0.418163 0.897726
-0.760845 -0.247214 -0 0.428323 0.894829
-0.93358 -0.358368 -0 0.408071 0.833416
-0.760845 -0.247214 -0 0.428323 0.894829
-0.951057 -0.309017 -0 0.419823 0.830148
-0.93358 -0.358368 -0 0.408071 0.833416
-0.93358 -0.358368 -0 0.408071 0.833416
-0.951057 -0.309017 -0 0.419823 0.830148
-1.1203 -0.430042 -0 0.400199 0.775679
-0.951057 -0.309017 -0 0.419823 0.830148
-1.14127 -0.37082 -0 0.413205 0.772147
-1.1203 -0.430042 -0 0.400199 0.775679
-1.1203 -0.430042 -0 0.400199 0.775679
-1.14127 -0.37082 -0 0.413205 0.772147
-1.30701 -0.501715 -0 0.394123 0.724837
-1.14127 -0.37082 -0 0.413205 0.772147
-1.33148 -0.432624 -0 0.408111 0.721125
-1.30701 -0.501715 -0 0.394123 0.724837
-1.30701 -0.501715 -0 0.394123 0.724837
-1.33148 -0.432624 -0 0.408111 0.721125
-1.49373 -0.573389 -0 0.389446 0.68056
-1.33148 -0.432624 -0 0.408111 0.721125
-1.52169 -0.494427 -0 0.404198 0.676738
-1.49373 -0.573389 -0 0.389446 0.68056
-1.49373 -0.573389 -0 0.389446 0.68056
-1.52169 -0.494427 -0 0.404198 0.676738
-1.68044 -0.645062 -0 0.385831 0.642186
-1.52169 -0.494427 -0 0.404198 0.676738
-1.7119 -0.556231 -0 0.401182 0.638306
-1.68044 -0.645062 -0 0.385831 0.642186
-1.68044 -0.645062 -0 0.385831 0.642186
-1.7119 -0.556231 -0 0.401182 0.638306
-1.86716 -0.716736 -0 0.383018 0.608944
-1.7119 -0.556231 -0 0.401182 0.638306
-1.90211 -0.618034 -0 0.398839 0.605042
-1.86716 -0.716736 -0 0.383018 0.608944
-1.86716 -0.716736 -0 0.383018 0.608944
-1.90211 -0.618034 -0 0.398839 0.605042
-2.05388 -0.788409 -0 0.380807 0.580082
-1.90211 -0.618034 -0 0.398839 0.605042
-2.09232 -0.679837 -0 0.397001 0.576184
-2.05388 -0.788409 -0 0.380807 0.580082
-2.05388 -0.788409 -0 0.380807 0.580082
-2.09232 -0.679837 -0 0.397001 0.576184
-2.4312 -0.933249 0.04 0.376847 0.525595
-2.09232 -0.679837 -0 0.397001 0.576184
-2.47671 -0.804731 0.04 0.393714 0.521742
-2.4312 -0.933249 0.04 0.376847 0.525595
-2.4312 -0.933249 0.04 0.376847 0.525595
-2.47671 -0.804731 0.04 0.393714 0.521742
-2.61791 -1.00492 0.16 0.373693 0.486226
-2.47671 -0.804731 0.04 0.393714 0.521742
-2.66692 -0.866534 0.16 0.391091 0.482415
-2.61791 -1.00492 0.16 0.373693 0.486226
-2.61791 -1.00492 0.16 0.373693 0.486226
-2.66692 -0.866534 0.16 0.391091 0.482415
-2.80463 -1.0766 0.36 0.36993 0.436479
-2.66692 -0.866534 0.16 0.391091 0.482415
-2.85713 -0.928337 0.36 0.387962 0.432745
-2.80463 -1.0766 0.36 0.36993 0.436479
-2.80463 -1.0766 0.36 0.36993 0.436479
-2.85713 -0.928337 0.36 0.387962 0.432745
-2.99134 -1.14827 0.64 0.366004 0.376627
-2.85713 -0.928337 0.36 0.387962 0.432745
-3.04734 -0.990141 0.64 0.384703 0.373015
-2.99134 -1.14827 0.64 0.366004 0.376627
-2.99134 -1.14827 0.64 0.366004 0.376627
-3.04734 -0.990141 0.64 0.384703 0.373015
-3.17806 -1.21994 1 0.362478 0.307687
-3.04734 -0.990141 0.64 0.384703 0.373015
-3.23755 -1.05194 1 0.381785 0.304251
-3.17806 -1.21994 1 0.362478 0.307687
-3.17806 -1.21994 1 0.362478 0.307687
-3.23755 -1.05194 1 0.381785 0.304251
-3.36478 -1.29162 1.44 0.35999 0.231944
-3.23755 -1.05194 1 0.381785 0.304251
-3.42776 -1.11375 1.44 0.37975 0.22875
-3.36478 -1.29162 1.44 0.35999 0.231944
-3.36478 -1.29162 1.44 0.35999 0.231944
-3.42776 -1.11375 1.44 0.37975 0.22875
-3.55149 -1.36329 1.96 0.359102 0.153021
-3.42776 -1.11375 1.44 0.37975 0.22875
-3.61797 -1.17555 1.96 0.379073 0.150143
-3.55149 -1.36329 1.96 0.359102 0.153021
-0.730836 -0.325389 -0 0.408135 0.901128
-0.746864 -0.286694 -0 0.418163 0.897726
-0.913545 -0.406737 -0 0.39646 0.837255
-0.746864 -0.286694 -0 0.418163 0.897726
-0.93358 -0.358368 -0 0.408071 0.833416
-0.913545 -0.406737 -0 0.39646 0.837255
-0.913545 -0.406737 -0 0.39646 0.837255
-0.93358 -0.358368 -0 0.408071 0.833416
-1.09625 -0.488084 -0 0.387332 0.779834
-0.93358 -0.358368 -0 0.408071 0.833416
-1.1203 -0.430042 -0 0.400199 0.775679
-1.09625 -0.488084 -0 0.387332 0.779834
-1.09625 -0.488084 -0 0.387332 0.779834
-1.1203 -0.430042 -0 0.400199 0.775679
-1.27896 -0.569431 -0 0.380272 0.729203
-1.1203 -0.430042 -0 0.400199 0.775679
-1.30701 -0.501715 -0 0.394123 0.724837
-1.27896 -0.569431 -0 0.380272 0.729203
-1.27896 -0.569431 -0 0.380272 0.729203
-1.30701 -0.501715 -0 0.394123 0.724837
-1.46167 -0.650779 -0 0.374823 0.685058
-1.30701 -0.501715 -0 0.394123 0.724837
-1.49373 -0.573389 -0 0.389446 0.68056
-1.46167 -0.650779 -0 0.374823 0.685058
-1.46167 -0.650779 -0 0.374823 0.685058
-1.49373 -0.573389 -0 0.389446 0.68056
-1.64438 -0.732126 -0 0.370603 0.646755
-1.49373 -0.573389 -0 0.389446 0.68056
-1.68044 -0.645062 -0 0.385831 0.642186
-1.64438 -0.732126 -0 0.370603 0.646755
-1.64438 -0.732126 -0 0.370603 0.646755
-1.68044 -0.645062 -0 0.385831 0.642186
-1.82709 -0.813473 -0 0.367311 0.613542
-1.68044 -0.645062 -0 0.385831 0.642186
-1.86716 -0.716736 -0 0.383018 0.608944
-1.82709 -0.813473 -0 0.367311 0.613542
-1.82709 -0.813473 -0 0.367311 0.613542
-1.86716 -0.716736 -0 0.383018 0.608944
-2.0098 -0.894821 -0 0.364719 0.584682
-1.86716 -0.716736 -0 0.383018 0.608944
-2.05388 -0.788409 -0 0.380807 0.580082
-2.0098 -0.894821 -0 0.364719 0.584682
-2.0098 -0.894821 -0 0.364719 0.584682
-2.05388 -0.788409 -0 0.380807 0.580082
-2.37902 -1.05921 0.04 0.360075 0.530151
-2.05388 -0.788409 -0 0.380807 0.580082
-2.4312 -0.933249 0.04 0.376847 0.525595
-2.37902 -1.05921 0.04 0.360075 0.530151
-2.37902 -1.05921 0.04 0.360075 0.530151
-2.4312 -0.933249 0.04 0.376847 0.525595
-2.56173 -1.14056 0.16 0.356383 0.490737
-2.4312 -0.933249 0.04 0.376847 0.525595
-2.61791 -1.00492 0.16 0.373693 0.486226
-2.56173 -1.14056 0.16 0.356383 0.490737
-2.56173 -1.14056 0.16 0.356383 0.490737
-2.61791 -1.00492 0.16 0.373693 0.486226
-2.74444 -1.2219 0.36 0.35198 0.440908
-2.61791 -1.00492 0.16 0.373693 0.486226
-2.80463 -1.0766 0.36 0.36993 0.436479
-2.74444 -1.2219 0.36 0.35198 0.440908
-2.74444 -1.2219 0.36 0.35198 0.440908
-2.80463 -1.0766 0.36 0.36993 0.436479
-2.92715 -1.30325 0.64 0.347383 0.38092
-2.80463 -1.0766 0.36 0.36993 0.436479
-2.99134 -1.14827 0.64 0.366004 0.376627
-2.92715 -1.30325 0.64 0.347383 0.38092
-2.92715 -1.30325 0.64 0.347383 0.38092
-2.99134 -1.14827 0.64 0.366004 0.376627
-3.10986 -1.3846 1 0.343245 0.311776
-2.99134 -1.14827 0.64 0.366004 0.376627
-3.17806 -1.21994 1 0.362478 0.307687
-3.10986 -1.3846 1 0.343245 0.311776
-3.10986 -1.3846 1 0.343245 0.311776
-3.17806 -1.21994 1 0.362478 0.307687
-3.29257 -1.46595 1.44 0.340299 0.235747
-3.17806 -1.21994 1 0.362478 0.307687
-3.36478 -1.29162 1.44 0.35999 0.231944
-3.29257 -1.46595 1.44 0.340299 0.235747
-3.29257 -1.46595 1.44 0.340299 0.235747
-3.36478 -1.29162 1.44 0.35999 0.231944
-3.47528 -1.54729 1.96 0.339197 0.156451
-3.36478 -1.29162 1.44 0.35999 0.231944
-3.55149 -1.36329 1.96 0.359102 0.153021
-3.47528 -1.54729 1.96 0.339197 0.156451
-0.913545 -0.406737 -0 0.39646 0.837255
-1.09625 -0.488084 -0 0.387332 0.779834
-1.06921 -0.544789 -0 0.374631 0.784603
-1.06921 -0.544789 -0 0.374631 0.784603
-1.09625 -0.488084 -0 0.387332 0.779834
-1.24741 -0.635587 -0 0.366581 0.73422
-1.09625 -0.488084 -0 0.387332 0.779834
-1.27896 -0.569431 -0 0.380272 0.729203
-1.24741 -0.635587 -0 0.366581 0.73422
-1.24741 -0.635587 -0 0.366581 0.73422
-1.27896 -0.569431 -0 0.380272 0.729203
-1.42561 -0.726385 -0 0.360355 0.690229
-1.27896 -0.569431 -0 0.380272 0.729203
-1.46167 -0.650779 -0 0.374823 0.685058
-1.42561 -0.726385 -0 0.360355 0.690229
-1.42561 -0.726385 -0 0.360355 0.690229
-1.46167 -0.650779 -0 0.374823 0.685058
-1.60381 -0.817183 -0 0.355521 0.652014
-1.46167 -0.650779 -0 0.374823 0.685058
-1.64438 -0.732126 -0 0.370603 0.646755
-1.60381 -0.817183 -0 0.355521 0.652014
-1.60381 -0.817183 -0 0.355521 0.652014
-1.64438 -0.732126 -0 0.370603 0.646755
-1.78201 -0.907981 -0 0.351743 0.618839
-1.64438 -0.732126 -0 0.370603 0.646755
-1.82709 -0.813473 -0 0.367311 0.613542
-1.78201 -0.907981 -0 0.351743 0.618839
-1.78201 -0.907981 -0 0.351743 0.618839
-1.82709 -0.813473 -0 0.367311 0.613542
-1.96021 -0.998779 -0 0.348763 0.589985
-1.82709 -0.813473 -0 0.367311 0.613542
-2.0098 -0.894821 -0 0.364719 0.584682
-1.96021 -0.998779 -0 0.348763 0.589985
-1.96021 -0.998779 -0 0.348763 0.589985
-2.0098 -0.894821 -0 0.364719 0.584682
-2.32033 -1.18227 0.04 0.34342 0.535414
-2.0098 -0.894821 -0 0.364719 0.584682
-2.37902 -1.05921 0.04 0.360075 0.530151
-2.32033 -1.18227 0.04 0.34342 0.535414
-2.32033 -1.18227 0.04 0.34342 0.535414
-2.37902 -1.05921 0.04 0.360075 0.530151
-2.49853 -1.27306 0.16 0.339183 0.495956
-2.37902 -1.05921 0.04 0.360075 0.530151
-2.56173 -1.14056 0.16 0.356383 0.490737
-2.49853 -1.27306 0.16 0.339183 0.495956
-2.49853 -1.27306 0.16 0.339183 0.495956
-2.56173 -1.14056 0.16 0.356383 0.490737
-2.67673 -1.36386 0.36 0.334134 0.446041
-2.56173 -1.14056 0.16 0.356383 0.490737
-2.74444 -1.2219 0.36 0.35198 0.440908
-2.67673 -1.36386 0.36 0.334134 0.446041
-2.67673 -1.36386 0.36 0.334134 0.446041
-2.74444 -1.2219 0.36 0.35198 0.440908
-2.85493 -1.45466 0.64 0.328861 0.385903
-2.74444 -1.2219 0.36 0.35198 0.440908
-2.92715 -1.30325 0.64 0.347383 0.38092
-2.85493 -1.45466 0.64 0.328861 0.385903
-2.85493 -1.45466 0.64 0.328861 0.385903
-2.92715 -1.30325 0.64 0.347383 0.38092
-3.03313 -1.54546 1 0.324104 0.316527
-2.92715 -1.30325 0.64 0.347383 0.38092
-3.10986 -1.3846 1 0.343245 0.311776
-3.03313 -1.54546 1 0.324104 0.316527
-3.03313 -1.54546 1 0.324104 0.316527
-3.10986 -1.3846 1 0.343245 0.311776
-3.21133 -1.63626 1.44 0.320696 0.240171
-3.10986 -1.3846 1 0.343245 0.311776
-3.29257 -1.46595 1.44 0.340299 0.235747
-3.21133 -1.63626 1.44 0.320696 0.240171
-3.21133 -1.63626 1.44 0.320696 0.240171
-3.29257 -1.46595 1.44 0.340299 0.235747
-3.38953 -1.72705 1.96 0.31937 0.160437
-3.29257 -1.46595 1.44 0.340299 0.235747
-3.47528 -1.54729 1.96 0.339197 0.156451
-3.38953 -1.72705 1.96 0.31937 0.160437
-2.49853 -1.27306 0.16 0.339183 0.495956
-2.67673 -1.36386 0.36 0.334134 0.446041
-2.60168 -1.50208 0.36 0.316414 0.451883
-2.60168 -1.50208 0.36 0.316414 0.451883
-2.67673 -1.36386 0.36 0.334134 0.446041
-2.77489 -1.60208 0.64 0.310457 0.391583
-2.67673 -1.36386 0.36 0.334134 0.446041
-2.85493 -1.45466 0.64 0.328861 0.385903
-2.77489 -1.60208 0.64 0.310457 0.391583
-2.77489 -1.60208 0.64 0.310457 0.391583
-2.85493 -1.45466 0.64 0.328861 0.385903
-2.94809 -1.70208 1 0.305074 0.32195
-2.85493 -1.45466 0.64 0.328861 0.385903
-3.03313 -1.54546 1 0.324104 0.316527
-2.94809 -1.70208 1 0.305074 0.32195
-2.94809 -1.70208 1 0.305074 0.32195
-3.03313 -1.54546 1 0.324104 0.316527
-3.1213 -1.80208 1.44 0.301195 0.245222
-3.03313 -1.54546 1 0.324104 0.316527
-3.21133 -1.63626 1.44 0.320696 0.240171
-3.1213 -1.80208 1.44 0.301195 0.245222
-3.1213 -1.80208 1.44 0.301195 0.245222
-3.21133 -1.63626 1.44 0.320696 0.240171
-3.2945 -1.90208 1.96 0.299636 0.164987
-3.21133 -1.63626 1.44 0.320696 0.240171
-3.38953 -1.72705 1.96 0.31937 0.160437
-3.2945 -1.90208 1.96 0.299636 0.164987
