0.128051 -0.154965 -0 0.636004 0.981911
0.128051 -0.156926 -0 0.637166 0.981546
0.128051 -0.232449 -0 0.684437 0.963535
0.128051 -0.156926 -0 0.637166 0.981546
0.128051 -0.23539 -0 0.68547 0.96307
0.128051 -0.232449 -0 0.684437 0.963535
0.128051 -0.232449 -0 0.684437 0.963535
0.128051 -0.23539 -0 0.68547 0.96307
0.128051 -0.309931 -0 0.726643 0.942892
0.128051 -0.23539 -0 0.68547 0.96307
0.128051 -0.313853 -0 0.728432 0.941851
0.128051 -0.309931 -0 0.726643 0.942892
0.128051 -0.309931 -0 0.726643 0.942892
0.128051 -0.313853 -0 0.728432 0.941851
0.128051 -0.387414 -0 0.763186 0.919527
0.128051 -0.313853 -0 0.728432 0.941851
0.128051 -0.392316 -0 0.76547 0.917914
0.128051 -0.387414 -0 0.763186 0.919527
0.128051 -0.387414 -0 0.763186 0.919527
0.128051 -0.392316 -0 0.76547 0.917914
0.128051 -0.464896 -0 0.794864 0.895442
0.128051 -0.392316 -0 0.76547 0.917914
0.128051 -0.47078 -0 0.797425 0.893328
0.128051 -0.464896 -0 0.794864 0.895442
0.128051 -0.464896 -0 0.794864 0.895442
0.128051 -0.47078 -0 0.797425 0.893328
0.128051 -0.542381 -0 0.821739 0.872778
0.128051 -0.47078 -0 0.797425 0.893328
0.128051 -0.549244 -0 0.823884 0.870764
0.128051 -0.542381 -0 0.821739 0.872778
0.128051 -0.542381 -0 0.821739 0.872778
0.128051 -0.549244 -0 0.823884 0.870764
0.128051 -0.619862 -0 0.844535 0.850311
0.128051 -0.549244 -0 0.823884 0.870764
0.128051 -0.627707 -0 0.846335 0.848432
0.128051 -0.619862 -0 0.844535 0.850311
0.128051 -0.619862 -0 0.844535 0.850311
0.128051 -0.627707 -0 0.846335 0.848432
0.128051 -0.697347 -0 0.863696 0.829476
0.128051 -0.627707 -0 0.846335 0.848432
0.128051 -0.70617 -0 0.865963 0.826884
0.128051 -0.697347 -0 0.863696 0.829476
0.128051 -0.697347 -0 0.863696 0.829476
0.128051 -0.70617 -0 0.865963 0.826884
0.128051 -0.774827 -0 0.880209 0.809943
0.128051 -0.70617 -0 0.865963 0.826884
0.128051 -0.784634 -0 0.882125 0.807575
0.128051 -0.774827 -0 0.880209 0.809943
0.128051 -0.774827 -0 0.880209 0.809943
0.128051 -0.784634 -0 0.882125 0.807575
0.128462 -0.852312 -0 0.894205 0.792131
0.128051 -0.784634 -0 0.882125 0.807575
0.128051 -0.863093 -0 0.895881 0.79064
0.128462 -0.852312 -0 0.894205 0.792131
0.128051 -0.15258 -0 0.63484 0.982272
0.128051 -0.154965 -0 0.636004 0.981911
0.128051 -0.22887 -0 0.68236 0.96446
0.128051 -0.154965 -0 0.636004 0.981911
0.128051 -0.232449 -0 0.684437 0.963535
0.128051 -0.22887 -0 0.68236 0.96446
0.128051 -0.22887 -0 0.68236 0.96446
0.128051 -0.232449 -0 0.684437 0.963535
0.128051 -0.30516 -0 0.723938 0.944446
0.128051 -0.232449 -0 0.684437 0.963535
0.128051 -0.309931 -0 0.726643 0.942892
0.128051 -0.30516 -0 0.723938 0.944446
0.128051 -0.30516 -0 0.723938 0.944446
0.128051 -0.309931 -0 0.726643 0.942892
0.128051 -0.38145 -0 0.760876 0.921139
0.128051 -0.309931 -0 0.726643 0.942892
0.128051 -0.387414 -0 0.763186 0.919527
0.128051 -0.38145 -0 0.760876 0.921139
0.128051 -0.38145 -0 0.760876 0.921139
0.128051 -0.387414 -0 0.763186 0.919527
0.128051 -0.457741 -0 0.792264 0.897563
0.128051 -0.387414 -0 0.763186 0.919527
0.128051 -0.464896 -0 0.794864 0.895442
0.128051 -0.457741 -0 0.792264 0.897563
0.128051 -0.457741 -0 0.792264 0.897563
0.128051 -0.464896 -0 0.794864 0.895442
0.128051 -0.534031 -0 0.81901 0.87531
0.128051 -0.464896 -0 0.794864 0.895442
0.128051 -0.542381 -0 0.821739 0.872778
0.128051 -0.534031 -0 0.81901 0.87531
0.128051 -0.534031 -0 0.81901 0.87531
0.128051 -0.542381 -0 0.821739 0.872778
0.128051 -0.61032 -0 0.841783 0.853152
0.128051 -0.542381 -0 0.821739 0.872778
0.128051 -0.619862 -0 0.844535 0.850311
0.128051 -0.61032 -0 0.841783 0.853152
0.128051 -0.61032 -0 0.841783 0.853152
0.128051 -0.619862 -0 0.844535 0.850311
0.128051 -0.68661 -0 0.861378 0.832098
0.128051 -0.619862 -0 0.844535 0.850311
0.128051 -0.697347 -0 0.863696 0.829476
0.128051 -0.68661 -0 0.861378 0.832098
0.128051 -0.68661 -0 0.861378 0.832098
0.128051 -0.697347 -0 0.863696 0.829476
0.139433 -0.762899 -0 0.874647 0.802223
0.128051 -0.697347 -0 0.863696 0.829476
0.128051 -0.774827 -0 0.880209 0.809943
0.139433 -0.762899 -0 0.874647 0.802223
0.128051 -0.149776 -0 0.632504 0.982986
0.128051 -0.15258 -0 0.63484 0.982272
0.128051 -0.224664 -0 0.679221 0.965834
0.128051 -0.15258 -0 0.63484 0.982272
0.128051 -0.22887 -0 0.68236 0.96446
0.128051 -0.224664 -0 0.679221 0.965834
0.128051 -0.224664 -0 0.679221 0.965834
0.128051 -0.22887 -0 0.68236 0.96446
0.128051 -0.299553 -0 0.721204 0.945992
0.128051 -0.22887 -0 0.68236 0.96446
0.128051 -0.30516 -0 0.723938 0.944446
0.128051 -0.299553 -0 0.721204 0.945992
0.128051 -0.299553 -0 0.721204 0.945992
0.128051 -0.30516 -0 0.723938 0.944446
0.128051 -0.374441 -0 0.757757 0.923287
0.128051 -0.30516 -0 0.723938 0.944446
0.128051 -0.38145 -0 0.760876 0.921139
0.128051 -0.374441 -0 0.757757 0.923287
0.128051 -0.374441 -0 0.757757 0.923287
0.128051 -0.38145 -0 0.760876 0.921139
0.128051 -0.44933 -0 0.788956 0.900222
0.128051 -0.38145 -0 0.760876 0.921139
0.128051 -0.457741 -0 0.792264 0.897563
0.128051 -0.44933 -0 0.788956 0.900222
0.128051 -0.44933 -0 0.788956 0.900222
0.128051 -0.457741 -0 0.792264 0.897563
0.128051 -0.524216 -0 0.815985 0.877207
0.128051 -0.457741 -0 0.792264 0.897563
0.128051 -0.534031 -0 0.81901 0.87531
0.128051 -0.524216 -0 0.815985 0.877207
0.128051 -0.524216 -0 0.815985 0.877207
0.128051 -0.534031 -0 0.81901 0.87531
0.129361 -0.599106 -0 0.838139 0.855178
0.128051 -0.534031 -0 0.81901 0.87531
0.128051 -0.61032 -0 0.841783 0.853152
0.129361 -0.599106 -0 0.838139 0.855178
0.129361 -0.599106 -0 0.838139 0.855178
0.128051 -0.61032 -0 0.841783 0.853152
0.145531 -0.673992 -0 0.853205 0.817756
0.128051 -0.61032 -0 0.841783 0.853152
0.128051 -0.68661 -0 0.861378 0.832098
0.145531 -0.673992 -0 0.853205 0.817756
0.145531 -0.673992 -0 0.853205 0.817756
0.128051 -0.68661 -0 0.861378 0.832098
0.161701 -0.748881 -0 0.865009 0.784513
0.128051 -0.68661 -0 0.861378 0.832098
0.139433 -0.762899 -0 0.874647 0.802223
0.161701 -0.748881 -0 0.865009 0.784513
0.128051 -0.146562 -0 0.630158 0.983688
0.128051 -0.149776 -0 0.632504 0.982986
0.128051 -0.219843 -0 0.676056 0.967192
0.128051 -0.149776 -0 0.632504 0.982986
0.128051 -0.224664 -0 0.679221 0.965834
0.128051 -0.219843 -0 0.676056 0.967192
0.128051 -0.219843 -0 0.676056 0.967192
0.128051 -0.224664 -0 0.679221 0.965834
0.128051 -0.293124 -0 0.717515 0.948041
0.128051 -0.224664 -0 0.679221 0.965834
0.128051 -0.299553 -0 0.721204 0.945992
0.128051 -0.293124 -0 0.717515 0.948041
0.128051 -0.293124 -0 0.717515 0.948041
0.128051 -0.299553 -0 0.721204 0.945992
0.128051 -0.366405 -0 0.753791 0.925968
0.128051 -0.299553 -0 0.721204 0.945992
0.128051 -0.374441 -0 0.757757 0.923287
0.128051 -0.366405 -0 0.753791 0.925968
0.128051 -0.366405 -0 0.753791 0.925968
0.128051 -0.374441 -0 0.757757 0.923287
0.128051 -0.439684 -0 0.785585 0.902889
0.128051 -0.374441 -0 0.757757 0.923287
0.128051 -0.44933 -0 0.788956 0.900222
0.128051 -0.439684 -0 0.785585 0.902889
0.128051 -0.439684 -0 0.785585 0.902889
0.128051 -0.44933 -0 0.788956 0.900222
0.128468 -0.512966 -0 0.811986 0.880801
0.128051 -0.44933 -0 0.788956 0.900222
0.128051 -0.524216 -0 0.815985 0.877207
0.128468 -0.512966 -0 0.811986 0.880801
0.128468 -0.512966 -0 0.811986 0.880801
0.128051 -0.524216 -0 0.815985 0.877207
0.146821 -0.586247 -0 0.82969 0.838759
0.128051 -0.524216 -0 0.815985 0.877207
0.129361 -0.599106 -0 0.838139 0.855178
0.146821 -0.586247 -0 0.82969 0.838759
0.146821 -0.586247 -0 0.82969 0.838759
0.129361 -0.599106 -0 0.838139 0.855178
0.165173 -0.659529 -0 0.843438 0.801497
0.129361 -0.599106 -0 0.838139 0.855178
0.145531 -0.673992 -0 0.853205 0.817756
0.165173 -0.659529 -0 0.843438 0.801497
0.165173 -0.659529 -0 0.843438 0.801497
0.145531 -0.673992 -0 0.853205 0.817756
0.183526 -0.73281 -0 0.854852 0.767723
0.145531 -0.673992 -0 0.853205 0.817756
0.161701 -0.748881 -0 0.865009 0.784513
0.183526 -0.73281 -0 0.854852 0.767723
0.128051 -0.142946 -0 0.627802 0.984379
0.128051 -0.146562 -0 0.630158 0.983688
0.128051 -0.214419 -0 0.672863 0.968531
0.128051 -0.146562 -0 0.630158 0.983688
0.128051 -0.219843 -0 0.676056 0.967192
0.128051 -0.214419 -0 0.672863 0.968531
0.128051 -0.214419 -0 0.672863 0.968531
0.128051 -0.219843 -0 0.676056 0.967192
0.128051 -0.285892 -0 0.713777 0.950074
0.128051 -0.219843 -0 0.676056 0.967192
0.128051 -0.293124 -0 0.717515 0.948041
0.128051 -0.285892 -0 0.713777 0.950074
0.128051 -0.285892 -0 0.713777 0.950074
0.128051 -0.293124 -0 0.717515 0.948041
0.128051 -0.357366 -0 0.749753 0.928642
0.128051 -0.293124 -0 0.717515 0.948041
0.128051 -0.366405 -0 0.753791 0.925968
0.128051 -0.357366 -0 0.749753 0.928642
0.128051 -0.357366 -0 0.749753 0.928642
0.128051 -0.366405 -0 0.753791 0.925968
0.128051 -0.428839 -0 0.780755 0.906634
0.128051 -0.366405 -0 0.753791 0.925968
0.128051 -0.439684 -0 0.785585 0.902889
0.128051 -0.428839 -0 0.780755 0.906634
0.128051 -0.428839 -0 0.780755 0.906634
0.128051 -0.439684 -0 0.785585 0.902889
0.143393 -0.500312 -0 0.803068 0.866853
0.128051 -0.439684 -0 0.785585 0.902889
0.128468 -0.512966 -0 0.811986 0.880801
0.143393 -0.500312 -0 0.803068 0.866853
0.143393 -0.500312 -0 0.803068 0.866853
0.128468 -0.512966 -0 0.811986 0.880801
0.163878 -0.571784 -0 0.819635 0.824611
0.128468 -0.512966 -0 0.811986 0.880801
0.146821 -0.586247 -0 0.82969 0.838759
0.163878 -0.571784 -0 0.819635 0.824611
0.163878 -0.571784 -0 0.819635 0.824611
0.146821 -0.586247 -0 0.82969 0.838759
0.184363 -0.643257 -0 0.833603 0.78504
0.146821 -0.586247 -0 0.82969 0.838759
0.165173 -0.659529 -0 0.843438 0.801497
0.184363 -0.643257 -0 0.833603 0.78504
0.184363 -0.643257 -0 0.833603 0.78504
0.165173 -0.659529 -0 0.843438 0.801497
0.204848 -0.714729 -0 0.843834 0.751504
0.165173 -0.659529 -0 0.843438 0.801497
0.183526 -0.73281 -0 0.854852 0.767723
0.204848 -0.714729 -0 0.843834 0.751504
0.128051 -0.138938 -0 0.625435 0.985057
0.128051 -0.142946 -0 0.627802 0.984379
0.128051 -0.208407 -0 0.669642 0.969853
0.128051 -0.142946 -0 0.627802 0.984379
0.128051 -0.214419 -0 0.672863 0.968531
0.128051 -0.208407 -0 0.669642 0.969853
0.128051 -0.208407 -0 0.669642 0.969853
0.128051 -0.214419 -0 0.672863 0.968531
0.128051 -0.277877 -0 0.709034 0.952591
0.128051 -0.214419 -0 0.672863 0.968531
0.128051 -0.285892 -0 0.713777 0.950074
0.128051 -0.277877 -0 0.709034 0.952591
0.128051 -0.277877 -0 0.709034 0.952591
0.128051 -0.285892 -0 0.713777 0.950074
0.128051 -0.347346 -0 0.744808 0.93184
0.128051 -0.285892 -0 0.713777 0.950074
0.128051 -0.357366 -0 0.749753 0.928642
0.128051 -0.347346 -0 0.744808 0.93184
0.128051 -0.347346 -0 0.744808 0.93184
0.128051 -0.357366 -0 0.749753 0.928642
0.135365 -0.416815 -0 0.773995 0.900262
0.128051 -0.357366 -0 0.749753 0.928642
0.128051 -0.428839 -0 0.780755 0.906634
0.135365 -0.416815 -0 0.773995 0.900262
0.135365 -0.416815 -0 0.773995 0.900262
0.128051 -0.428839 -0 0.780755 0.906634
0.157925 -0.486286 -0 0.794336 0.852522
0.128051 -0.428839 -0 0.780755 0.906634
0.143393 -0.500312 -0 0.803068 0.866853
0.157925 -0.486286 -0 0.794336 0.852522
0.157925 -0.486286 -0 0.794336 0.852522
0.143393 -0.500312 -0 0.803068 0.866853
0.180486 -0.555753 -0 0.809986 0.809889
0.143393 -0.500312 -0 0.803068 0.866853
0.163878 -0.571784 -0 0.819635 0.824611
0.180486 -0.555753 -0 0.809986 0.809889
0.180486 -0.555753 -0 0.809986 0.809889
0.163878 -0.571784 -0 0.819635 0.824611
0.203047 -0.625224 -0 0.822462 0.770591
0.163878 -0.571784 -0 0.819635 0.824611
0.184363 -0.643257 -0 0.833603 0.78504
0.203047 -0.625224 -0 0.822462 0.770591
0.128051 -0.13455 -0 0.621867 0.986051
0.128051 -0.138938 -0 0.625435 0.985057
0.128051 -0.201825 -0 0.665307 0.971585
0.128051 -0.138938 -0 0.625435 0.985057
0.128051 -0.208407 -0 0.669642 0.969853
0.128051 -0.201825 -0 0.665307 0.971585
0.128051 -0.201825 -0 0.665307 0.971585
0.128051 -0.208407 -0 0.669642 0.969853
0.128051 -0.269099 -0 0.704212 0.955078
0.128051 -0.208407 -0 0.669642 0.969853
0.128051 -0.277877 -0 0.709034 0.952591
0.128051 -0.269099 -0 0.704212 0.955078
0.128051 -0.269099 -0 0.704212 0.955078
0.128051 -0.277877 -0 0.709034 0.952591
0.128051 -0.336375 -0 0.739756 0.935024
0.128051 -0.277877 -0 0.709034 0.952591
0.128051 -0.347346 -0 0.744808 0.93184
0.128051 -0.336375 -0 0.739756 0.935024
0.128051 -0.336375 -0 0.739756 0.935024
0.128051 -0.347346 -0 0.744808 0.93184
0.14745 -0.403647 -0 0.765126 0.888867
0.128051 -0.347346 -0 0.744808 0.93184
0.135365 -0.416815 -0 0.773995 0.900262
0.14745 -0.403647 -0 0.765126 0.888867
0.14745 -0.403647 -0 0.765126 0.888867
0.135365 -0.416815 -0 0.773995 0.900262
0.172025 -0.470925 -0 0.783949 0.839883
0.135365 -0.416815 -0 0.773995 0.900262
0.157925 -0.486286 -0 0.794336 0.852522
0.172025 -0.470925 -0 0.783949 0.839883
0.172025 -0.470925 -0 0.783949 0.839883
0.157925 -0.486286 -0 0.794336 0.852522
0.1966 -0.538198 -0 0.799494 0.795055
0.157925 -0.486286 -0 0.794336 0.852522
0.180486 -0.555753 -0 0.809986 0.809889
0.1966 -0.538198 -0 0.799494 0.795055
0.1966 -0.538198 -0 0.799494 0.795055
0.180486 -0.555753 -0 0.809986 0.809889
0.221175 -0.605475 -0 0.811171 0.757003
0.180486 -0.555753 -0 0.809986 0.809889
0.203047 -0.625224 -0 0.822462 0.770591
0.221175 -0.605475 -0 0.811171 0.757003
0.128051 -0.129792 -0 0.619477 0.986698
0.128051 -0.13455 -0 0.621867 0.986051
0.128051 -0.194688 -0 0.660924 0.973282
0.128051 -0.13455 -0 0.621867 0.986051
0.128051 -0.201825 -0 0.665307 0.971585
0.128051 -0.194688 -0 0.660924 0.973282
0.128051 -0.194688 -0 0.660924 0.973282
0.128051 -0.201825 -0 0.665307 0.971585
0.128051 -0.259585 -0 0.699312 0.957532
0.128051 -0.201825 -0 0.665307 0.971585
0.128051 -0.269099 -0 0.704212 0.955078
0.128051 -0.259585 -0 0.699312 0.957532
0.128051 -0.259585 -0 0.699312 0.957532
0.128051 -0.269099 -0 0.704212 0.955078
0.132609 -0.324481 -0 0.732827 0.931344
0.128051 -0.269099 -0 0.704212 0.955078
0.128051 -0.336375 -0 0.739756 0.935024
0.132609 -0.324481 -0 0.732827 0.931344
0.132609 -0.324481 -0 0.732827 0.931344
0.128051 -0.336375 -0 0.739756 0.935024
0.159131 -0.389377 -0 0.755599 0.876756
0.128051 -0.336375 -0 0.739756 0.935024
0.14745 -0.403647 -0 0.765126 0.888867
0.159131 -0.389377 -0 0.755599 0.876756
0.159131 -0.389377 -0 0.755599 0.876756
0.14745 -0.403647 -0 0.765126 0.888867
0.185652 -0.454272 -0 0.773818 0.826925
0.14745 -0.403647 -0 0.765126 0.888867
0.172025 -0.470925 -0 0.783949 0.839883
0.185652 -0.454272 -0 0.773818 0.826925
0.185652 -0.454272 -0 0.773818 0.826925
0.172025 -0.470925 -0 0.783949 0.839883
0.212174 -0.519171 -0 0.787972 0.782144
0.172025 -0.470925 -0 0.783949 0.839883
0.1966 -0.538198 -0 0.799494 0.795055
0.212174 -0.519171 -0 0.787972 0.782144
0.212174 -0.519171 -0 0.787972 0.782144
0.1966 -0.538198 -0 0.799494 0.795055
0.238695 -0.584065 -0 0.799019 0.744113
0.1966 -0.538198 -0 0.799494 0.795055
0.221175 -0.605475 -0 0.811171 0.757003
0.238695 -0.584065 -0 0.799019 0.744113
0.128051 -0.124679 -0 0.615873 0.987645
0.128051 -0.129792 -0 0.619477 0.986698
0.128051 -0.187019 -0 0.656494 0.974941
0.128051 -0.129792 -0 0.619477 0.986698
0.128051 -0.194688 -0 0.660924 0.973282
0.128051 -0.187019 -0 0.656494 0.974941
0.128051 -0.187019 -0 0.656494 0.974941
0.128051 -0.194688 -0 0.660924 0.973282
0.128051 -0.249359 -0 0.693629 0.959287
0.128051 -0.194688 -0 0.660924 0.973282
0.128051 -0.259585 -0 0.699312 0.957532
0.128051 -0.249359 -0 0.693629 0.959287
0.128051 -0.249359 -0 0.693629 0.959287
0.128051 -0.259585 -0 0.699312 0.957532
0.141979 -0.311698 -0 0.724599 0.921323
0.128051 -0.259585 -0 0.699312 0.957532
0.132609 -0.324481 -0 0.732827 0.931344
0.141979 -0.311698 -0 0.724599 0.921323
0.141979 -0.311698 -0 0.724599 0.921323
0.132609 -0.324481 -0 0.732827 0.931344
0.170375 -0.374038 -0 0.745691 0.866424
0.132609 -0.324481 -0 0.732827 0.931344
0.159131 -0.389377 -0 0.755599 0.876756
0.170375 -0.374038 -0 0.745691 0.866424
0.170375 -0.374038 -0 0.745691 0.866424
0.159131 -0.389377 -0 0.755599 0.876756
0.198771 -0.436376 -0 0.763138 0.816202
0.159131 -0.389377 -0 0.755599 0.876756
0.185652 -0.454272 -0 0.773818 0.826925
0.198771 -0.436376 -0 0.763138 0.816202
0.198771 -0.436376 -0 0.763138 0.816202
0.185652 -0.454272 -0 0.773818 0.826925
0.227167 -0.498715 -0 0.776768 0.769626
0.185652 -0.454272 -0 0.773818 0.826925
0.212174 -0.519171 -0 0.787972 0.782144
0.227167 -0.498715 -0 0.776768 0.769626
0.227167 -0.498715 -0 0.776768 0.769626
0.212174 -0.519171 -0 0.787972 0.782144
0.255564 -0.561055 -0 0.78727 0.73006
0.212174 -0.519171 -0 0.787972 0.782144
0.238695 -0.584065 -0 0.799019 0.744113
0.255564 -0.561055 -0 0.78727 0.73006
0.128051 -0.119224 -0 0.612248 0.988562
0.128051 -0.124679 -0 0.615873 0.987645
0.128051 -0.178837 -0 0.650893 0.976962
0.128051 -0.124679 -0 0.615873 0.987645
0.128051 -0.187019 -0 0.656494 0.974941
0.128051 -0.178837 -0 0.650893 0.976962
0.128051 -0.178837 -0 0.650893 0.976962
0.128051 -0.187019 -0 0.656494 0.974941
0.128051 -0.238449 -0 0.687529 0.962134
0.128051 -0.187019 -0 0.656494 0.974941
0.128051 -0.249359 -0 0.693629 0.959287
0.128051 -0.238449 -0 0.687529 0.962134
0.128051 -0.238449 -0 0.687529 0.962134
0.128051 -0.249359 -0 0.693629 0.959287
0.150961 -0.298061 -0 0.714891 0.912833
0.128051 -0.249359 -0 0.693629 0.959287
0.141979 -0.311698 -0 0.724599 0.921323
0.150961 -0.298061 -0 0.714891 0.912833
0.150961 -0.298061 -0 0.714891 0.912833
0.141979 -0.311698 -0 0.724599 0.921323
0.181153 -0.357673 -0 0.735337 0.855861
0.141979 -0.311698 -0 0.724599 0.921323
0.170375 -0.374038 -0 0.745691 0.866424
0.181153 -0.357673 -0 0.735337 0.855861
0.181153 -0.357673 -0 0.735337 0.855861
0.170375 -0.374038 -0 0.745691 0.866424
0.211346 -0.417284 -0 0.752155 0.80365
0.170375 -0.374038 -0 0.745691 0.866424
0.198771 -0.436376 -0 0.763138 0.816202
0.211346 -0.417284 -0 0.752155 0.80365
0.211346 -0.417284 -0 0.752155 0.80365
0.198771 -0.436376 -0 0.763138 0.816202
0.241538 -0.476897 -0 0.764507 0.758904
0.198771 -0.436376 -0 0.763138 0.816202
0.227167 -0.498715 -0 0.776768 0.769626
0.241538 -0.476897 -0 0.764507 0.758904
0.241538 -0.476897 -0 0.764507 0.758904
0.227167 -0.498715 -0 0.776768 0.769626
0.271731 -0.536509 -0 0.774332 0.71788
0.227167 -0.498715 -0 0.776768 0.769626
0.255564 -0.561055 -0 0.78727 0.73006
0.271731 -0.536509 -0 0.774332 0.71788
0.128051 -0.113443 -0 0.608603 0.98945
0.128051 -0.119224 -0 0.612248 0.988562
0.128051 -0.170164 -0 0.645221 0.978919
0.128051 -0.119224 -0 0.612248 0.988562
0.128051 -0.178837 -0 0.650893 0.976962
0.128051 -0.170164 -0 0.645221 0.978919
0.128051 -0.170164 -0 0.645221 0.978919
0.128051 -0.178837 -0 0.650893 0.976962
0.128051 -0.226885 -0 0.680271 0.965378
0.128051 -0.178837 -0 0.650893 0.976962
0.128051 -0.238449 -0 0.687529 0.962134
0.128051 -0.226885 -0 0.680271 0.965378
0.128051 -0.226885 -0 0.680271 0.965378
0.128051 -0.238449 -0 0.687529 0.962134
0.159529 -0.283607 -0 0.705012 0.904244
0.128051 -0.238449 -0 0.687529 0.962134
0.150961 -0.298061 -0 0.714891 0.912833
0.159529 -0.283607 -0 0.705012 0.904244
0.159529 -0.283607 -0 0.705012 0.904244
0.150961 -0.298061 -0 0.714891 0.912833
0.191435 -0.340328 -0 0.724311 0.84684
0.150961 -0.298061 -0 0.714891 0.912833
0.181153 -0.357673 -0 0.735337 0.855861
0.191435 -0.340328 -0 0.724311 0.84684
0.191435 -0.340328 -0 0.724311 0.84684
0.181153 -0.357673 -0 0.735337 0.855861
0.22334 -0.39705 -0 0.740038 0.794668
0.181153 -0.357673 -0 0.735337 0.855861
0.211346 -0.417284 -0 0.752155 0.80365
0.22334 -0.39705 -0 0.740038 0.794668
0.22334 -0.39705 -0 0.740038 0.794668
0.211346 -0.417284 -0 0.752155 0.80365
0.255246 -0.45377 -0 0.751563 0.748447
0.211346 -0.417284 -0 0.752155 0.80365
0.241538 -0.476897 -0 0.764507 0.758904
0.255246 -0.45377 -0 0.751563 0.748447
0.255246 -0.45377 -0 0.751563 0.748447
0.241538 -0.476897 -0 0.764507 0.758904
0.287151 -0.510491 -0 0.76128 0.707694
0.241538 -0.476897 -0 0.764507 0.758904
0.271731 -0.536509 -0 0.774332 0.71788
0.287151 -0.510491 -0 0.76128 0.707694
0.128051 -0.10735 -0 0.603713 0.990585
0.128051 -0.113443 -0 0.608603 0.98945
0.128051 -0.161025 -0 0.639481 0.98081
0.128051 -0.113443 -0 0.608603 0.98945
0.128051 -0.170164 -0 0.645221 0.978919
0.128051 -0.161025 -0 0.639481 0.98081
0.128051 -0.161025 -0 0.639481 0.98081
0.128051 -0.170164 -0 0.645221 0.978919
0.134127 -0.2147 -0 0.672119 0.959448
0.128051 -0.170164 -0 0.645221 0.978919
0.128051 -0.226885 -0 0.680271 0.965378
0.134127 -0.2147 -0 0.672119 0.959448
0.134127 -0.2147 -0 0.672119 0.959448
0.128051 -0.226885 -0 0.680271 0.965378
0.167659 -0.268375 -0 0.695075 0.895678
0.128051 -0.226885 -0 0.680271 0.965378
0.159529 -0.283607 -0 0.705012 0.904244
0.167659 -0.268375 -0 0.695075 0.895678
0.167659 -0.268375 -0 0.695075 0.895678
0.159529 -0.283607 -0 0.705012 0.904244
0.201191 -0.32205 -0 0.713358 0.836296
0.159529 -0.283607 -0 0.705012 0.904244
0.191435 -0.340328 -0 0.724311 0.84684
0.201191 -0.32205 -0 0.713358 0.836296
0.201191 -0.32205 -0 0.713358 0.836296
0.191435 -0.340328 -0 0.724311 0.84684
0.234722 -0.375725 -0 0.727813 0.784179
0.191435 -0.340328 -0 0.724311 0.84684
0.22334 -0.39705 -0 0.740038 0.794668
0.234722 -0.375725 -0 0.727813 0.784179
0.234722 -0.375725 -0 0.727813 0.784179
0.22334 -0.39705 -0 0.740038 0.794668
0.268254 -0.429401 -0 0.739125 0.738044
0.22334 -0.39705 -0 0.740038 0.794668
0.255246 -0.45377 -0 0.751563 0.748447
0.268254 -0.429401 -0 0.739125 0.738044
0.268254 -0.429401 -0 0.739125 0.738044
0.255246 -0.45377 -0 0.751563 0.748447
0.301786 -0.483077 -0 0.74683 0.696398
0.255246 -0.45377 -0 0.751563 0.748447
0.287151 -0.510491 -0 0.76128 0.707694
0.301786 -0.483077 -0 0.74683 0.696398
0.128051 -0.100963 -0 0.600024 0.9914
0.128051 -0.10735 -0 0.603713 0.990585
0.128051 -0.151445 -0 0.633674 0.982631
0.128051 -0.10735 -0 0.603713 0.990585
0.128051 -0.161025 -0 0.639481 0.98081
0.128051 -0.151445 -0 0.633674 0.982631
0.128051 -0.151445 -0 0.633674 0.982631
0.128051 -0.161025 -0 0.639481 0.98081
0.140264 -0.201926 -0 0.663454 0.952959
0.128051 -0.161025 -0 0.639481 0.98081
0.134127 -0.2147 -0 0.672119 0.959448
0.140264 -0.201926 -0 0.663454 0.952959
0.140264 -0.201926 -0 0.663454 0.952959
0.134127 -0.2147 -0 0.672119 0.959448
0.17533 -0.252408 -0 0.685212 0.887283
0.134127 -0.2147 -0 0.672119 0.959448
0.167659 -0.268375 -0 0.695075 0.895678
0.17533 -0.252408 -0 0.685212 0.887283
0.17533 -0.252408 -0 0.685212 0.887283
0.167659 -0.268375 -0 0.695075 0.895678
0.210396 -0.30289 -0 0.702009 0.827779
0.167659 -0.268375 -0 0.695075 0.895678
0.201191 -0.32205 -0 0.713358 0.836296
0.210396 -0.30289 -0 0.702009 0.827779
0.210396 -0.30289 -0 0.702009 0.827779
0.201191 -0.32205 -0 0.713358 0.836296
0.245461 -0.353372 -0 0.715055 0.776139
0.201191 -0.32205 -0 0.713358 0.836296
0.234722 -0.375725 -0 0.727813 0.784179
0.245461 -0.353372 -0 0.715055 0.776139
0.245461 -0.353372 -0 0.715055 0.776139
0.234722 -0.375725 -0 0.727813 0.784179
0.280527 -0.403852 -0 0.725268 0.728747
0.234722 -0.375725 -0 0.727813 0.784179
0.268254 -0.429401 -0 0.739125 0.738044
0.280527 -0.403852 -0 0.725268 0.728747
0.280527 -0.403852 -0 0.725268 0.728747
0.268254 -0.429401 -0 0.739125 0.738044
0.315594 -0.454336 -0 0.732716 0.687783
0.268254 -0.429401 -0 0.739125 0.738044
0.301786 -0.483077 -0 0.74683 0.696398
0.315594 -0.454336 -0 0.732716 0.687783
0.128051 -0.0942996 -0 0.595077 0.992438
0.128051 -0.100963 -0 0.600024 0.9914
0.128051 -0.141449 -0 0.62662 0.984719
0.128051 -0.100963 -0 0.600024 0.9914
0.128051 -0.151445 -0 0.633674 0.982631
0.128051 -0.141449 -0 0.62662 0.984719
0.128051 -0.141449 -0 0.62662 0.984719
0.128051 -0.151445 -0 0.633674 0.982631
0.146017 -0.188599 -0 0.654239 0.945848
0.128051 -0.151445 -0 0.633674 0.982631
0.140264 -0.201926 -0 0.663454 0.952959
0.146017 -0.188599 -0 0.654239 0.945848
0.146017 -0.188599 -0 0.654239 0.945848
0.140264 -0.201926 -0 0.663454 0.952959
0.182521 -0.235749 -0 0.674074 0.88126
0.140264 -0.201926 -0 0.663454 0.952959
0.17533 -0.252408 -0 0.685212 0.887283
0.182521 -0.235749 -0 0.674074 0.88126
0.182521 -0.235749 -0 0.674074 0.88126
0.17533 -0.252408 -0 0.685212 0.887283
0.219025 -0.282899 -0 0.690738 0.81983
0.17533 -0.252408 -0 0.685212 0.887283
0.210396 -0.30289 -0 0.702009 0.827779
0.219025 -0.282899 -0 0.690738 0.81983
0.219025 -0.282899 -0 0.690738 0.81983
0.210396 -0.30289 -0 0.702009 0.827779
0.255528 -0.330049 -0 0.702483 0.766841
0.210396 -0.30289 -0 0.702009 0.827779
0.245461 -0.353372 -0 0.715055 0.776139
0.255528 -0.330049 -0 0.702483 0.766841
0.255528 -0.330049 -0 0.702483 0.766841
0.245461 -0.353372 -0 0.715055 0.776139
0.292033 -0.377199 -0 0.711174 0.720363
0.245461 -0.353372 -0 0.715055 0.776139
0.280527 -0.403852 -0 0.725268 0.728747
0.292033 -0.377199 -0 0.711174 0.720363
0.292033 -0.377199 -0 0.711174 0.720363
0.280527 -0.403852 -0 0.725268 0.728747
0.328537 -0.424347 -0 0.718573 0.678017
0.280527 -0.403852 -0 0.725268 0.728747
0.315594 -0.454336 -0 0.732716 0.687783
0.328537 -0.424347 -0 0.718573 0.678017
0.128051 -0.0873778 -0 0.590099 0.993417
0.128051 -0.0942996 -0 0.595077 0.992438
0.128051 -0.131066 -0 0.620673 0.986377
0.128051 -0.0942996 -0 0.595077 0.992438
0.128051 -0.141449 -0 0.62662 0.984719
0.128051 -0.131066 -0 0.620673 0.986377
0.146017 -0.188599 -0 0.654239 0.945848
0.182521 -0.235749 -0 0.674074 0.88126
0.189211 -0.218444 -0 0.663496 0.874169
0.189211 -0.218444 -0 0.663496 0.874169
0.182521 -0.235749 -0 0.674074 0.88126
0.227052 -0.262133 -0 0.677134 0.813467
0.182521 -0.235749 -0 0.674074 0.88126
0.219025 -0.282899 -0 0.690738 0.81983
0.227052 -0.262133 -0 0.677134 0.813467
0.227052 -0.262133 -0 0.677134 0.813467
0.219025 -0.282899 -0 0.690738 0.81983
0.264895 -0.305822 -0 0.68871 0.758813
0.219025 -0.282899 -0 0.690738 0.81983
0.255528 -0.330049 -0 0.702483 0.766841
0.264895 -0.305822 -0 0.68871 0.758813
0.264895 -0.305822 -0 0.68871 0.758813
0.255528 -0.330049 -0 0.702483 0.766841
0.302736 -0.34951 -0 0.697258 0.71082
0.255528 -0.330049 -0 0.702483 0.766841
0.292033 -0.377199 -0 0.711174 0.720363
0.302736 -0.34951 -0 0.697258 0.71082
0.302736 -0.34951 -0 0.697258 0.71082
0.292033 -0.377199 -0 0.711174 0.720363
0.34058 -0.393199 -0 0.704395 0.66955
0.292033 -0.377199 -0 0.711174 0.720363
0.328537 -0.424347 -0 0.718573 0.678017
0.34058 -0.393199 -0 0.704395 0.66955
0.128051 -0.0802161 -0 0.585092 0.994337
0.128051 -0.0873778 -0 0.590099 0.993417
0.128051 -0.120324 -0 0.613459 0.98826
0.128051 -0.0873778 -0 0.590099 0.993417
0.128051 -0.131066 -0 0.620673 0.986377
0.128051 -0.120324 -0 0.613459 0.98826
0.195382 -0.20054 -0 0.652038 0.868118
0.189211 -0.218444 -0 0.663496 0.874169
0.234458 -0.240648 -0 0.665098 0.807598
0.189211 -0.218444 -0 0.663496 0.874169
0.227052 -0.262133 -0 0.677134 0.813467
0.234458 -0.240648 -0 0.665098 0.807598
0.234458 -0.240648 -0 0.665098 0.807598
0.227052 -0.262133 -0 0.677134 0.813467
0.273536 -0.280756 -0 0.675115 0.751862
0.227052 -0.262133 -0 0.677134 0.813467
0.264895 -0.305822 -0 0.68871 0.758813
0.273536 -0.280756 -0 0.675115 0.751862
0.273536 -0.280756 -0 0.675115 0.751862
0.264895 -0.305822 -0 0.68871 0.758813
0.312611 -0.320864 -0 0.683319 0.704917
0.264895 -0.305822 -0 0.68871 0.758813
0.302736 -0.34951 -0 0.697258 0.71082
0.312611 -0.320864 -0 0.683319 0.704917
0.312611 -0.320864 -0 0.683319 0.704917
0.302736 -0.34951 -0 0.697258 0.71082
0.351689 -0.360972 -0 0.689043 0.662895
0.302736 -0.34951 -0 0.697258 0.71082
0.34058 -0.393199 -0 0.704395 0.66955
0.351689 -0.360972 -0 0.689043 0.662895
0.128051 -0.0802161 -0 0.585092 0.994337
0.128051 -0.120324 -0 0.613459 0.98826
0.128051 -0.109252 -0 0.604939 0.990307
0.195382 -0.20054 -0 0.652038 0.868118
0.234458 -0.240648 -0 0.665098 0.807598
0.241222 -0.218504 -0 0.652406 0.80117
0.241222 -0.218504 -0 0.652406 0.80117
0.234458 -0.240648 -0 0.665098 0.807598
0.281425 -0.254922 -0 0.660489 0.746536
0.234458 -0.240648 -0 0.665098 0.807598
0.273536 -0.280756 -0 0.675115 0.751862
0.281425 -0.254922 -0 0.660489 0.746536
0.281425 -0.254922 -0 0.660489 0.746536
0.273536 -0.280756 -0 0.675115 0.751862
0.321629 -0.291339 -0 0.668545 0.698481
0.273536 -0.280756 -0 0.675115 0.751862
0.312611 -0.320864 -0 0.683319 0.704917
0.321629 -0.291339 -0 0.668545 0.698481
0.321629 -0.291339 -0 0.668545 0.698481
0.312611 -0.320864 -0 0.683319 0.704917
0.361832 -0.327756 -0 0.67268 0.655659
0.312611 -0.320864 -0 0.683319 0.704917
0.351689 -0.360972 -0 0.689043 0.662895
0.361832 -0.327756 -0 0.67268 0.655659
0.247323 -0.195761 -0 0.638849 0.796236
0.241222 -0.218504 -0 0.652406 0.80117
0.288543 -0.228388 -0 0.646562 0.740356
0.241222 -0.218504 -0 0.652406 0.80117
0.281425 -0.254922 -0 0.660489 0.746536
0.288543 -0.228388 -0 0.646562 0.740356
0.288543 -0.228388 -0 0.646562 0.740356
0.281425 -0.254922 -0 0.660489 0.746536
0.329764 -0.261015 -0 0.652928 0.691481
0.281425 -0.254922 -0 0.660489 0.746536
0.321629 -0.291339 -0 0.668545 0.698481
0.329764 -0.261015 -0 0.652928 0.691481
0.329764 -0.261015 -0 0.652928 0.691481
0.321629 -0.291339 -0 0.668545 0.698481
0.370985 -0.293641 -0 0.656702 0.650244
0.321629 -0.291339 -0 0.668545 0.698481
0.361832 -0.327756 -0 0.67268 0.655659
0.370985 -0.293641 -0 0.656702 0.650244
0.247323 -0.195761 -0 0.638849 0.796236
0.288543 -0.228388 -0 0.646562 0.740356
0.294872 -0.201228 -0 0.631802 0.736017
0.294872 -0.201228 -0 0.631802 0.736017
0.288543 -0.228388 -0 0.646562 0.740356
0.336997 -0.229975 -0 0.637918 0.686232
0.288543 -0.228388 -0 0.646562 0.740356
0.329764 -0.261015 -0 0.652928 0.691481
0.336997 -0.229975 -0 0.637918 0.686232
0.336997 -0.229975 -0 0.637918 0.686232
0.329764 -0.261015 -0 0.652928 0.691481
0.37912 -0.258722 -0 0.641491 0.644204
0.329764 -0.261015 -0 0.652928 0.691481
0.370985 -0.293641 -0 0.656702 0.650244
0.37912 -0.258722 -0 0.641491 0.644204
0.37912 -0.258722 -0 0.641491 0.644204
0.370985 -0.293641 -0 0.656702 0.650244
0.421246 -0.287469 -0 0.644453 0.606015
0.294872 -0.201228 -0 0.631802 0.736017
0.336997 -0.229975 -0 0.637918 0.686232
0.343305 -0.198305 -0 0.622138 0.683144
0.343305 -0.198305 -0 0.622138 0.683144
0.336997 -0.229975 -0 0.637918 0.686232
0.386218 -0.223093 -0 0.625517 0.640478
0.336997 -0.229975 -0 0.637918 0.686232
0.37912 -0.258722 -0 0.641491 0.644204
0.386218 -0.223093 -0 0.625517 0.640478
0.386218 -0.223093 -0 0.625517 0.640478
0.37912 -0.258722 -0 0.641491 0.644204
0.429131 -0.247881 -0 0.628355 0.601709
0.37912 -0.258722 -0 0.641491 0.644204
0.421246 -0.287469 -0 0.644453 0.606015
0.429131 -0.247881 -0 0.628355 0.601709
0.343305 -0.198305 -0 0.622138 0.683144
0.386218 -0.223093 -0 0.625517 0.640478
0.392257 -0.186853 -0 0.608942 0.636432
0.392257 -0.186853 -0 0.608942 0.636432
0.386218 -0.223093 -0 0.625517 0.640478
0.43584 -0.207615 -0 0.611583 0.599964
0.386218 -0.223093 -0 0.625517 0.640478
0.429131 -0.247881 -0 0.628355 0.601709
0.43584 -0.207615 -0 0.611583 0.599964
0.37912 0.258722 -0 0.409516 0.651702
0.386218 0.223093 -0 0.426054 0.645014
0.421246 0.287469 -0 0.405032 0.615865
0.386218 0.223093 -0 0.426054 0.645014
0.429131 0.247881 -0 0.421671 0.608629
0.421246 0.287469 -0 0.405032 0.615865
0.329764 0.261015 -0 0.398836 0.699669
0.336997 0.229975 -0 0.414575 0.694122
0.370985 0.293641 -0 0.393599 0.657967
0.336997 0.229975 -0 0.414575 0.694122
0.37912 0.258722 -0 0.409516 0.651702
0.370985 0.293641 -0 0.393599 0.657967
0.370985 0.293641 -0 0.393599 0.657967
0.37912 0.258722 -0 0.409516 0.651702
0.412206 0.326268 -0 0.389027 0.622718
0.37912 0.258722 -0 0.409516 0.651702
0.421246 0.287469 -0 0.405032 0.615865
0.412206 0.326268 -0 0.389027 0.622718
0.281425 0.254922 -0 0.391835 0.755437
0.288543 0.228388 -0 0.406543 0.748901
0.321629 0.291339 -0 0.383891 0.70723
0.288543 0.228388 -0 0.406543 0.748901
0.329764 0.261015 -0 0.398836 0.699669
0.321629 0.291339 -0 0.383891 0.70723
0.321629 0.291339 -0 0.383891 0.70723
0.329764 0.261015 -0 0.398836 0.699669
0.361832 0.327756 -0 0.378474 0.666402
0.329764 0.261015 -0 0.398836 0.699669
0.370985 0.293641 -0 0.393599 0.657967
0.361832 0.327756 -0 0.378474 0.666402
0.234458 0.240648 -0 0.388693 0.815446
0.241222 0.218504 -0 0.402262 0.808547
0.273536 0.280756 -0 0.377785 0.761424
0.241222 0.218504 -0 0.402262 0.808547
0.281425 0.254922 -0 0.391835 0.755437
0.273536 0.280756 -0 0.377785 0.761424
0.273536 0.280756 -0 0.377785 0.761424
0.281425 0.254922 -0 0.391835 0.755437
0.312611 0.320864 -0 0.369638 0.714253
0.281425 0.254922 -0 0.391835 0.755437
0.321629 0.291339 -0 0.383891 0.70723
0.312611 0.320864 -0 0.369638 0.714253
0.312611 0.320864 -0 0.369638 0.714253
0.321629 0.291339 -0 0.383891 0.70723
0.351689 0.360972 -0 0.362447 0.671546
0.321629 0.291339 -0 0.383891 0.70723
0.361832 0.327756 -0 0.378474 0.666402
0.351689 0.360972 -0 0.362447 0.671546
0.128051 0.0873778 -0 0.466318 0.99637
0.128051 0.0802161 -0 0.471453 0.996974
0.128051 0.131066 -0 0.435996 0.99142
0.128051 0.0802161 -0 0.471453 0.996974
0.128051 0.120324 -0 0.443487 0.992863
0.128051 0.131066 -0 0.435996 0.99142
0.227052 0.262133 -0 0.375777 0.821734
0.234458 0.240648 -0 0.388693 0.815446
0.264895 0.305822 -0 0.364616 0.76906
0.234458 0.240648 -0 0.388693 0.815446
0.273536 0.280756 -0 0.377785 0.761424
0.264895 0.305822 -0 0.364616 0.76906
0.264895 0.305822 -0 0.364616 0.76906
0.273536 0.280756 -0 0.377785 0.761424
0.302736 0.34951 -0 0.354886 0.72278
0.273536 0.280756 -0 0.377785 0.761424
0.312611 0.320864 -0 0.369638 0.714253
0.302736 0.34951 -0 0.354886 0.72278
0.302736 0.34951 -0 0.354886 0.72278
0.312611 0.320864 -0 0.369638 0.714253
0.34058 0.393199 -0 0.347583 0.681177
0.312611 0.320864 -0 0.369638 0.714253
0.351689 0.360972 -0 0.362447 0.671546
0.34058 0.393199 -0 0.347583 0.681177
0.128051 0.0942996 -0 0.461203 0.9957
0.128051 0.0873778 -0 0.466318 0.99637
0.128051 0.141449 -0 0.429806 0.990117
0.128051 0.0873778 -0 0.466318 0.99637
0.128051 0.131066 -0 0.435996 0.99142
0.128051 0.141449 -0 0.429806 0.990117
0.182521 0.235749 -0 0.381075 0.889266
0.189211 0.218444 -0 0.391297 0.881298
0.219025 0.282899 -0 0.364003 0.831202
0.189211 0.218444 -0 0.391297 0.881298
0.227052 0.262133 -0 0.375777 0.821734
0.219025 0.282899 -0 0.364003 0.831202
0.219025 0.282899 -0 0.364003 0.831202
0.227052 0.262133 -0 0.375777 0.821734
0.255528 0.330049 -0 0.351049 0.777814
0.227052 0.262133 -0 0.375777 0.821734
0.264895 0.305822 -0 0.364616 0.76906
0.255528 0.330049 -0 0.351049 0.777814
0.255528 0.330049 -0 0.351049 0.777814
0.264895 0.305822 -0 0.364616 0.76906
0.292033 0.377199 -0 0.340992 0.730636
0.264895 0.305822 -0 0.364616 0.76906
0.302736 0.34951 -0 0.354886 0.72278
0.292033 0.377199 -0 0.340992 0.730636
0.292033 0.377199 -0 0.340992 0.730636
0.302736 0.34951 -0 0.354886 0.72278
0.328537 0.424347 -0 0.332291 0.689835
0.302736 0.34951 -0 0.354886 0.72278
0.34058 0.393199 -0 0.347583 0.681177
0.328537 0.424347 -0 0.332291 0.689835
0.128051 0.100963 -0 0.457382 0.995157
0.128051 0.0942996 -0 0.461203 0.9957
0.128051 0.151445 -0 0.422446 0.988437
0.128051 0.0942996 -0 0.461203 0.9957
0.128051 0.141449 -0 0.429806 0.990117
0.128051 0.151445 -0 0.422446 0.988437
0.17533 0.252408 -0 0.370401 0.897732
0.182521 0.235749 -0 0.381075 0.889266
0.210396 0.30289 -0 0.352924 0.839908
0.182521 0.235749 -0 0.381075 0.889266
0.219025 0.282899 -0 0.364003 0.831202
0.210396 0.30289 -0 0.352924 0.839908
0.210396 0.30289 -0 0.352924 0.839908
0.219025 0.282899 -0 0.364003 0.831202
0.245461 0.353372 -0 0.338569 0.787846
0.219025 0.282899 -0 0.364003 0.831202
0.255528 0.330049 -0 0.351049 0.777814
0.245461 0.353372 -0 0.338569 0.787846
0.245461 0.353372 -0 0.338569 0.787846
0.255528 0.330049 -0 0.351049 0.777814
0.280527 0.403852 -0 0.327149 0.741862
0.255528 0.330049 -0 0.351049 0.777814
0.292033 0.377199 -0 0.340992 0.730636
0.280527 0.403852 -0 0.327149 0.741862
0.280527 0.403852 -0 0.327149 0.741862
0.292033 0.377199 -0 0.340992 0.730636
0.315594 0.454336 -0 0.318213 0.700105
0.292033 0.377199 -0 0.340992 0.730636
0.328537 0.424347 -0 0.332291 0.689835
0.315594 0.454336 -0 0.318213 0.700105
0.128051 0.10735 -0 0.452307 0.994377
0.128051 0.100963 -0 0.457382 0.995157
0.128051 0.161025 -0 0.416372 0.986943
0.128051 0.100963 -0 0.457382 0.995157
0.128051 0.151445 -0 0.422446 0.988437
0.128051 0.161025 -0 0.416372 0.986943
0.128051 0.161025 -0 0.416372 0.986943
0.128051 0.151445 -0 0.422446 0.988437
0.134127 0.2147 -0 0.383589 0.967604
0.167659 0.268375 -0 0.360362 0.905471
0.17533 0.252408 -0 0.370401 0.897732
0.201191 0.32205 -0 0.340389 0.848743
0.17533 0.252408 -0 0.370401 0.897732
0.210396 0.30289 -0 0.352924 0.839908
0.201191 0.32205 -0 0.340389 0.848743
0.201191 0.32205 -0 0.340389 0.848743
0.210396 0.30289 -0 0.352924 0.839908
0.234722 0.375725 -0 0.325726 0.796619
0.210396 0.30289 -0 0.352924 0.839908
0.245461 0.353372 -0 0.338569 0.787846
0.234722 0.375725 -0 0.325726 0.796619
0.234722 0.375725 -0 0.325726 0.796619
0.245461 0.353372 -0 0.338569 0.787846
0.268254 0.429401 -0 0.313136 0.751756
0.245461 0.353372 -0 0.338569 0.787846
0.280527 0.403852 -0 0.327149 0.741862
0.268254 0.429401 -0 0.313136 0.751756
0.268254 0.429401 -0 0.313136 0.751756
0.280527 0.403852 -0 0.327149 0.741862
0.301786 0.483077 -0 0.304197 0.711441
0.280527 0.403852 -0 0.327149 0.741862
0.315594 0.454336 -0 0.318213 0.700105
0.301786 0.483077 -0 0.304197 0.711441
0.128051 0.113443 -0 0.448517 0.993751
0.128051 0.10735 -0 0.452307 0.994377
0.128051 0.170164 -0 0.410356 0.985367
0.128051 0.10735 -0 0.452307 0.994377
0.128051 0.161025 -0 0.416372 0.986943
0.128051 0.170164 -0 0.410356 0.985367
0.128051 0.170164 -0 0.410356 0.985367
0.128051 0.161025 -0 0.416372 0.986943
0.128051 0.226885 -0 0.375601 0.97435
0.128051 0.161025 -0 0.416372 0.986943
0.134127 0.2147 -0 0.383589 0.967604
0.128051 0.226885 -0 0.375601 0.97435
0.128051 0.226885 -0 0.375601 0.97435
0.134127 0.2147 -0 0.383589 0.967604
0.159529 0.283607 -0 0.350067 0.913504
0.134127 0.2147 -0 0.383589 0.967604
0.167659 0.268375 -0 0.360362 0.905471
0.159529 0.283607 -0 0.350067 0.913504
0.159529 0.283607 -0 0.350067 0.913504
0.167659 0.268375 -0 0.360362 0.905471
0.191435 0.340328 -0 0.330167 0.858846
0.167659 0.268375 -0 0.360362 0.905471
0.201191 0.32205 -0 0.340389 0.848743
0.191435 0.340328 -0 0.330167 0.858846
0.191435 0.340328 -0 0.330167 0.858846
0.201191 0.32205 -0 0.340389 0.848743
0.22334 0.39705 -0 0.313241 0.80785
0.201191 0.32205 -0 0.340389 0.848743
0.234722 0.375725 -0 0.325726 0.796619
0.22334 0.39705 -0 0.313241 0.80785
0.22334 0.39705 -0 0.313241 0.80785
0.234722 0.375725 -0 0.325726 0.796619
0.255246 0.45377 -0 0.300473 0.762754
0.234722 0.375725 -0 0.325726 0.796619
0.268254 0.429401 -0 0.313136 0.751756
0.255246 0.45377 -0 0.300473 0.762754
0.255246 0.45377 -0 0.300473 0.762754
0.268254 0.429401 -0 0.313136 0.751756
0.287151 0.510491 -0 0.290217 0.721443
0.268254 0.429401 -0 0.313136 0.751756
0.301786 0.483077 -0 0.304197 0.711441
0.287151 0.510491 -0 0.290217 0.721443
0.128051 0.119224 -0 0.444742 0.993091
0.128051 0.113443 -0 0.448517 0.993751
0.128051 0.178837 -0 0.405587 0.984049
0.128051 0.113443 -0 0.448517 0.993751
0.128051 0.170164 -0 0.410356 0.985367
0.128051 0.178837 -0 0.405587 0.984049
0.128051 0.178837 -0 0.405587 0.984049
0.128051 0.170164 -0 0.410356 0.985367
0.128051 0.238449 -0 0.368948 0.971861
0.128051 0.170164 -0 0.410356 0.985367
0.128051 0.226885 -0 0.375601 0.97435
0.128051 0.238449 -0 0.368948 0.971861
0.128051 0.238449 -0 0.368948 0.971861
0.128051 0.226885 -0 0.375601 0.97435
0.150961 0.298061 -0 0.339966 0.923015
0.128051 0.226885 -0 0.375601 0.97435
0.159529 0.283607 -0 0.350067 0.913504
0.150961 0.298061 -0 0.339966 0.923015
0.150961 0.298061 -0 0.339966 0.923015
0.159529 0.283607 -0 0.350067 0.913504
0.181153 0.357673 -0 0.318831 0.868675
0.159529 0.283607 -0 0.350067 0.913504
0.191435 0.340328 -0 0.330167 0.858846
0.181153 0.357673 -0 0.318831 0.868675
0.181153 0.357673 -0 0.318831 0.868675
0.191435 0.340328 -0 0.330167 0.858846
0.211346 0.417284 -0 0.30178 0.818015
0.191435 0.340328 -0 0.330167 0.858846
0.22334 0.39705 -0 0.313241 0.80785
0.211346 0.417284 -0 0.30178 0.818015
0.211346 0.417284 -0 0.30178 0.818015
0.22334 0.39705 -0 0.313241 0.80785
0.241538 0.476897 -0 0.288094 0.77424
0.22334 0.39705 -0 0.313241 0.80785
0.255246 0.45377 -0 0.300473 0.762754
0.241538 0.476897 -0 0.288094 0.77424
0.241538 0.476897 -0 0.288094 0.77424
0.255246 0.45377 -0 0.300473 0.762754
0.271731 0.536509 -0 0.277919 0.734602
0.255246 0.45377 -0 0.300473 0.762754
0.287151 0.510491 -0 0.290217 0.721443
0.271731 0.536509 -0 0.277919 0.734602
0.128051 0.124679 -0 0.440983 0.992397
0.128051 0.119224 -0 0.444742 0.993091
0.128051 0.187019 -0 0.399681 0.982333
0.128051 0.119224 -0 0.444742 0.993091
0.128051 0.178837 -0 0.405587 0.984049
0.128051 0.187019 -0 0.399681 0.982333
0.128051 0.187019 -0 0.399681 0.982333
0.128051 0.178837 -0 0.405587 0.984049
0.128051 0.249359 -0 0.362402 0.969291
0.128051 0.178837 -0 0.405587 0.984049
0.128051 0.238449 -0 0.368948 0.971861
0.128051 0.249359 -0 0.362402 0.969291
0.128051 0.249359 -0 0.362402 0.969291
0.128051 0.238449 -0 0.368948 0.971861
0.141979 0.311698 -0 0.330942 0.932873
0.128051 0.238449 -0 0.368948 0.971861
0.150961 0.298061 -0 0.339966 0.923015
0.141979 0.311698 -0 0.330942 0.932873
0.141979 0.311698 -0 0.330942 0.932873
0.150961 0.298061 -0 0.339966 0.923015
0.170375 0.374038 -0 0.30873 0.87902
0.150961 0.298061 -0 0.339966 0.923015
0.181153 0.357673 -0 0.318831 0.868675
0.170375 0.374038 -0 0.30873 0.87902
0.170375 0.374038 -0 0.30873 0.87902
0.181153 0.357673 -0 0.318831 0.868675
0.198771 0.436376 -0 0.290888 0.830096
0.181153 0.357673 -0 0.318831 0.868675
0.211346 0.417284 -0 0.30178 0.818015
0.198771 0.436376 -0 0.290888 0.830096
0.198771 0.436376 -0 0.290888 0.830096
0.211346 0.417284 -0 0.30178 0.818015
0.227167 0.498715 -0 0.276148 0.785994
0.211346 0.417284 -0 0.30178 0.818015
0.241538 0.476897 -0 0.288094 0.77424
0.227167 0.498715 -0 0.276148 0.785994
0.227167 0.498715 -0 0.276148 0.785994
0.241538 0.476897 -0 0.288094 0.77424
0.255564 0.561055 -0 0.265154 0.747665
0.241538 0.476897 -0 0.288094 0.77424
0.271731 0.536509 -0 0.277919 0.734602
0.255564 0.561055 -0 0.265154 0.747665
0.128051 0.129792 -0 0.43724 0.99167
0.128051 0.124679 -0 0.440983 0.992397
0.128051 0.194688 -0 0.395002 0.980906
0.128051 0.124679 -0 0.440983 0.992397
0.128051 0.187019 -0 0.399681 0.982333
0.128051 0.194688 -0 0.395002 0.980906
0.128051 0.194688 -0 0.395002 0.980906
0.128051 0.187019 -0 0.399681 0.982333
0.128051 0.259585 -0 0.357029 0.96709
0.128051 0.187019 -0 0.399681 0.982333
0.128051 0.249359 -0 0.362402 0.969291
0.128051 0.259585 -0 0.357029 0.96709
0.128051 0.259585 -0 0.357029 0.96709
0.128051 0.249359 -0 0.362402 0.969291
0.132609 0.324481 -0 0.323261 0.944197
0.128051 0.249359 -0 0.362402 0.969291
0.141979 0.311698 -0 0.330942 0.932873
0.132609 0.324481 -0 0.323261 0.944197
0.132609 0.324481 -0 0.323261 0.944197
0.141979 0.311698 -0 0.330942 0.932873
0.159131 0.389377 -0 0.299174 0.890669
0.141979 0.311698 -0 0.330942 0.932873
0.170375 0.374038 -0 0.30873 0.87902
0.159131 0.389377 -0 0.299174 0.890669
0.159131 0.389377 -0 0.299174 0.890669
0.170375 0.374038 -0 0.30873 0.87902
0.185652 0.454272 -0 0.279477 0.841551
0.170375 0.374038 -0 0.30873 0.87902
0.198771 0.436376 -0 0.290888 0.830096
0.185652 0.454272 -0 0.279477 0.841551
0.185652 0.454272 -0 0.279477 0.841551
0.198771 0.436376 -0 0.290888 0.830096
0.212174 0.519171 -0 0.265058 0.799545
0.198771 0.436376 -0 0.290888 0.830096
0.227167 0.498715 -0 0.276148 0.785994
0.212174 0.519171 -0 0.265058 0.799545
0.212174 0.519171 -0 0.265058 0.799545
0.227167 0.498715 -0 0.276148 0.785994
0.238695 0.584065 -0 0.25226 0.760352
0.227167 0.498715 -0 0.276148 0.785994
0.255564 0.561055 -0 0.265154 0.747665
0.238695 0.584065 -0 0.25226 0.760352
0.128051 0.13455 -0 0.434754 0.991166
0.128051 0.129792 -0 0.43724 0.99167
0.128051 0.201825 -0 0.390366 0.979433
0.128051 0.129792 -0 0.43724 0.99167
0.128051 0.194688 -0 0.395002 0.980906
0.128051 0.201825 -0 0.390366 0.979433
0.128051 0.201825 -0 0.390366 0.979433
0.128051 0.194688 -0 0.395002 0.980906
0.128051 0.269099 -0 0.351732 0.964839
0.128051 0.194688 -0 0.395002 0.980906
0.128051 0.259585 -0 0.357029 0.96709
0.128051 0.269099 -0 0.351732 0.964839
0.128051 0.269099 -0 0.351732 0.964839
0.128051 0.259585 -0 0.357029 0.96709
0.128051 0.336375 -0 0.315576 0.946256
0.128051 0.259585 -0 0.357029 0.96709
0.132609 0.324481 -0 0.323261 0.944197
0.128051 0.336375 -0 0.315576 0.946256
0.128051 0.336375 -0 0.315576 0.946256
0.132609 0.324481 -0 0.323261 0.944197
0.14745 0.403647 -0 0.289384 0.902723
0.132609 0.324481 -0 0.323261 0.944197
0.159131 0.389377 -0 0.299174 0.890669
0.14745 0.403647 -0 0.289384 0.902723
0.14745 0.403647 -0 0.289384 0.902723
0.159131 0.389377 -0 0.299174 0.890669
0.172025 0.470925 -0 0.26986 0.854746
0.159131 0.389377 -0 0.299174 0.890669
0.185652 0.454272 -0 0.279477 0.841551
0.172025 0.470925 -0 0.26986 0.854746
0.172025 0.470925 -0 0.26986 0.854746
0.185652 0.454272 -0 0.279477 0.841551
0.1966 0.538198 -0 0.2538 0.812315
0.185652 0.454272 -0 0.279477 0.841551
0.212174 0.519171 -0 0.265058 0.799545
0.1966 0.538198 -0 0.2538 0.812315
0.1966 0.538198 -0 0.2538 0.812315
0.212174 0.519171 -0 0.265058 0.799545
0.221175 0.605475 -0 0.241367 0.77509
0.212174 0.519171 -0 0.265058 0.799545
0.238695 0.584065 -0 0.25226 0.760352
0.221175 0.605475 -0 0.241367 0.77509
0.128051 0.138938 -0 0.43104 0.990385
0.128051 0.13455 -0 0.434754 0.991166
0.128051 0.208407 -0 0.386917 0.978299
0.128051 0.13455 -0 0.434754 0.991166
0.128051 0.201825 -0 0.390366 0.979433
0.128051 0.208407 -0 0.386917 0.978299
0.128051 0.208407 -0 0.386917 0.978299
0.128051 0.201825 -0 0.390366 0.979433
0.128051 0.277877 -0 0.346512 0.96254
0.128051 0.201825 -0 0.390366 0.979433
0.128051 0.269099 -0 0.351732 0.964839
0.128051 0.277877 -0 0.346512 0.96254
0.128051 0.277877 -0 0.346512 0.96254
0.128051 0.269099 -0 0.351732 0.964839
0.128051 0.347346 -0 0.309995 0.943191
0.128051 0.269099 -0 0.351732 0.964839
0.128051 0.336375 -0 0.315576 0.946256
0.128051 0.347346 -0 0.309995 0.943191
0.128051 0.347346 -0 0.309995 0.943191
0.128051 0.336375 -0 0.315576 0.946256
0.135365 0.416815 -0 0.280941 0.914665
0.128051 0.336375 -0 0.315576 0.946256
0.14745 0.403647 -0 0.289384 0.902723
0.135365 0.416815 -0 0.280941 0.914665
0.135365 0.416815 -0 0.280941 0.914665
0.14745 0.403647 -0 0.289384 0.902723
0.157925 0.486286 -0 0.259543 0.867733
0.14745 0.403647 -0 0.289384 0.902723
0.172025 0.470925 -0 0.26986 0.854746
0.157925 0.486286 -0 0.259543 0.867733
0.157925 0.486286 -0 0.259543 0.867733
0.172025 0.470925 -0 0.26986 0.854746
0.180486 0.555753 -0 0.242932 0.825671
0.172025 0.470925 -0 0.26986 0.854746
0.1966 0.538198 -0 0.2538 0.812315
0.180486 0.555753 -0 0.242932 0.825671
0.180486 0.555753 -0 0.242932 0.825671
0.1966 0.538198 -0 0.2538 0.812315
0.203047 0.625224 -0 0.229884 0.788427
0.1966 0.538198 -0 0.2538 0.812315
0.221175 0.605475 -0 0.241367 0.77509
0.203047 0.625224 -0 0.229884 0.788427
0.128051 0.142946 -0 0.428574 0.989846
0.128051 0.138938 -0 0.43104 0.990385
0.128051 0.214419 -0 0.383492 0.977142
0.128051 0.138938 -0 0.43104 0.990385
0.128051 0.208407 -0 0.386917 0.978299
0.128051 0.214419 -0 0.383492 0.977142
0.128051 0.214419 -0 0.383492 0.977142
0.128051 0.208407 -0 0.386917 0.978299
0.128051 0.285892 -0 0.342392 0.96067
0.128051 0.208407 -0 0.386917 0.978299
0.128051 0.277877 -0 0.346512 0.96254
0.128051 0.285892 -0 0.342392 0.96067
0.128051 0.285892 -0 0.342392 0.96067
0.128051 0.277877 -0 0.346512 0.96254
0.128051 0.357366 -0 0.305432 0.94061
0.128051 0.277877 -0 0.346512 0.96254
0.128051 0.347346 -0 0.309995 0.943191
0.128051 0.357366 -0 0.305432 0.94061
0.128051 0.357366 -0 0.305432 0.94061
0.128051 0.347346 -0 0.309995 0.943191
0.128051 0.428839 -0 0.274067 0.921034
0.128051 0.347346 -0 0.309995 0.943191
0.135365 0.416815 -0 0.280941 0.914665
0.128051 0.428839 -0 0.274067 0.921034
0.128051 0.428839 -0 0.274067 0.921034
0.135365 0.416815 -0 0.280941 0.914665
0.143393 0.500312 -0 0.250706 0.882512
0.135365 0.416815 -0 0.280941 0.914665
0.157925 0.486286 -0 0.259543 0.867733
0.143393 0.500312 -0 0.250706 0.882512
0.143393 0.500312 -0 0.250706 0.882512
0.157925 0.486286 -0 0.259543 0.867733
0.163878 0.571784 -0 0.23297 0.840637
0.157925 0.486286 -0 0.259543 0.867733
0.180486 0.555753 -0 0.242932 0.825671
0.163878 0.571784 -0 0.23297 0.840637
0.163878 0.571784 -0 0.23297 0.840637
0.180486 0.555753 -0 0.242932 0.825671
0.184363 0.643257 -0 0.219092 0.804719
0.180486 0.555753 -0 0.242932 0.825671
0.203047 0.625224 -0 0.229884 0.788427
0.184363 0.643257 -0 0.219092 0.804719
0.184363 0.643257 -0 0.219092 0.804719
0.203047 0.625224 -0 0.229884 0.788427
0.204848 0.714729 -0 0.207898 0.771524
0.128051 0.146562 -0 0.426116 0.989293
0.128051 0.142946 -0 0.428574 0.989846
0.128051 0.219843 -0 0.380093 0.97596
0.128051 0.142946 -0 0.428574 0.989846
0.128051 0.214419 -0 0.383492 0.977142
0.128051 0.219843 -0 0.380093 0.97596
0.128051 0.219843 -0 0.380093 0.97596
0.128051 0.214419 -0 0.383492 0.977142
0.128051 0.293124 -0 0.338321 0.958773
0.128051 0.214419 -0 0.383492 0.977142
0.128051 0.285892 -0 0.342392 0.96067
0.128051 0.293124 -0 0.338321 0.958773
0.128051 0.293124 -0 0.338321 0.958773
0.128051 0.285892 -0 0.342392 0.96067
0.128051 0.366405 -0 0.300947 0.93801
0.128051 0.285892 -0 0.342392 0.96067
0.128051 0.357366 -0 0.305432 0.94061
0.128051 0.366405 -0 0.300947 0.93801
0.128051 0.366405 -0 0.300947 0.93801
0.128051 0.357366 -0 0.305432 0.94061
0.128051 0.439684 -0 0.269369 0.917814
0.128051 0.357366 -0 0.305432 0.94061
0.128051 0.428839 -0 0.274067 0.921034
0.128051 0.439684 -0 0.269369 0.917814
0.128051 0.439684 -0 0.269369 0.917814
0.128051 0.428839 -0 0.274067 0.921034
0.128468 0.512966 -0 0.242312 0.896796
0.128051 0.428839 -0 0.274067 0.921034
0.143393 0.500312 -0 0.250706 0.882512
0.128468 0.512966 -0 0.242312 0.896796
0.128468 0.512966 -0 0.242312 0.896796
0.143393 0.500312 -0 0.250706 0.882512
0.146821 0.586247 -0 0.224042 0.856583
0.143393 0.500312 -0 0.250706 0.882512
0.163878 0.571784 -0 0.23297 0.840637
0.146821 0.586247 -0 0.224042 0.856583
0.146821 0.586247 -0 0.224042 0.856583
0.163878 0.571784 -0 0.23297 0.840637
0.165173 0.659529 -0 0.209274 0.820662
0.163878 0.571784 -0 0.23297 0.840637
0.184363 0.643257 -0 0.219092 0.804719
0.165173 0.659529 -0 0.209274 0.820662
0.165173 0.659529 -0 0.209274 0.820662
0.184363 0.643257 -0 0.219092 0.804719
0.183526 0.73281 -0 0.197451 0.78874
0.184363 0.643257 -0 0.219092 0.804719
0.204848 0.714729 -0 0.207898 0.771524
0.183526 0.73281 -0 0.197451 0.78874
0.128051 0.149776 -0 0.423667 0.988726
0.128051 0.146562 -0 0.426116 0.989293
0.128051 0.224664 -0 0.376719 0.974756
0.128051 0.146562 -0 0.426116 0.989293
0.128051 0.219843 -0 0.380093 0.97596
0.128051 0.224664 -0 0.376719 0.974756
0.128051 0.224664 -0 0.376719 0.974756
0.128051 0.219843 -0 0.380093 0.97596
0.128051 0.299553 -0 0.334301 0.956851
0.128051 0.219843 -0 0.380093 0.97596
0.128051 0.293124 -0 0.338321 0.958773
0.128051 0.299553 -0 0.334301 0.956851
0.128051 0.299553 -0 0.334301 0.956851
0.128051 0.293124 -0 0.338321 0.958773
0.128051 0.374441 -0 0.297415 0.935916
0.128051 0.293124 -0 0.338321 0.958773
0.128051 0.366405 -0 0.300947 0.93801
0.128051 0.374441 -0 0.297415 0.935916
0.128051 0.374441 -0 0.297415 0.935916
0.128051 0.366405 -0 0.300947 0.93801
0.128051 0.44933 -0 0.265534 0.915128
0.128051 0.366405 -0 0.300947 0.93801
0.128051 0.439684 -0 0.269369 0.917814
0.128051 0.44933 -0 0.265534 0.915128
0.128051 0.44933 -0 0.265534 0.915128
0.128051 0.439684 -0 0.269369 0.917814
0.128051 0.524216 -0 0.238002 0.894267
0.128051 0.439684 -0 0.269369 0.917814
0.128468 0.512966 -0 0.242312 0.896796
0.128051 0.524216 -0 0.238002 0.894267
0.128051 0.524216 -0 0.238002 0.894267
0.128468 0.512966 -0 0.242312 0.896796
0.129361 0.599106 -0 0.215382 0.873138
0.128468 0.512966 -0 0.242312 0.896796
0.146821 0.586247 -0 0.224042 0.856583
0.129361 0.599106 -0 0.215382 0.873138
0.129361 0.599106 -0 0.215382 0.873138
0.146821 0.586247 -0 0.224042 0.856583
0.145531 0.673992 -0 0.200003 0.837573
0.146821 0.586247 -0 0.224042 0.856583
0.165173 0.659529 -0 0.209274 0.820662
0.145531 0.673992 -0 0.200003 0.837573
0.145531 0.673992 -0 0.200003 0.837573
0.165173 0.659529 -0 0.209274 0.820662
0.161701 0.748881 -0 0.187522 0.80571
0.165173 0.659529 -0 0.209274 0.820662
0.183526 0.73281 -0 0.197451 0.78874
0.161701 0.748881 -0 0.187522 0.80571
0.128051 0.15258 -0 0.422446 0.988437
0.128051 0.149776 -0 0.423667 0.988726
0.128051 0.22887 -0 0.374485 0.973941
0.128051 0.149776 -0 0.423667 0.988726
0.128051 0.224664 -0 0.376719 0.974756
0.128051 0.22887 -0 0.374485 0.973941
0.128051 0.22887 -0 0.374485 0.973941
0.128051 0.224664 -0 0.376719 0.974756
0.128051 0.30516 -0 0.331319 0.955394
0.128051 0.224664 -0 0.376719 0.974756
0.128051 0.299553 -0 0.334301 0.956851
0.128051 0.30516 -0 0.331319 0.955394
0.128051 0.30516 -0 0.331319 0.955394
0.128051 0.299553 -0 0.334301 0.956851
0.128051 0.38145 -0 0.293933 0.933812
0.128051 0.299553 -0 0.334301 0.956851
0.128051 0.374441 -0 0.297415 0.935916
0.128051 0.38145 -0 0.293933 0.933812
0.128051 0.38145 -0 0.293933 0.933812
0.128051 0.374441 -0 0.297415 0.935916
0.128051 0.457741 -0 0.262518 0.912979
0.128051 0.374441 -0 0.297415 0.935916
0.128051 0.44933 -0 0.265534 0.915128
0.128051 0.457741 -0 0.262518 0.912979
0.128051 0.457741 -0 0.262518 0.912979
0.128051 0.44933 -0 0.265534 0.915128
0.128051 0.534031 -0 0.234762 0.891623
0.128051 0.44933 -0 0.265534 0.915128
0.128051 0.524216 -0 0.238002 0.894267
0.128051 0.534031 -0 0.234762 0.891623
0.128051 0.534031 -0 0.234762 0.891623
0.128051 0.524216 -0 0.238002 0.894267
0.128051 0.61032 -0 0.21154 0.871424
0.128051 0.524216 -0 0.238002 0.894267
0.129361 0.599106 -0 0.215382 0.873138
0.128051 0.61032 -0 0.21154 0.871424
0.128051 0.61032 -0 0.21154 0.871424
0.129361 0.599106 -0 0.215382 0.873138
0.128051 0.68661 -0 0.191757 0.851528
0.129361 0.599106 -0 0.215382 0.873138
0.145531 0.673992 -0 0.200003 0.837573
0.128051 0.68661 -0 0.191757 0.851528
0.128051 0.68661 -0 0.191757 0.851528
0.145531 0.673992 -0 0.200003 0.837573
0.139433 0.762899 -0 0.178029 0.823455
0.145531 0.673992 -0 0.200003 0.837573
0.161701 0.748881 -0 0.187522 0.80571
0.139433 0.762899 -0 0.178029 0.823455
0.128051 0.0774827 -0 0.474027 0.997252
0.128051 0.0762899 -0 0.474027 0.997252
0.128051 0.154965 -0 0.421227 0.988145
0.128051 0.0762899 -0 0.474027 0.997252
0.128051 0.15258 -0 0.422446 0.988437
0.128051 0.154965 -0 0.421227 0.988145
0.128051 0.154965 -0 0.421227 0.988145
0.128051 0.15258 -0 0.422446 0.988437
0.128051 0.232449 -0 0.372261 0.973116
0.128051 0.15258 -0 0.422446 0.988437
0.128051 0.22887 -0 0.374485 0.973941
0.128051 0.232449 -0 0.372261 0.973116
0.128051 0.232449 -0 0.372261 0.973116
0.128051 0.22887 -0 0.374485 0.973941
0.128051 0.309931 -0 0.329347 0.954415
0.128051 0.22887 -0 0.374485 0.973941
0.128051 0.30516 -0 0.331319 0.955394
0.128051 0.309931 -0 0.329347 0.954415
0.128051 0.309931 -0 0.329347 0.954415
0.128051 0.30516 -0 0.331319 0.955394
0.128051 0.387414 -0 0.291354 0.932228
0.128051 0.30516 -0 0.331319 0.955394
0.128051 0.38145 -0 0.293933 0.933812
0.128051 0.387414 -0 0.291354 0.932228
0.128051 0.387414 -0 0.291354 0.932228
0.128051 0.38145 -0 0.293933 0.933812
0.128051 0.464896 -0 0.259547 0.91083
0.128051 0.38145 -0 0.293933 0.933812
0.128051 0.457741 -0 0.262518 0.912979
0.128051 0.464896 -0 0.259547 0.91083
0.128051 0.464896 -0 0.259547 0.91083
0.128051 0.457741 -0 0.262518 0.912979
0.128051 0.542381 -0 0.232215 0.889515
0.128051 0.457741 -0 0.262518 0.912979
0.128051 0.534031 -0 0.234762 0.891623
0.128051 0.542381 -0 0.232215 0.889515
0.128051 0.542381 -0 0.232215 0.889515
0.128051 0.534031 -0 0.234762 0.891623
0.128051 0.619862 -0 0.20881 0.8689
0.128051 0.534031 -0 0.234762 0.891623
0.128051 0.61032 -0 0.21154 0.871424
0.128051 0.619862 -0 0.20881 0.8689
0.128051 0.619862 -0 0.20881 0.8689
0.128051 0.61032 -0 0.21154 0.871424
0.128051 0.697347 -0 0.188936 0.848671
0.128051 0.61032 -0 0.21154 0.871424
0.128051 0.68661 -0 0.191757 0.851528
0.128051 0.697347 -0 0.188936 0.848671
0.128051 0.697347 -0 0.188936 0.848671
0.128051 0.68661 -0 0.191757 0.851528
0.128051 0.774827 -0 0.172086 0.830793
0.128051 0.68661 -0 0.191757 0.851528
0.139433 0.762899 -0 0.178029 0.823455
0.128051 0.774827 -0 0.172086 0.830793
0.128051 0.774827 -0 0.172086 0.830793
0.139433 0.762899 -0 0.178029 0.823455
0.128462 0.852312 -0 0.157958 0.813876
0.128051 0.0784634 -0 0.472739 0.997115
0.128051 0.0774827 -0 0.474027 0.997252
0.128051 0.156926 -0 0.42001 0.98785
0.128051 0.0774827 -0 0.474027 0.997252
0.128051 0.154965 -0 0.421227 0.988145
0.128051 0.156926 -0 0.42001 0.98785
0.128051 0.156926 -0 0.42001 0.98785
0.128051 0.154965 -0 0.421227 0.988145
0.128051 0.23539 -0 0.37005 0.972282
0.128051 0.154965 -0 0.421227 0.988145
0.128051 0.232449 -0 0.372261 0.973116
0.128051 0.23539 -0 0.37005 0.972282
0.128051 0.23539 -0 0.37005 0.972282
0.128051 0.232449 -0 0.372261 0.973116
0.128051 0.313853 -0 0.327387 0.953431
0.128051 0.232449 -0 0.372261 0.973116
0.128051 0.309931 -0 0.329347 0.954415
0.128051 0.313853 -0 0.327387 0.953431
0.128051 0.313853 -0 0.327387 0.953431
0.128051 0.309931 -0 0.329347 0.954415
0.128051 0.392316 -0 0.28965 0.931169
0.128051 0.309931 -0 0.329347 0.954415
0.128051 0.387414 -0 0.291354 0.932228
0.128051 0.392316 -0 0.28965 0.931169
0.128051 0.392316 -0 0.28965 0.931169
0.128051 0.387414 -0 0.291354 0.932228
0.128051 0.47078 -0 0.257348 0.909219
0.128051 0.387414 -0 0.291354 0.932228
0.128051 0.464896 -0 0.259547 0.91083
0.128051 0.47078 -0 0.257348 0.909219
0.128051 0.47078 -0 0.257348 0.909219
0.128051 0.464896 -0 0.259547 0.91083
0.128051 0.549244 -0 0.229707 0.887414
0.128051 0.464896 -0 0.259547 0.91083
0.128051 0.542381 -0 0.232215 0.889515
0.128051 0.549244 -0 0.229707 0.887414
0.128051 0.549244 -0 0.229707 0.887414
0.128051 0.542381 -0 0.232215 0.889515
0.128051 0.627707 -0 0.206664 0.866893
0.128051 0.542381 -0 0.232215 0.889515
0.128051 0.619862 -0 0.20881 0.8689
0.128051 0.627707 -0 0.206664 0.866893
0.128051 0.627707 -0 0.206664 0.866893
0.128051 0.619862 -0 0.20881 0.8689
0.128051 0.70617 -0 0.18709 0.846781
0.128051 0.619862 -0 0.20881 0.8689
0.128051 0.697347 -0 0.188936 0.848671
0.128051 0.70617 -0 0.18709 0.846781
0.128051 0.70617 -0 0.18709 0.846781
0.128051 0.697347 -0 0.188936 0.848671
0.128051 0.784634 -0 0.170494 0.829029
0.128051 0.697347 -0 0.188936 0.848671
0.128051 0.774827 -0 0.172086 0.830793
0.128051 0.784634 -0 0.170494 0.829029
