0.130752 0.21258 -0 0.654209 0.970764
0.132407 0.21258 -0 0.656455 0.969903
0.174336 0.21258 -0 0.698664 0.951092
0.132407 0.21258 -0 0.656455 0.969903
0.176542 0.21258 -0 0.700636 0.950087
0.174336 0.21258 -0 0.698664 0.951092
0.174336 0.21258 -0 0.698664 0.951092
0.176542 0.21258 -0 0.700636 0.950087
0.21792 0.21258 -0 0.737645 0.927986
0.176542 0.21258 -0 0.700636 0.950087
0.220678 0.21258 -0 0.740188 0.926383
0.21792 0.21258 -0 0.737645 0.927986
0.21792 0.21258 -0 0.737645 0.927986
0.220678 0.21258 -0 0.740188 0.926383
0.261504 0.21258 -0 0.771455 0.904899
0.220678 0.21258 -0 0.740188 0.926383
0.264814 0.21258 -0 0.77361 0.903293
0.261504 0.21258 -0 0.771455 0.904899
0.261504 0.21258 -0 0.771455 0.904899
0.264814 0.21258 -0 0.77361 0.903293
0.305089 0.21258 -0 0.800368 0.880973
0.264814 0.21258 -0 0.77361 0.903293
0.30895 0.21258 -0 0.802787 0.878911
0.305089 0.21258 -0 0.800368 0.880973
0.305089 0.21258 -0 0.800368 0.880973
0.30895 0.21258 -0 0.802787 0.878911
0.348672 0.21258 -0 0.824987 0.858884
0.30895 0.21258 -0 0.802787 0.878911
0.353085 0.21258 -0 0.82702 0.856946
0.348672 0.21258 -0 0.824987 0.858884
0.348672 0.21258 -0 0.824987 0.858884
0.353085 0.21258 -0 0.82702 0.856946
0.392257 0.21258 -0 0.845992 0.837091
0.353085 0.21258 -0 0.82702 0.856946
0.397221 0.21258 -0 0.84813 0.834854
0.392257 0.21258 -0 0.845992 0.837091
0.392257 0.21258 -0 0.845992 0.837091
0.397221 0.21258 -0 0.84813 0.834854
0.43584 0.21258 -0 0.863494 0.818123
0.397221 0.21258 -0 0.84813 0.834854
0.441356 0.21258 -0 0.865666 0.815662
0.43584 0.21258 -0 0.863494 0.818123
0.128739 0.21258 -0 0.651951 0.971615
0.130752 0.21258 -0 0.654209 0.970764
0.171653 0.21258 -0 0.696679 0.952093
0.130752 0.21258 -0 0.654209 0.970764
0.174336 0.21258 -0 0.698664 0.951092
0.171653 0.21258 -0 0.696679 0.952093
0.171653 0.21258 -0 0.696679 0.952093
0.174336 0.21258 -0 0.698664 0.951092
0.214566 0.21258 -0 0.735074 0.929586
0.174336 0.21258 -0 0.698664 0.951092
0.21792 0.21258 -0 0.737645 0.927986
0.214566 0.21258 -0 0.735074 0.929586
0.214566 0.21258 -0 0.735074 0.929586
0.21792 0.21258 -0 0.737645 0.927986
0.257479 0.21258 -0 0.768541 0.907043
0.21792 0.21258 -0 0.737645 0.927986
0.261504 0.21258 -0 0.771455 0.904899
0.257479 0.21258 -0 0.768541 0.907043
0.257479 0.21258 -0 0.768541 0.907043
0.261504 0.21258 -0 0.771455 0.904899
0.300392 0.21258 -0 0.79791 0.883045
0.261504 0.21258 -0 0.771455 0.904899
0.305089 0.21258 -0 0.800368 0.880973
0.300392 0.21258 -0 0.79791 0.883045
0.300392 0.21258 -0 0.79791 0.883045
0.305089 0.21258 -0 0.800368 0.880973
0.343305 0.21258 -0 0.821876 0.861814
0.305089 0.21258 -0 0.800368 0.880973
0.348672 0.21258 -0 0.824987 0.858884
0.343305 0.21258 -0 0.821876 0.861814
0.343305 0.21258 -0 0.821876 0.861814
0.348672 0.21258 -0 0.824987 0.858884
0.386218 0.223093 -0 0.841169 0.834725
0.348672 0.21258 -0 0.824987 0.858884
0.392257 0.21258 -0 0.845992 0.837091
0.386218 0.223093 -0 0.841169 0.834725
0.386218 0.223093 -0 0.841169 0.834725
0.392257 0.21258 -0 0.845992 0.837091
0.429131 0.247881 -0 0.854472 0.801996
0.392257 0.21258 -0 0.845992 0.837091
0.43584 0.21258 -0 0.863494 0.818123
0.429131 0.247881 -0 0.854472 0.801996
0.128739 0.21258 -0 0.651951 0.971615
0.171653 0.21258 -0 0.696679 0.952093
0.168498 0.21258 -0 0.693676 0.953583
0.168498 0.21258 -0 0.693676 0.953583
0.171653 0.21258 -0 0.696679 0.952093
0.210623 0.21258 -0 0.731601 0.931714
0.171653 0.21258 -0 0.696679 0.952093
0.214566 0.21258 -0 0.735074 0.929586
0.210623 0.21258 -0 0.731601 0.931714
0.210623 0.21258 -0 0.731601 0.931714
0.214566 0.21258 -0 0.735074 0.929586
0.252748 0.21258 -0 0.764835 0.909728
0.214566 0.21258 -0 0.735074 0.929586
0.257479 0.21258 -0 0.768541 0.907043
0.252748 0.21258 -0 0.764835 0.909728
0.252748 0.21258 -0 0.764835 0.909728
0.257479 0.21258 -0 0.768541 0.907043
0.294872 0.21258 -0 0.794149 0.886169
0.257479 0.21258 -0 0.768541 0.907043
0.300392 0.21258 -0 0.79791 0.883045
0.294872 0.21258 -0 0.794149 0.886169
0.294872 0.21258 -0 0.794149 0.886169
0.300392 0.21258 -0 0.79791 0.883045
0.336997 0.229975 -0 0.815345 0.854203
0.300392 0.21258 -0 0.79791 0.883045
0.343305 0.21258 -0 0.821876 0.861814
0.336997 0.229975 -0 0.815345 0.854203
0.336997 0.229975 -0 0.815345 0.854203
0.343305 0.21258 -0 0.821876 0.861814
0.37912 0.258722 -0 0.831585 0.81667
0.343305 0.21258 -0 0.821876 0.861814
0.386218 0.223093 -0 0.841169 0.834725
0.37912 0.258722 -0 0.831585 0.81667
0.37912 0.258722 -0 0.831585 0.81667
0.386218 0.223093 -0 0.841169 0.834725
0.421246 0.287469 -0 0.844183 0.784053
0.386218 0.223093 -0 0.841169 0.834725
0.429131 0.247881 -0 0.854472 0.801996
0.421246 0.287469 -0 0.844183 0.784053
0.164882 0.21258 -0 0.689626 0.955552
0.168498 0.21258 -0 0.693676 0.953583
0.206103 0.21258 -0 0.728076 0.933834
0.168498 0.21258 -0 0.693676 0.953583
0.210623 0.21258 -0 0.731601 0.931714
0.206103 0.21258 -0 0.728076 0.933834
0.206103 0.21258 -0 0.728076 0.933834
0.210623 0.21258 -0 0.731601 0.931714
0.247323 0.21258 -0 0.761055 0.912416
0.210623 0.21258 -0 0.731601 0.931714
0.252748 0.21258 -0 0.764835 0.909728
0.247323 0.21258 -0 0.761055 0.912416
0.247323 0.21258 -0 0.761055 0.912416
0.252748 0.21258 -0 0.764835 0.909728
0.288543 0.228388 -0 0.787288 0.878525
0.252748 0.21258 -0 0.764835 0.909728
0.294872 0.21258 -0 0.794149 0.886169
0.288543 0.228388 -0 0.787288 0.878525
0.288543 0.228388 -0 0.787288 0.878525
0.294872 0.21258 -0 0.794149 0.886169
0.329764 0.261015 -0 0.80599 0.837358
0.294872 0.21258 -0 0.794149 0.886169
0.336997 0.229975 -0 0.815345 0.854203
0.329764 0.261015 -0 0.80599 0.837358
0.329764 0.261015 -0 0.80599 0.837358
0.336997 0.229975 -0 0.815345 0.854203
0.370985 0.293641 -0 0.821215 0.800085
0.336997 0.229975 -0 0.815345 0.854203
0.37912 0.258722 -0 0.831585 0.81667
0.370985 0.293641 -0 0.821215 0.800085
0.370985 0.293641 -0 0.821215 0.800085
0.37912 0.258722 -0 0.831585 0.81667
0.412206 0.326268 -0 0.833315 0.767539
0.37912 0.258722 -0 0.831585 0.81667
0.421246 0.287469 -0 0.844183 0.784053
0.412206 0.326268 -0 0.833315 0.767539
0.160814 0.21258 -0 0.685522 0.957497
0.164882 0.21258 -0 0.689626 0.955552
0.201018 0.21258 -0 0.723597 0.936471
0.164882 0.21258 -0 0.689626 0.955552
0.206103 0.21258 -0 0.728076 0.933834
0.201018 0.21258 -0 0.723597 0.936471
0.201018 0.21258 -0 0.723597 0.936471
0.206103 0.21258 -0 0.728076 0.933834
0.241222 0.218504 -0 0.755747 0.91095
0.206103 0.21258 -0 0.728076 0.933834
0.247323 0.21258 -0 0.761055 0.912416
0.241222 0.218504 -0 0.755747 0.91095
0.241222 0.218504 -0 0.755747 0.91095
0.247323 0.21258 -0 0.761055 0.912416
0.281425 0.254922 -0 0.77805 0.864348
0.247323 0.21258 -0 0.761055 0.912416
0.288543 0.228388 -0 0.787288 0.878525
0.281425 0.254922 -0 0.77805 0.864348
0.281425 0.254922 -0 0.77805 0.864348
0.288543 0.228388 -0 0.787288 0.878525
0.321629 0.291339 -0 0.79564 0.822185
0.288543 0.228388 -0 0.787288 0.878525
0.329764 0.261015 -0 0.80599 0.837358
0.321629 0.291339 -0 0.79564 0.822185
0.321629 0.291339 -0 0.79564 0.822185
0.329764 0.261015 -0 0.80599 0.837358
0.361832 0.327756 -0 0.810153 0.785066
0.329764 0.261015 -0 0.80599 0.837358
0.370985 0.293641 -0 0.821215 0.800085
0.361832 0.327756 -0 0.810153 0.785066
0.156306 0.21258 -0 0.681366 0.959418
0.160814 0.21258 -0 0.685522 0.957497
0.195382 0.21258 -0 0.719036 0.939092
0.160814 0.21258 -0 0.685522 0.957497
0.201018 0.21258 -0 0.723597 0.936471
0.195382 0.21258 -0 0.719036 0.939092
0.195382 0.21258 -0 0.719036 0.939092
0.201018 0.21258 -0 0.723597 0.936471
0.234458 0.240648 -0 0.746705 0.898209
0.201018 0.21258 -0 0.723597 0.936471
0.241222 0.218504 -0 0.755747 0.91095
0.234458 0.240648 -0 0.746705 0.898209
0.234458 0.240648 -0 0.746705 0.898209
0.241222 0.218504 -0 0.755747 0.91095
0.273536 0.280756 -0 0.76832 0.850039
0.241222 0.218504 -0 0.755747 0.91095
0.281425 0.254922 -0 0.77805 0.864348
0.273536 0.280756 -0 0.76832 0.850039
0.273536 0.280756 -0 0.76832 0.850039
0.281425 0.254922 -0 0.77805 0.864348
0.312611 0.320864 -0 0.784849 0.808004
0.281425 0.254922 -0 0.77805 0.864348
0.321629 0.291339 -0 0.79564 0.822185
0.312611 0.320864 -0 0.784849 0.808004
0.312611 0.320864 -0 0.784849 0.808004
0.321629 0.291339 -0 0.79564 0.822185
0.351689 0.360972 -0 0.798672 0.769677
0.321629 0.291339 -0 0.79564 0.822185
0.361832 0.327756 -0 0.810153 0.785066
0.351689 0.360972 -0 0.798672 0.769677
0.151368 0.21258 -0 0.676096 0.961782
0.156306 0.21258 -0 0.681366 0.959418
0.189211 0.218444 -0 0.711908 0.938761
0.156306 0.21258 -0 0.681366 0.959418
0.195382 0.21258 -0 0.719036 0.939092
0.189211 0.218444 -0 0.711908 0.938761
0.189211 0.218444 -0 0.711908 0.938761
0.195382 0.21258 -0 0.719036 0.939092
0.227052 0.262133 -0 0.737637 0.885604
0.195382 0.21258 -0 0.719036 0.939092
0.234458 0.240648 -0 0.746705 0.898209
0.227052 0.262133 -0 0.737637 0.885604
0.227052 0.262133 -0 0.737637 0.885604
0.234458 0.240648 -0 0.746705 0.898209
0.264895 0.305822 -0 0.757941 0.837535
0.234458 0.240648 -0 0.746705 0.898209
0.273536 0.280756 -0 0.76832 0.850039
0.264895 0.305822 -0 0.757941 0.837535
0.264895 0.305822 -0 0.757941 0.837535
0.273536 0.280756 -0 0.76832 0.850039
0.302736 0.34951 -0 0.774264 0.793797
0.273536 0.280756 -0 0.76832 0.850039
0.312611 0.320864 -0 0.784849 0.808004
0.302736 0.34951 -0 0.774264 0.793797
0.302736 0.34951 -0 0.774264 0.793797
0.312611 0.320864 -0 0.784849 0.808004
0.34058 0.393199 -0 0.786807 0.75614
0.312611 0.320864 -0 0.784849 0.808004
0.351689 0.360972 -0 0.798672 0.769677
0.34058 0.393199 -0 0.786807 0.75614
0.146017 0.21258 -0 0.670745 0.964102
0.151368 0.21258 -0 0.676096 0.961782
0.182521 0.235749 -0 0.703659 0.927235
0.151368 0.21258 -0 0.676096 0.961782
0.189211 0.218444 -0 0.711908 0.938761
0.182521 0.235749 -0 0.703659 0.927235
0.182521 0.235749 -0 0.703659 0.927235
0.189211 0.218444 -0 0.711908 0.938761
0.219025 0.282899 -0 0.727809 0.874011
0.189211 0.218444 -0 0.711908 0.938761
0.227052 0.262133 -0 0.737637 0.885604
0.219025 0.282899 -0 0.727809 0.874011
0.219025 0.282899 -0 0.727809 0.874011
0.227052 0.262133 -0 0.737637 0.885604
0.255528 0.330049 -0 0.746855 0.82462
0.227052 0.262133 -0 0.737637 0.885604
0.264895 0.305822 -0 0.757941 0.837535
0.255528 0.330049 -0 0.746855 0.82462
0.255528 0.330049 -0 0.746855 0.82462
0.264895 0.305822 -0 0.757941 0.837535
0.292033 0.377199 -0 0.762537 0.780964
0.264895 0.305822 -0 0.757941 0.837535
0.302736 0.34951 -0 0.774264 0.793797
0.292033 0.377199 -0 0.762537 0.780964
0.292033 0.377199 -0 0.762537 0.780964
0.302736 0.34951 -0 0.774264 0.793797
0.328537 0.424347 -0 0.77441 0.74379
0.302736 0.34951 -0 0.774264 0.793797
0.34058 0.393199 -0 0.786807 0.75614
0.328537 0.424347 -0 0.77441 0.74379
0.140264 0.21258 -0 0.664217 0.966823
0.146017 0.21258 -0 0.670745 0.964102
0.17533 0.252408 -0 0.693961 0.917264
0.146017 0.21258 -0 0.670745 0.964102
0.182521 0.235749 -0 0.703659 0.927235
0.17533 0.252408 -0 0.693961 0.917264
0.17533 0.252408 -0 0.693961 0.917264
0.182521 0.235749 -0 0.703659 0.927235
0.210396 0.30289 -0 0.71763 0.862175
0.182521 0.235749 -0 0.703659 0.927235
0.219025 0.282899 -0 0.727809 0.874011
0.210396 0.30289 -0 0.71763 0.862175
0.210396 0.30289 -0 0.71763 0.862175
0.219025 0.282899 -0 0.727809 0.874011
0.245461 0.353372 -0 0.735508 0.814522
0.219025 0.282899 -0 0.727809 0.874011
0.255528 0.330049 -0 0.746855 0.82462
0.245461 0.353372 -0 0.735508 0.814522
0.245461 0.353372 -0 0.735508 0.814522
0.255528 0.330049 -0 0.746855 0.82462
0.280527 0.403852 -0 0.749732 0.769946
0.255528 0.330049 -0 0.746855 0.82462
0.292033 0.377199 -0 0.762537 0.780964
0.280527 0.403852 -0 0.749732 0.769946
0.280527 0.403852 -0 0.749732 0.769946
0.292033 0.377199 -0 0.762537 0.780964
0.315594 0.454336 -0 0.762002 0.731125
0.292033 0.377199 -0 0.762537 0.780964
0.328537 0.424347 -0 0.77441 0.74379
0.315594 0.454336 -0 0.762002 0.731125
0.134127 0.2147 -0 0.658117 0.967049
0.140264 0.21258 -0 0.664217 0.966823
0.167659 0.268375 -0 0.685015 0.908189
0.140264 0.21258 -0 0.664217 0.966823
0.17533 0.252408 -0 0.693961 0.917264
0.167659 0.268375 -0 0.685015 0.908189
0.167659 0.268375 -0 0.685015 0.908189
0.17533 0.252408 -0 0.693961 0.917264
0.201191 0.32205 -0 0.706897 0.851947
0.17533 0.252408 -0 0.693961 0.917264
0.210396 0.30289 -0 0.71763 0.862175
0.201191 0.32205 -0 0.706897 0.851947
0.201191 0.32205 -0 0.706897 0.851947
0.210396 0.30289 -0 0.71763 0.862175
0.234722 0.375725 -0 0.724068 0.802813
0.210396 0.30289 -0 0.71763 0.862175
0.245461 0.353372 -0 0.735508 0.814522
0.234722 0.375725 -0 0.724068 0.802813
0.234722 0.375725 -0 0.724068 0.802813
0.245461 0.353372 -0 0.735508 0.814522
0.268254 0.429401 -0 0.737263 0.758763
0.245461 0.353372 -0 0.735508 0.814522
0.280527 0.403852 -0 0.749732 0.769946
0.268254 0.429401 -0 0.737263 0.758763
0.268254 0.429401 -0 0.737263 0.758763
0.280527 0.403852 -0 0.749732 0.769946
0.301786 0.483077 -0 0.748888 0.718774
0.280527 0.403852 -0 0.749732 0.769946
0.315594 0.454336 -0 0.762002 0.731125
0.301786 0.483077 -0 0.748888 0.718774
0.134127 0.2147 -0 0.658117 0.967049
0.167659 0.268375 -0 0.685015 0.908189
0.159529 0.283607 -0 0.675375 0.898245
0.159529 0.283607 -0 0.675375 0.898245
0.167659 0.268375 -0 0.685015 0.908189
0.191435 0.340328 -0 0.696062 0.841957
0.167659 0.268375 -0 0.685015 0.908189
0.201191 0.32205 -0 0.706897 0.851947
0.191435 0.340328 -0 0.696062 0.841957
0.191435 0.340328 -0 0.696062 0.841957
0.201191 0.32205 -0 0.706897 0.851947
0.22334 0.39705 -0 0.71235 0.791388
0.201191 0.32205 -0 0.706897 0.851947
0.234722 0.375725 -0 0.724068 0.802813
0.22334 0.39705 -0 0.71235 0.791388
0.22334 0.39705 -0 0.71235 0.791388
0.234722 0.375725 -0 0.724068 0.802813
0.255246 0.45377 -0 0.72437 0.748086
0.234722 0.375725 -0 0.724068 0.802813
0.268254 0.429401 -0 0.737263 0.758763
0.255246 0.45377 -0 0.72437 0.748086
0.255246 0.45377 -0 0.72437 0.748086
0.268254 0.429401 -0 0.737263 0.758763
0.287151 0.510491 -0 0.734962 0.70917
0.268254 0.429401 -0 0.737263 0.758763
0.301786 0.483077 -0 0.748888 0.718774
0.287151 0.510491 -0 0.734962 0.70917
0.150961 0.298061 -0 0.664433 0.890571
0.159529 0.283607 -0 0.675375 0.898245
0.181153 0.357673 -0 0.68378 0.834693
0.159529 0.283607 -0 0.675375 0.898245
0.191435 0.340328 -0 0.696062 0.841957
0.181153 0.357673 -0 0.68378 0.834693
0.181153 0.357673 -0 0.68378 0.834693
0.191435 0.340328 -0 0.696062 0.841957
0.211346 0.417284 -0 0.699043 0.78293
0.191435 0.340328 -0 0.696062 0.841957
0.22334 0.39705 -0 0.71235 0.791388
0.211346 0.417284 -0 0.699043 0.78293
0.211346 0.417284 -0 0.699043 0.78293
0.22334 0.39705 -0 0.71235 0.791388
0.241538 0.476897 -0 0.71121 0.738142
0.22334 0.39705 -0 0.71235 0.791388
0.255246 0.45377 -0 0.72437 0.748086
0.241538 0.476897 -0 0.71121 0.738142
0.241538 0.476897 -0 0.71121 0.738142
0.255246 0.45377 -0 0.72437 0.748086
0.271731 0.536509 -0 0.720838 0.698239
0.255246 0.45377 -0 0.72437 0.748086
0.287151 0.510491 -0 0.734962 0.70917
0.271731 0.536509 -0 0.720838 0.698239
0.141979 0.311698 -0 0.653765 0.883378
0.150961 0.298061 -0 0.664433 0.890571
0.170375 0.374038 -0 0.671887 0.826234
0.150961 0.298061 -0 0.664433 0.890571
0.181153 0.357673 -0 0.68378 0.834693
0.170375 0.374038 -0 0.671887 0.826234
0.170375 0.374038 -0 0.671887 0.826234
0.181153 0.357673 -0 0.68378 0.834693
0.198771 0.436376 -0 0.687202 0.772795
0.181153 0.357673 -0 0.68378 0.834693
0.211346 0.417284 -0 0.699043 0.78293
0.198771 0.436376 -0 0.687202 0.772795
0.198771 0.436376 -0 0.687202 0.772795
0.211346 0.417284 -0 0.699043 0.78293
0.227167 0.498715 -0 0.69797 0.729173
0.211346 0.417284 -0 0.699043 0.78293
0.241538 0.476897 -0 0.71121 0.738142
0.227167 0.498715 -0 0.69797 0.729173
0.227167 0.498715 -0 0.69797 0.729173
0.241538 0.476897 -0 0.71121 0.738142
0.255564 0.561055 -0 0.706465 0.688354
0.241538 0.476897 -0 0.71121 0.738142
0.271731 0.536509 -0 0.720838 0.698239
0.255564 0.561055 -0 0.706465 0.688354
0.132609 0.324481 -0 0.643786 0.875128
0.141979 0.311698 -0 0.653765 0.883378
0.159131 0.389377 -0 0.660523 0.816587
0.141979 0.311698 -0 0.653765 0.883378
0.170375 0.374038 -0 0.671887 0.826234
0.159131 0.389377 -0 0.660523 0.816587
0.159131 0.389377 -0 0.660523 0.816587
0.170375 0.374038 -0 0.671887 0.826234
0.185652 0.454272 -0 0.672705 0.76656
0.170375 0.374038 -0 0.671887 0.826234
0.198771 0.436376 -0 0.687202 0.772795
0.185652 0.454272 -0 0.672705 0.76656
0.185652 0.454272 -0 0.672705 0.76656
0.198771 0.436376 -0 0.687202 0.772795
0.212174 0.519171 -0 0.683734 0.719411
0.198771 0.436376 -0 0.687202 0.772795
0.227167 0.498715 -0 0.69797 0.729173
0.212174 0.519171 -0 0.683734 0.719411
0.212174 0.519171 -0 0.683734 0.719411
0.227167 0.498715 -0 0.69797 0.729173
0.238695 0.584065 -0 0.69206 0.679781
0.227167 0.498715 -0 0.69797 0.729173
0.255564 0.561055 -0 0.706465 0.688354
0.238695 0.584065 -0 0.69206 0.679781
0.132609 0.324481 -0 0.643786 0.875128
0.159131 0.389377 -0 0.660523 0.816587
0.14745 0.403647 -0 0.64798 0.81025
0.14745 0.403647 -0 0.64798 0.81025
0.159131 0.389377 -0 0.660523 0.816587
0.172025 0.470925 -0 0.660062 0.758968
0.159131 0.389377 -0 0.660523 0.816587
0.185652 0.454272 -0 0.672705 0.76656
0.172025 0.470925 -0 0.660062 0.758968
0.172025 0.470925 -0 0.660062 0.758968
0.185652 0.454272 -0 0.672705 0.76656
0.1966 0.538198 -0 0.669488 0.71334
0.185652 0.454272 -0 0.672705 0.76656
0.212174 0.519171 -0 0.683734 0.719411
0.1966 0.538198 -0 0.669488 0.71334
0.1966 0.538198 -0 0.669488 0.71334
0.212174 0.519171 -0 0.683734 0.719411
0.221175 0.605475 -0 0.676465 0.673032
0.212174 0.519171 -0 0.683734 0.719411
0.238695 0.584065 -0 0.69206 0.679781
0.221175 0.605475 -0 0.676465 0.673032
0.135365 0.416815 -0 0.634762 0.803324
0.14745 0.403647 -0 0.64798 0.81025
0.157925 0.486286 -0 0.646702 0.750764
0.14745 0.403647 -0 0.64798 0.81025
0.172025 0.470925 -0 0.660062 0.758968
0.157925 0.486286 -0 0.646702 0.750764
0.157925 0.486286 -0 0.646702 0.750764
0.172025 0.470925 -0 0.660062 0.758968
0.180486 0.555753 -0 0.654393 0.706725
0.172025 0.470925 -0 0.660062 0.758968
0.1966 0.538198 -0 0.669488 0.71334
0.180486 0.555753 -0 0.654393 0.706725
0.180486 0.555753 -0 0.654393 0.706725
0.1966 0.538198 -0 0.669488 0.71334
0.203047 0.625224 -0 0.661316 0.665467
0.1966 0.538198 -0 0.669488 0.71334
0.221175 0.605475 -0 0.676465 0.673032
0.203047 0.625224 -0 0.661316 0.665467
0.135365 0.416815 -0 0.634762 0.803324
0.157925 0.486286 -0 0.646702 0.750764
0.143393 0.500312 -0 0.632267 0.746669
0.143393 0.500312 -0 0.632267 0.746669
0.157925 0.486286 -0 0.646702 0.750764
0.163878 0.571784 -0 0.639982 0.69929
0.157925 0.486286 -0 0.646702 0.750764
0.180486 0.555753 -0 0.654393 0.706725
0.163878 0.571784 -0 0.639982 0.69929
0.163878 0.571784 -0 0.639982 0.69929
0.180486 0.555753 -0 0.654393 0.706725
0.184363 0.643257 -0 0.646697 0.659785
0.180486 0.555753 -0 0.654393 0.706725
0.203047 0.625224 -0 0.661316 0.665467
0.184363 0.643257 -0 0.646697 0.659785
0.184363 0.643257 -0 0.646697 0.659785
0.203047 0.625224 -0 0.661316 0.665467
0.204848 0.714729 -0 0.651257 0.624573
0.128468 0.512966 -0 0.617342 0.739705
0.143393 0.500312 -0 0.632267 0.746669
0.146821 0.586247 -0 0.624722 0.693904
0.143393 0.500312 -0 0.632267 0.746669
0.163878 0.571784 -0 0.639982 0.69929
0.146821 0.586247 -0 0.624722 0.693904
0.146821 0.586247 -0 0.624722 0.693904
0.163878 0.571784 -0 0.639982 0.69929
0.165173 0.659529 -0 0.629773 0.653879
0.163878 0.571784 -0 0.639982 0.69929
0.184363 0.643257 -0 0.646697 0.659785
0.165173 0.659529 -0 0.629773 0.653879
0.165173 0.659529 -0 0.629773 0.653879
0.184363 0.643257 -0 0.646697 0.659785
0.183526 0.73281 -0 0.634273 0.617988
0.184363 0.643257 -0 0.646697 0.659785
0.204848 0.714729 -0 0.651257 0.624573
0.183526 0.73281 -0 0.634273 0.617988
0.128468 0.512966 -0 0.617342 0.739705
0.146821 0.586247 -0 0.624722 0.693904
0.129361 0.599106 -0 0.61046 0.687888
0.129361 0.599106 -0 0.61046 0.687888
0.146821 0.586247 -0 0.624722 0.693904
0.145531 0.673992 -0 0.615277 0.649944
0.146821 0.586247 -0 0.624722 0.693904
0.165173 0.659529 -0 0.629773 0.653879
0.145531 0.673992 -0 0.615277 0.649944
0.145531 0.673992 -0 0.615277 0.649944
0.165173 0.659529 -0 0.629773 0.653879
0.161701 0.748881 -0 0.61806 0.613683
0.165173 0.659529 -0 0.629773 0.653879
0.183526 0.73281 -0 0.634273 0.617988
0.161701 0.748881 -0 0.61806 0.613683
0.145531 0.673992 -0 0.615277 0.649944
0.161701 0.748881 -0 0.61806 0.613683
0.139433 0.762899 -0 0.602945 0.608996
-0.12549 0.68661 -0 0.405904 0.653663
-0.105105 0.697347 -0 0.421137 0.649338
-0.139433 0.762899 -0 0.403238 0.620136
-0.105105 0.697347 -0 0.421137 0.649338
-0.116783 0.774827 -0 0.418587 0.615394
-0.139433 0.762899 -0 0.403238 0.620136
-0.129361 0.599106 -0 0.394533 0.697576
-0.111547 0.61032 -0 0.408992 0.691462
-0.145531 0.673992 -0 0.391258 0.660402
-0.111547 0.61032 -0 0.408992 0.691462
-0.12549 0.68661 -0 0.405904 0.653663
-0.145531 0.673992 -0 0.391258 0.660402
-0.145531 0.673992 -0 0.391258 0.660402
-0.12549 0.68661 -0 0.405904 0.653663
-0.161701 0.748881 -0 0.386742 0.624491
-0.12549 0.68661 -0 0.405904 0.653663
-0.139433 0.762899 -0 0.403238 0.620136
-0.161701 0.748881 -0 0.386742 0.624491
-0.128468 0.512966 -0 0.386533 0.748024
-0.113191 0.524216 -0 0.400239 0.743083
-0.146821 0.586247 -0 0.380605 0.703294
-0.113191 0.524216 -0 0.400239 0.743083
-0.129361 0.599106 -0 0.394533 0.697576
-0.146821 0.586247 -0 0.380605 0.703294
-0.146821 0.586247 -0 0.380605 0.703294
-0.129361 0.599106 -0 0.394533 0.697576
-0.165173 0.659529 -0 0.375459 0.663923
-0.129361 0.599106 -0 0.394533 0.697576
-0.145531 0.673992 -0 0.391258 0.660402
-0.165173 0.659529 -0 0.375459 0.663923
-0.122909 0.428839 -0 0.380766 0.804252
-0.110116 0.439684 -0 0.393445 0.79847
-0.143393 0.500312 -0 0.372044 0.754594
-0.110116 0.439684 -0 0.393445 0.79847
-0.128468 0.512966 -0 0.386533 0.748024
-0.143393 0.500312 -0 0.372044 0.754594
-0.143393 0.500312 -0 0.372044 0.754594
-0.128468 0.512966 -0 0.386533 0.748024
-0.163878 0.571784 -0 0.365886 0.710849
-0.128468 0.512966 -0 0.386533 0.748024
-0.146821 0.586247 -0 0.380605 0.703294
-0.163878 0.571784 -0 0.365886 0.710849
-0.163878 0.571784 -0 0.365886 0.710849
-0.146821 0.586247 -0 0.380605 0.703294
-0.184363 0.643257 -0 0.360595 0.672324
-0.146821 0.586247 -0 0.380605 0.703294
-0.165173 0.659529 -0 0.375459 0.663923
-0.184363 0.643257 -0 0.360595 0.672324
-0.112804 0.347346 -0 0.381857 0.865402
-0.102424 0.357366 -0 0.392291 0.860845
-0.135365 0.416815 -0 0.368621 0.809567
-0.102424 0.357366 -0 0.392291 0.860845
-0.122909 0.428839 -0 0.380766 0.804252
-0.135365 0.416815 -0 0.368621 0.809567
-0.135365 0.416815 -0 0.368621 0.809567
-0.122909 0.428839 -0 0.380766 0.804252
-0.157925 0.486286 -0 0.359671 0.760954
-0.122909 0.428839 -0 0.380766 0.804252
-0.143393 0.500312 -0 0.372044 0.754594
-0.157925 0.486286 -0 0.359671 0.760954
-0.157925 0.486286 -0 0.359671 0.760954
-0.143393 0.500312 -0 0.372044 0.754594
-0.180486 0.555753 -0 0.351882 0.717871
-0.143393 0.500312 -0 0.372044 0.754594
-0.163878 0.571784 -0 0.365886 0.710849
-0.180486 0.555753 -0 0.351882 0.717871
-0.180486 0.555753 -0 0.351882 0.717871
-0.163878 0.571784 -0 0.365886 0.710849
-0.203047 0.625224 -0 0.346466 0.680206
-0.163878 0.571784 -0 0.365886 0.710849
-0.184363 0.643257 -0 0.360595 0.672324
-0.203047 0.625224 -0 0.346466 0.680206
-0.122875 0.336375 -0 0.370948 0.872724
-0.112804 0.347346 -0 0.381857 0.865402
-0.14745 0.403647 -0 0.357243 0.816454
-0.112804 0.347346 -0 0.381857 0.865402
-0.135365 0.416815 -0 0.368621 0.809567
-0.14745 0.403647 -0 0.357243 0.816454
-0.14745 0.403647 -0 0.357243 0.816454
-0.135365 0.416815 -0 0.368621 0.809567
-0.172025 0.470925 -0 0.34671 0.768714
-0.135365 0.416815 -0 0.368621 0.809567
-0.157925 0.486286 -0 0.359671 0.760954
-0.172025 0.470925 -0 0.34671 0.768714
-0.172025 0.470925 -0 0.34671 0.768714
-0.157925 0.486286 -0 0.359671 0.760954
-0.1966 0.538198 -0 0.338593 0.724384
-0.157925 0.486286 -0 0.359671 0.760954
-0.180486 0.555753 -0 0.351882 0.717871
-0.1966 0.538198 -0 0.338593 0.724384
-0.1966 0.538198 -0 0.338593 0.724384
-0.180486 0.555753 -0 0.351882 0.717871
-0.221175 0.605475 -0 0.331703 0.687307
-0.180486 0.555753 -0 0.351882 0.717871
-0.203047 0.625224 -0 0.346466 0.680206
-0.221175 0.605475 -0 0.331703 0.687307
-0.132609 0.324481 -0 0.360577 0.879481
-0.122875 0.336375 -0 0.370948 0.872724
-0.159131 0.389377 -0 0.345362 0.824374
-0.122875 0.336375 -0 0.370948 0.872724
-0.14745 0.403647 -0 0.357243 0.816454
-0.159131 0.389377 -0 0.345362 0.824374
-0.159131 0.389377 -0 0.345362 0.824374
-0.14745 0.403647 -0 0.357243 0.816454
-0.185652 0.454272 -0 0.334454 0.775883
-0.14745 0.403647 -0 0.357243 0.816454
-0.172025 0.470925 -0 0.34671 0.768714
-0.185652 0.454272 -0 0.334454 0.775883
-0.185652 0.454272 -0 0.334454 0.775883
-0.172025 0.470925 -0 0.34671 0.768714
-0.212174 0.519171 -0 0.324914 0.732367
-0.172025 0.470925 -0 0.34671 0.768714
-0.1966 0.538198 -0 0.338593 0.724384
-0.212174 0.519171 -0 0.324914 0.732367
-0.212174 0.519171 -0 0.324914 0.732367
-0.1966 0.538198 -0 0.338593 0.724384
-0.238695 0.584065 -0 0.317988 0.696275
-0.1966 0.538198 -0 0.338593 0.724384
-0.221175 0.605475 -0 0.331703 0.687307
-0.238695 0.584065 -0 0.317988 0.696275
-0.113584 0.249359 -0 0.370513 0.945827
-0.106087 0.259585 -0 0.37869 0.939324
-0.141979 0.311698 -0 0.349753 0.886919
-0.106087 0.259585 -0 0.37869 0.939324
-0.132609 0.324481 -0 0.360577 0.879481
-0.141979 0.311698 -0 0.349753 0.886919
-0.141979 0.311698 -0 0.349753 0.886919
-0.132609 0.324481 -0 0.360577 0.879481
-0.170375 0.374038 -0 0.334425 0.833533
-0.132609 0.324481 -0 0.360577 0.879481
-0.159131 0.389377 -0 0.345362 0.824374
-0.170375 0.374038 -0 0.334425 0.833533
-0.170375 0.374038 -0 0.334425 0.833533
-0.159131 0.389377 -0 0.345362 0.824374
-0.198771 0.436376 -0 0.321887 0.784169
-0.159131 0.389377 -0 0.345362 0.824374
-0.185652 0.454272 -0 0.334454 0.775883
-0.198771 0.436376 -0 0.321887 0.784169
-0.198771 0.436376 -0 0.321887 0.784169
-0.185652 0.454272 -0 0.334454 0.775883
-0.227167 0.498715 -0 0.312308 0.741943
-0.185652 0.454272 -0 0.334454 0.775883
-0.212174 0.519171 -0 0.324914 0.732367
-0.227167 0.498715 -0 0.312308 0.741943
-0.227167 0.498715 -0 0.312308 0.741943
-0.212174 0.519171 -0 0.324914 0.732367
-0.255564 0.561055 -0 0.304122 0.706596
-0.212174 0.519171 -0 0.324914 0.732367
-0.238695 0.584065 -0 0.317988 0.696275
-0.255564 0.561055 -0 0.304122 0.706596
-0.120769 0.238449 -0 0.361811 0.952762
-0.113584 0.249359 -0 0.370513 0.945827
-0.150961 0.298061 -0 0.340742 0.894182
-0.113584 0.249359 -0 0.370513 0.945827
-0.141979 0.311698 -0 0.349753 0.886919
-0.150961 0.298061 -0 0.340742 0.894182
-0.150961 0.298061 -0 0.340742 0.894182
-0.141979 0.311698 -0 0.349753 0.886919
-0.181153 0.357673 -0 0.322968 0.84153
-0.141979 0.311698 -0 0.349753 0.886919
-0.170375 0.374038 -0 0.334425 0.833533
-0.181153 0.357673 -0 0.322968 0.84153
-0.181153 0.357673 -0 0.322968 0.84153
-0.170375 0.374038 -0 0.334425 0.833533
-0.211346 0.417284 -0 0.310391 0.793768
-0.170375 0.374038 -0 0.334425 0.833533
-0.198771 0.436376 -0 0.321887 0.784169
-0.211346 0.417284 -0 0.310391 0.793768
-0.211346 0.417284 -0 0.310391 0.793768
-0.198771 0.436376 -0 0.321887 0.784169
-0.241538 0.476897 -0 0.299615 0.75254
-0.198771 0.436376 -0 0.321887 0.784169
-0.227167 0.498715 -0 0.312308 0.741943
-0.241538 0.476897 -0 0.299615 0.75254
-0.241538 0.476897 -0 0.299615 0.75254
-0.227167 0.498715 -0 0.312308 0.741943
-0.271731 0.536509 -0 0.291247 0.716127
-0.227167 0.498715 -0 0.312308 0.741943
-0.255564 0.561055 -0 0.304122 0.706596
-0.271731 0.536509 -0 0.291247 0.716127
-0.127623 0.226885 -0 0.353578 0.959157
-0.120769 0.238449 -0 0.361811 0.952762
-0.159529 0.283607 -0 0.331667 0.903475
-0.120769 0.238449 -0 0.361811 0.952762
-0.150961 0.298061 -0 0.340742 0.894182
-0.159529 0.283607 -0 0.331667 0.903475
-0.159529 0.283607 -0 0.331667 0.903475
-0.150961 0.298061 -0 0.340742 0.894182
-0.191435 0.340328 -0 0.312551 0.850573
-0.150961 0.298061 -0 0.340742 0.894182
-0.181153 0.357673 -0 0.322968 0.84153
-0.191435 0.340328 -0 0.312551 0.850573
-0.191435 0.340328 -0 0.312551 0.850573
-0.181153 0.357673 -0 0.322968 0.84153
-0.22334 0.39705 -0 0.298844 0.804069
-0.181153 0.357673 -0 0.322968 0.84153
-0.211346 0.417284 -0 0.310391 0.793768
-0.22334 0.39705 -0 0.298844 0.804069
-0.22334 0.39705 -0 0.298844 0.804069
-0.211346 0.417284 -0 0.310391 0.793768
-0.255246 0.45377 -0 0.286771 0.761861
-0.211346 0.417284 -0 0.310391 0.793768
-0.241538 0.476897 -0 0.299615 0.75254
-0.255246 0.45377 -0 0.286771 0.761861
-0.255246 0.45377 -0 0.286771 0.761861
-0.241538 0.476897 -0 0.299615 0.75254
-0.287151 0.510491 -0 0.278465 0.726698
-0.241538 0.476897 -0 0.299615 0.75254
-0.271731 0.536509 -0 0.291247 0.716127
-0.287151 0.510491 -0 0.278465 0.726698
-0.134127 0.2147 -0 0.346351 0.967478
-0.127623 0.226885 -0 0.353578 0.959157
-0.167659 0.268375 -0 0.322097 0.911538
-0.127623 0.226885 -0 0.353578 0.959157
-0.159529 0.283607 -0 0.331667 0.903475
-0.167659 0.268375 -0 0.322097 0.911538
-0.167659 0.268375 -0 0.322097 0.911538
-0.159529 0.283607 -0 0.331667 0.903475
-0.201191 0.32205 -0 0.303157 0.860526
-0.159529 0.283607 -0 0.331667 0.903475
-0.191435 0.340328 -0 0.312551 0.850573
-0.201191 0.32205 -0 0.303157 0.860526
-0.201191 0.32205 -0 0.303157 0.860526
-0.191435 0.340328 -0 0.312551 0.850573
-0.234722 0.375725 -0 0.287414 0.814848
-0.191435 0.340328 -0 0.312551 0.850573
-0.22334 0.39705 -0 0.298844 0.804069
-0.234722 0.375725 -0 0.287414 0.814848
-0.234722 0.375725 -0 0.287414 0.814848
-0.22334 0.39705 -0 0.298844 0.804069
-0.268254 0.429401 -0 0.275479 0.774282
-0.22334 0.39705 -0 0.298844 0.804069
-0.255246 0.45377 -0 0.286771 0.761861
-0.268254 0.429401 -0 0.275479 0.774282
-0.268254 0.429401 -0 0.275479 0.774282
-0.255246 0.45377 -0 0.286771 0.761861
-0.301786 0.483077 -0 0.265958 0.73806
-0.255246 0.45377 -0 0.286771 0.761861
-0.287151 0.510491 -0 0.278465 0.726698
-0.301786 0.483077 -0 0.265958 0.73806
-0.105198 0.21258 -0 0.374813 0.979175
-0.100596 0.21258 -0 0.379496 0.980709
-0.140264 0.21258 -0 0.339379 0.966695
-0.100596 0.21258 -0 0.379496 0.980709
-0.134127 0.2147 -0 0.346351 0.967478
-0.140264 0.21258 -0 0.339379 0.966695
-0.140264 0.21258 -0 0.339379 0.966695
-0.134127 0.2147 -0 0.346351 0.967478
-0.17533 0.252408 -0 0.313487 0.92029
-0.134127 0.2147 -0 0.346351 0.967478
-0.167659 0.268375 -0 0.322097 0.911538
-0.17533 0.252408 -0 0.313487 0.92029
-0.17533 0.252408 -0 0.313487 0.92029
-0.167659 0.268375 -0 0.322097 0.911538
-0.210396 0.30289 -0 0.292726 0.870241
-0.167659 0.268375 -0 0.322097 0.911538
-0.201191 0.32205 -0 0.303157 0.860526
-0.210396 0.30289 -0 0.292726 0.870241
-0.210396 0.30289 -0 0.292726 0.870241
-0.201191 0.32205 -0 0.303157 0.860526
-0.245461 0.353372 -0 0.277231 0.826392
-0.201191 0.32205 -0 0.303157 0.860526
-0.234722 0.375725 -0 0.287414 0.814848
-0.245461 0.353372 -0 0.277231 0.826392
-0.245461 0.353372 -0 0.277231 0.826392
-0.234722 0.375725 -0 0.287414 0.814848
-0.280527 0.403852 -0 0.264194 0.78518
-0.234722 0.375725 -0 0.287414 0.814848
-0.268254 0.429401 -0 0.275479 0.774282
-0.280527 0.403852 -0 0.264194 0.78518
-0.280527 0.403852 -0 0.264194 0.78518
-0.268254 0.429401 -0 0.275479 0.774282
-0.315594 0.454336 -0 0.253876 0.749973
-0.268254 0.429401 -0 0.275479 0.774282
-0.301786 0.483077 -0 0.265958 0.73806
-0.315594 0.454336 -0 0.253876 0.749973
-0.109512 0.21258 -0 0.370177 0.977597
-0.105198 0.21258 -0 0.374813 0.979175
-0.146017 0.21258 -0 0.334095 0.964369
-0.105198 0.21258 -0 0.374813 0.979175
-0.140264 0.21258 -0 0.339379 0.966695
-0.146017 0.21258 -0 0.334095 0.964369
-0.146017 0.21258 -0 0.334095 0.964369
-0.140264 0.21258 -0 0.339379 0.966695
-0.182521 0.235749 -0 0.305136 0.930431
-0.140264 0.21258 -0 0.339379 0.966695
-0.17533 0.252408 -0 0.313487 0.92029
-0.182521 0.235749 -0 0.305136 0.930431
-0.182521 0.235749 -0 0.305136 0.930431
-0.17533 0.252408 -0 0.313487 0.92029
-0.219025 0.282899 -0 0.28379 0.88205
-0.17533 0.252408 -0 0.313487 0.92029
-0.210396 0.30289 -0 0.292726 0.870241
-0.219025 0.282899 -0 0.28379 0.88205
-0.219025 0.282899 -0 0.28379 0.88205
-0.210396 0.30289 -0 0.292726 0.870241
-0.255528 0.330049 -0 0.266384 0.837552
-0.210396 0.30289 -0 0.292726 0.870241
-0.245461 0.353372 -0 0.277231 0.826392
-0.255528 0.330049 -0 0.266384 0.837552
-0.255528 0.330049 -0 0.266384 0.837552
-0.245461 0.353372 -0 0.277231 0.826392
-0.292033 0.377199 -0 0.252713 0.797696
-0.245461 0.353372 -0 0.277231 0.826392
-0.280527 0.403852 -0 0.264194 0.78518
-0.292033 0.377199 -0 0.252713 0.797696
-0.292033 0.377199 -0 0.252713 0.797696
-0.280527 0.403852 -0 0.264194 0.78518
-0.328537 0.424347 -0 0.241487 0.761781
-0.280527 0.403852 -0 0.264194 0.78518
-0.315594 0.454336 -0 0.253876 0.749973
-0.328537 0.424347 -0 0.241487 0.761781
-0.113526 0.21258 -0 0.36673 0.976387
-0.109512 0.21258 -0 0.370177 0.977597
-0.151368 0.21258 -0 0.328893 0.962
-0.109512 0.21258 -0 0.370177 0.977597
-0.146017 0.21258 -0 0.334095 0.964369
-0.151368 0.21258 -0 0.328893 0.962
-0.151368 0.21258 -0 0.328893 0.962
-0.146017 0.21258 -0 0.334095 0.964369
-0.189211 0.218444 -0 0.297167 0.941629
-0.146017 0.21258 -0 0.334095 0.964369
-0.182521 0.235749 -0 0.305136 0.930431
-0.189211 0.218444 -0 0.297167 0.941629
-0.189211 0.218444 -0 0.297167 0.941629
-0.182521 0.235749 -0 0.305136 0.930431
-0.227052 0.262133 -0 0.27507 0.893656
-0.182521 0.235749 -0 0.305136 0.930431
-0.219025 0.282899 -0 0.28379 0.88205
-0.227052 0.262133 -0 0.27507 0.893656
-0.227052 0.262133 -0 0.27507 0.893656
-0.219025 0.282899 -0 0.28379 0.88205
-0.264895 0.305822 -0 0.256876 0.849165
-0.219025 0.282899 -0 0.28379 0.88205
-0.255528 0.330049 -0 0.266384 0.837552
-0.264895 0.305822 -0 0.256876 0.849165
-0.264895 0.305822 -0 0.256876 0.849165
-0.255528 0.330049 -0 0.266384 0.837552
-0.302736 0.34951 -0 0.241869 0.810139
-0.255528 0.330049 -0 0.266384 0.837552
-0.292033 0.377199 -0 0.252713 0.797696
-0.302736 0.34951 -0 0.241869 0.810139
-0.302736 0.34951 -0 0.241869 0.810139
-0.292033 0.377199 -0 0.252713 0.797696
-0.34058 0.393199 -0 0.230151 0.775463
-0.292033 0.377199 -0 0.252713 0.797696
-0.328537 0.424347 -0 0.241487 0.761781
-0.34058 0.393199 -0 0.230151 0.775463
-0.117229 0.21258 -0 0.362438 0.975923
-0.113526 0.21258 -0 0.36673 0.976387
-0.156306 0.21258 -0 0.324789 0.960077
-0.113526 0.21258 -0 0.36673 0.976387
-0.151368 0.21258 -0 0.328893 0.962
-0.156306 0.21258 -0 0.324789 0.960077
-0.156306 0.21258 -0 0.324789 0.960077
-0.151368 0.21258 -0 0.328893 0.962
-0.195382 0.21258 -0 0.291115 0.942395
-0.151368 0.21258 -0 0.328893 0.962
-0.189211 0.218444 -0 0.297167 0.941629
-0.195382 0.21258 -0 0.291115 0.942395
-0.195382 0.21258 -0 0.291115 0.942395
-0.189211 0.218444 -0 0.297167 0.941629
-0.234458 0.240648 -0 0.2658 0.90441
-0.189211 0.218444 -0 0.297167 0.941629
-0.227052 0.262133 -0 0.27507 0.893656
-0.234458 0.240648 -0 0.2658 0.90441
-0.234458 0.240648 -0 0.2658 0.90441
-0.227052 0.262133 -0 0.27507 0.893656
-0.273536 0.280756 -0 0.247649 0.863023
-0.227052 0.262133 -0 0.27507 0.893656
-0.264895 0.305822 -0 0.256876 0.849165
-0.273536 0.280756 -0 0.247649 0.863023
-0.273536 0.280756 -0 0.247649 0.863023
-0.264895 0.305822 -0 0.256876 0.849165
-0.312611 0.320864 -0 0.232025 0.823947
-0.264895 0.305822 -0 0.256876 0.849165
-0.302736 0.34951 -0 0.241869 0.810139
-0.312611 0.320864 -0 0.232025 0.823947
-0.312611 0.320864 -0 0.232025 0.823947
-0.302736 0.34951 -0 0.241869 0.810139
-0.351689 0.360972 -0 0.219931 0.79056
-0.302736 0.34951 -0 0.241869 0.810139
-0.34058 0.393199 -0 0.230151 0.775463
-0.351689 0.360972 -0 0.219931 0.79056
-0.120611 0.21258 -0 0.35906 0.974664
-0.117229 0.21258 -0 0.362438 0.975923
-0.160814 0.21258 -0 0.320737 0.958129
-0.117229 0.21258 -0 0.362438 0.975923
-0.156306 0.21258 -0 0.324789 0.960077
-0.160814 0.21258 -0 0.320737 0.958129
-0.160814 0.21258 -0 0.320737 0.958129
-0.156306 0.21258 -0 0.324789 0.960077
-0.201018 0.21258 -0 0.286629 0.939776
-0.156306 0.21258 -0 0.324789 0.960077
-0.195382 0.21258 -0 0.291115 0.942395
-0.201018 0.21258 -0 0.286629 0.939776
-0.201018 0.21258 -0 0.286629 0.939776
-0.195382 0.21258 -0 0.291115 0.942395
-0.241222 0.218504 -0 0.25766 0.917259
-0.195382 0.21258 -0 0.291115 0.942395
-0.234458 0.240648 -0 0.2658 0.90441
-0.241222 0.218504 -0 0.25766 0.917259
-0.241222 0.218504 -0 0.25766 0.917259
-0.234458 0.240648 -0 0.2658 0.90441
-0.281425 0.254922 -0 0.238279 0.875711
-0.234458 0.240648 -0 0.2658 0.90441
-0.273536 0.280756 -0 0.247649 0.863023
-0.281425 0.254922 -0 0.238279 0.875711
-0.281425 0.254922 -0 0.238279 0.875711
-0.273536 0.280756 -0 0.247649 0.863023
-0.321629 0.291339 -0 0.222517 0.838217
-0.273536 0.280756 -0 0.247649 0.863023
-0.312611 0.320864 -0 0.232025 0.823947
-0.321629 0.291339 -0 0.222517 0.838217
-0.321629 0.291339 -0 0.222517 0.838217
-0.312611 0.320864 -0 0.232025 0.823947
-0.361832 0.327756 -0 0.209236 0.80415
-0.312611 0.320864 -0 0.232025 0.823947
-0.351689 0.360972 -0 0.219931 0.79056
-0.361832 0.327756 -0 0.209236 0.80415
-0.123662 0.21258 -0 0.356823 0.973812
-0.120611 0.21258 -0 0.35906 0.974664
-0.164882 0.21258 -0 0.316738 0.95616
-0.120611 0.21258 -0 0.35906 0.974664
-0.160814 0.21258 -0 0.320737 0.958129
-0.164882 0.21258 -0 0.316738 0.95616
-0.164882 0.21258 -0 0.316738 0.95616
-0.160814 0.21258 -0 0.320737 0.958129
-0.206103 0.21258 -0 0.282224 0.937143
-0.160814 0.21258 -0 0.320737 0.958129
-0.201018 0.21258 -0 0.286629 0.939776
-0.206103 0.21258 -0 0.282224 0.937143
-0.206103 0.21258 -0 0.282224 0.937143
-0.201018 0.21258 -0 0.286629 0.939776
-0.247323 0.21258 -0 0.253139 0.919151
-0.201018 0.21258 -0 0.286629 0.939776
-0.241222 0.218504 -0 0.25766 0.917259
-0.247323 0.21258 -0 0.253139 0.919151
-0.247323 0.21258 -0 0.253139 0.919151
-0.241222 0.218504 -0 0.25766 0.917259
-0.288543 0.228388 -0 0.229596 0.88974
-0.241222 0.218504 -0 0.25766 0.917259
-0.281425 0.254922 -0 0.238279 0.875711
-0.288543 0.228388 -0 0.229596 0.88974
-0.288543 0.228388 -0 0.229596 0.88974
-0.281425 0.254922 -0 0.238279 0.875711
-0.329764 0.261015 -0 0.213185 0.853441
-0.281425 0.254922 -0 0.238279 0.875711
-0.321629 0.291339 -0 0.222517 0.838217
-0.329764 0.261015 -0 0.213185 0.853441
-0.329764 0.261015 -0 0.213185 0.853441
-0.321629 0.291339 -0 0.222517 0.838217
-0.370985 0.293641 -0 0.199577 0.819501
-0.321629 0.291339 -0 0.222517 0.838217
-0.361832 0.327756 -0 0.209236 0.80415
-0.370985 0.293641 -0 0.199577 0.819501
-0.370985 0.293641 -0 0.199577 0.819501
-0.361832 0.327756 -0 0.209236 0.80415
-0.412206 0.326268 -0 0.188556 0.791012
-0.126374 0.21258 -0 0.353491 0.972519
-0.123662 0.21258 -0 0.356823 0.973812
-0.168498 0.21258 -0 0.313774 0.954669
-0.123662 0.21258 -0 0.356823 0.973812
-0.164882 0.21258 -0 0.316738 0.95616
-0.168498 0.21258 -0 0.313774 0.954669
-0.168498 0.21258 -0 0.313774 0.954669
-0.164882 0.21258 -0 0.316738 0.95616
-0.210623 0.21258 -0 0.278757 0.935027
-0.164882 0.21258 -0 0.316738 0.95616
-0.206103 0.21258 -0 0.282224 0.937143
-0.210623 0.21258 -0 0.278757 0.935027
-0.210623 0.21258 -0 0.278757 0.935027
-0.206103 0.21258 -0 0.282224 0.937143
-0.252748 0.21258 -0 0.24936 0.916471
-0.206103 0.21258 -0 0.282224 0.937143
-0.247323 0.21258 -0 0.253139 0.919151
-0.252748 0.21258 -0 0.24936 0.916471
-0.252748 0.21258 -0 0.24936 0.916471
-0.247323 0.21258 -0 0.253139 0.919151
-0.294872 0.21258 -0 0.223556 0.896793
-0.247323 0.21258 -0 0.253139 0.919151
-0.288543 0.228388 -0 0.229596 0.88974
-0.294872 0.21258 -0 0.223556 0.896793
-0.294872 0.21258 -0 0.223556 0.896793
-0.288543 0.228388 -0 0.229596 0.88974
-0.336997 0.229975 -0 0.204564 0.868273
-0.288543 0.228388 -0 0.229596 0.88974
-0.329764 0.261015 -0 0.213185 0.853441
-0.336997 0.229975 -0 0.204564 0.868273
-0.336997 0.229975 -0 0.204564 0.868273
-0.329764 0.261015 -0 0.213185 0.853441
-0.37912 0.258722 -0 0.190251 0.836341
-0.329764 0.261015 -0 0.213185 0.853441
-0.370985 0.293641 -0 0.199577 0.819501
-0.37912 0.258722 -0 0.190251 0.836341
-0.37912 0.258722 -0 0.190251 0.836341
-0.370985 0.293641 -0 0.199577 0.819501
-0.421246 0.287469 -0 0.179013 0.807885
-0.370985 0.293641 -0 0.199577 0.819501
-0.412206 0.326268 -0 0.188556 0.791012
-0.421246 0.287469 -0 0.179013 0.807885
-0.128739 0.21258 -0 0.351285 0.971645
-0.126374 0.21258 -0 0.353491 0.972519
-0.171653 0.21258 -0 0.310838 0.953167
-0.126374 0.21258 -0 0.353491 0.972519
-0.168498 0.21258 -0 0.313774 0.954669
-0.171653 0.21258 -0 0.310838 0.953167
-0.171653 0.21258 -0 0.310838 0.953167
-0.168498 0.21258 -0 0.313774 0.954669
-0.214566 0.21258 -0 0.27619 0.933435
-0.168498 0.21258 -0 0.313774 0.954669
-0.210623 0.21258 -0 0.278757 0.935027
-0.214566 0.21258 -0 0.27619 0.933435
-0.214566 0.21258 -0 0.27619 0.933435
-0.210623 0.21258 -0 0.278757 0.935027
-0.257479 0.21258 -0 0.246389 0.914328
-0.210623 0.21258 -0 0.278757 0.935027
-0.252748 0.21258 -0 0.24936 0.916471
-0.257479 0.21258 -0 0.246389 0.914328
-0.257479 0.21258 -0 0.246389 0.914328
-0.252748 0.21258 -0 0.24936 0.916471
-0.300392 0.21258 -0 0.220346 0.894171
-0.252748 0.21258 -0 0.24936 0.916471
-0.294872 0.21258 -0 0.223556 0.896793
-0.300392 0.21258 -0 0.220346 0.894171
-0.300392 0.21258 -0 0.220346 0.894171
-0.294872 0.21258 -0 0.223556 0.896793
-0.343305 0.21258 -0 0.19876 0.876403
-0.294872 0.21258 -0 0.223556 0.896793
-0.336997 0.229975 -0 0.204564 0.868273
-0.343305 0.21258 -0 0.19876 0.876403
-0.343305 0.21258 -0 0.19876 0.876403
-0.336997 0.229975 -0 0.204564 0.868273
-0.386218 0.223093 -0 0.181761 0.853082
-0.336997 0.229975 -0 0.204564 0.868273
-0.37912 0.258722 -0 0.190251 0.836341
-0.386218 0.223093 -0 0.181761 0.853082
-0.386218 0.223093 -0 0.181761 0.853082
-0.37912 0.258722 -0 0.190251 0.836341
-0.429131 0.247881 -0 0.169041 0.823549
-0.37912 0.258722 -0 0.190251 0.836341
-0.421246 0.287469 -0 0.179013 0.807885
-0.429131 0.247881 -0 0.169041 0.823549
-0.130752 0.21258 -0 0.349092 0.970763
-0.128739 0.21258 -0 0.351285 0.971645
-0.174336 0.21258 -0 0.308898 0.95216
-0.128739 0.21258 -0 0.351285 0.971645
-0.171653 0.21258 -0 0.310838 0.953167
-0.174336 0.21258 -0 0.308898 0.95216
-0.174336 0.21258 -0 0.308898 0.95216
-0.171653 0.21258 -0 0.310838 0.953167
-0.21792 0.21258 -0 0.273984 0.933063
-0.171653 0.21258 -0 0.310838 0.953167
-0.214566 0.21258 -0 0.27619 0.933435
-0.21792 0.21258 -0 0.273984 0.933063
-0.21792 0.21258 -0 0.273984 0.933063
-0.214566 0.21258 -0 0.27619 0.933435
-0.261504 0.21258 -0 0.243463 0.912187
-0.214566 0.21258 -0 0.27619 0.933435
-0.257479 0.21258 -0 0.246389 0.914328
-0.261504 0.21258 -0 0.243463 0.912187
-0.261504 0.21258 -0 0.243463 0.912187
-0.257479 0.21258 -0 0.246389 0.914328
-0.305089 0.21258 -0 0.217823 0.892083
-0.257479 0.21258 -0 0.246389 0.914328
-0.300392 0.21258 -0 0.220346 0.894171
-0.305089 0.21258 -0 0.217823 0.892083
-0.305089 0.21258 -0 0.217823 0.892083
-0.300392 0.21258 -0 0.220346 0.894171
-0.348672 0.21258 -0 0.196034 0.873904
-0.300392 0.21258 -0 0.220346 0.894171
-0.343305 0.21258 -0 0.19876 0.876403
-0.348672 0.21258 -0 0.196034 0.873904
-0.348672 0.21258 -0 0.196034 0.873904
-0.343305 0.21258 -0 0.19876 0.876403
-0.392257 0.21258 -0 0.177421 0.855984
-0.343305 0.21258 -0 0.19876 0.876403
-0.386218 0.223093 -0 0.181761 0.853082
-0.392257 0.21258 -0 0.177421 0.855984
-0.392257 0.21258 -0 0.177421 0.855984
-0.386218 0.223093 -0 0.181761 0.853082
-0.43584 0.21258 -0 0.161538 0.840287
-0.386218 0.223093 -0 0.181761 0.853082
-0.429131 0.247881 -0 0.169041 0.823549
-0.43584 0.21258 -0 0.161538 0.840287
-0.132407 0.21258 -0 0.348 0.970319
-0.130752 0.21258 -0 0.349092 0.970763
-0.176542 0.21258 -0 0.30697 0.951148
-0.130752 0.21258 -0 0.349092 0.970763
-0.174336 0.21258 -0 0.308898 0.95216
-0.176542 0.21258 -0 0.30697 0.951148
-0.176542 0.21258 -0 0.30697 0.951148
-0.174336 0.21258 -0 0.308898 0.95216
-0.220678 0.21258 -0 0.272308 0.931998
-0.174336 0.21258 -0 0.308898 0.95216
-0.21792 0.21258 -0 0.273984 0.933063
-0.220678 0.21258 -0 0.272308 0.931998
-0.220678 0.21258 -0 0.272308 0.931998
-0.21792 0.21258 -0 0.273984 0.933063
-0.264814 0.21258 -0 0.242017 0.911117
-0.21792 0.21258 -0 0.273984 0.933063
-0.261504 0.21258 -0 0.243463 0.912187
-0.264814 0.21258 -0 0.242017 0.911117
-0.264814 0.21258 -0 0.242017 0.911117
-0.261504 0.21258 -0 0.243463 0.912187
-0.30895 0.21258 -0 0.215956 0.890522
-0.261504 0.21258 -0 0.243463 0.912187
-0.305089 0.21258 -0 0.217823 0.892083
-0.30895 0.21258 -0 0.215956 0.890522
-0.30895 0.21258 -0 0.215956 0.890522
-0.305089 0.21258 -0 0.217823 0.892083
-0.353085 0.21258 -0 0.194423 0.872413
-0.305089 0.21258 -0 0.217823 0.892083
-0.348672 0.21258 -0 0.196034 0.873904
-0.353085 0.21258 -0 0.194423 0.872413
-0.353085 0.21258 -0 0.194423 0.872413
-0.348672 0.21258 -0 0.196034 0.873904
-0.397221 0.21258 -0 0.175563 0.85411
-0.348672 0.21258 -0 0.196034 0.873904
-0.392257 0.21258 -0 0.177421 0.855984
-0.397221 0.21258 -0 0.175563 0.85411
-0.397221 0.21258 -0 0.175563 0.85411
-0.392257 0.21258 -0 0.177421 0.855984
-0.441356 0.21258 -0 0.159519 0.838093
-0.392257 0.21258 -0 0.177421 0.855984
-0.43584 0.21258 -0 0.161538 0.840287
-0.441356 0.21258 -0 0.159519 0.838093
