-0.043584 -0.186214 -0 0.548424 0.994531
-0.0441356 -0.186214 -0 0.549595 0.994325
-0.0871681 -0.186214 -0 0.600328 0.982565
-0.0441356 -0.186214 -0 0.549595 0.994325
-0.0882711 -0.186214 -0 0.601413 0.982216
-0.0871681 -0.186214 -0 0.600328 0.982565
-0.0871681 -0.186214 -0 0.600328 0.982565
-0.0882711 -0.186214 -0 0.601413 0.982216
-0.130752 -0.186214 -0 0.646787 0.964477
-0.0882711 -0.186214 -0 0.601413 0.982216
-0.132407 -0.186214 -0 0.648732 0.963576
-0.130752 -0.186214 -0 0.646787 0.964477
-0.130752 -0.186214 -0 0.646787 0.964477
-0.132407 -0.186214 -0 0.648732 0.963576
-0.174336 -0.186214 -0 0.687648 0.943796
-0.132407 -0.186214 -0 0.648732 0.963576
-0.176542 -0.186214 -0 0.689349 0.94278
-0.174336 -0.186214 -0 0.687648 0.943796
-0.174336 -0.186214 -0 0.687648 0.943796
-0.176542 -0.186214 -0 0.689349 0.94278
-0.21792 -0.186214 -0 0.722288 0.921849
-0.176542 -0.186214 -0 0.689349 0.94278
-0.220678 -0.186214 -0 0.724488 0.920255
-0.21792 -0.186214 -0 0.722288 0.921849
-0.21792 -0.186214 -0 0.722288 0.921849
-0.220678 -0.186214 -0 0.724488 0.920255
-0.261504 -0.186214 -0 0.752342 0.898417
-0.220678 -0.186214 -0 0.724488 0.920255
-0.264814 -0.186214 -0 0.753893 0.897845
-0.261504 -0.186214 -0 0.752342 0.898417
-0.261504 -0.186214 -0 0.752342 0.898417
-0.264814 -0.186214 -0 0.753893 0.897845
-0.305089 -0.186214 -0 0.77714 0.876919
-0.264814 -0.186214 -0 0.753893 0.897845
-0.30895 -0.186214 -0 0.779284 0.874865
-0.305089 -0.186214 -0 0.77714 0.876919
-0.305089 -0.186214 -0 0.77714 0.876919
-0.30895 -0.186214 -0 0.779284 0.874865
-0.348672 -0.186214 -0 0.798322 0.856317
-0.30895 -0.186214 -0 0.779284 0.874865
-0.353085 -0.186214 -0 0.800157 0.854364
-0.348672 -0.186214 -0 0.798322 0.856317
-0.348672 -0.186214 -0 0.798322 0.856317
-0.353085 -0.186214 -0 0.800157 0.854364
-0.392257 -0.186853 -0 0.815934 0.836814
-0.353085 -0.186214 -0 0.800157 0.854364
-0.397221 -0.186214 -0 0.818015 0.835053
-0.392257 -0.186853 -0 0.815934 0.836814
-0.392257 -0.186853 -0 0.815934 0.836814
-0.397221 -0.186214 -0 0.818015 0.835053
-0.43584 -0.207615 -0 0.82843 0.808375
-0.397221 -0.186214 -0 0.818015 0.835053
-0.441356 -0.186214 -0 0.833273 0.816496
-0.43584 -0.207615 -0 0.82843 0.808375
-0.043584 -0.186214 -0 0.548424 0.994531
-0.0871681 -0.186214 -0 0.600328 0.982565
-0.0858264 -0.186214 -0 0.599241 0.982912
-0.0858264 -0.186214 -0 0.599241 0.982912
-0.0871681 -0.186214 -0 0.600328 0.982565
-0.128739 -0.186214 -0 0.64483 0.965371
-0.0871681 -0.186214 -0 0.600328 0.982565
-0.130752 -0.186214 -0 0.646787 0.964477
-0.128739 -0.186214 -0 0.64483 0.965371
-0.128739 -0.186214 -0 0.64483 0.965371
-0.130752 -0.186214 -0 0.646787 0.964477
-0.171653 -0.186214 -0 0.685075 0.945314
-0.130752 -0.186214 -0 0.646787 0.964477
-0.174336 -0.186214 -0 0.687648 0.943796
-0.171653 -0.186214 -0 0.685075 0.945314
-0.171653 -0.186214 -0 0.685075 0.945314
-0.174336 -0.186214 -0 0.687648 0.943796
-0.214566 -0.186214 -0 0.720065 0.923441
-0.174336 -0.186214 -0 0.687648 0.943796
-0.21792 -0.186214 -0 0.722288 0.921849
-0.214566 -0.186214 -0 0.720065 0.923441
-0.214566 -0.186214 -0 0.720065 0.923441
-0.21792 -0.186214 -0 0.722288 0.921849
-0.257479 -0.186214 -0 0.7498 0.900542
-0.21792 -0.186214 -0 0.722288 0.921849
-0.261504 -0.186214 -0 0.752342 0.898417
-0.257479 -0.186214 -0 0.7498 0.900542
-0.257479 -0.186214 -0 0.7498 0.900542
-0.261504 -0.186214 -0 0.752342 0.898417
-0.300392 -0.186214 -0 0.774415 0.879499
-0.261504 -0.186214 -0 0.752342 0.898417
-0.305089 -0.186214 -0 0.77714 0.876919
-0.300392 -0.186214 -0 0.774415 0.879499
-0.300392 -0.186214 -0 0.774415 0.879499
-0.305089 -0.186214 -0 0.77714 0.876919
-0.343305 -0.198305 -0 0.793966 0.852359
-0.305089 -0.186214 -0 0.77714 0.876919
-0.348672 -0.186214 -0 0.798322 0.856317
-0.343305 -0.198305 -0 0.793966 0.852359
-0.343305 -0.198305 -0 0.793966 0.852359
-0.348672 -0.186214 -0 0.798322 0.856317
-0.386218 -0.223093 -0 0.808162 0.820787
-0.348672 -0.186214 -0 0.798322 0.856317
-0.392257 -0.186853 -0 0.815934 0.836814
-0.386218 -0.223093 -0 0.808162 0.820787
-0.386218 -0.223093 -0 0.808162 0.820787
-0.392257 -0.186853 -0 0.815934 0.836814
-0.429131 -0.247881 -0 0.819735 0.792739
-0.392257 -0.186853 -0 0.815934 0.836814
-0.43584 -0.207615 -0 0.82843 0.808375
-0.429131 -0.247881 -0 0.819735 0.792739
-0.0842492 -0.186214 -0 0.59706 0.983597
-0.0858264 -0.186214 -0 0.599241 0.982912
-0.126374 -0.186214 -0 0.642863 0.966257
-0.0858264 -0.186214 -0 0.599241 0.982912
-0.128739 -0.186214 -0 0.64483 0.965371
-0.126374 -0.186214 -0 0.642863 0.966257
-0.126374 -0.186214 -0 0.642863 0.966257
-0.128739 -0.186214 -0 0.64483 0.965371
-0.168498 -0.186214 -0 0.682478 0.946823
-0.128739 -0.186214 -0 0.64483 0.965371
-0.171653 -0.186214 -0 0.685075 0.945314
-0.168498 -0.186214 -0 0.682478 0.946823
-0.168498 -0.186214 -0 0.682478 0.946823
-0.171653 -0.186214 -0 0.685075 0.945314
-0.210623 -0.186214 -0 0.717065 0.925559
-0.171653 -0.186214 -0 0.685075 0.945314
-0.214566 -0.186214 -0 0.720065 0.923441
-0.210623 -0.186214 -0 0.717065 0.925559
-0.210623 -0.186214 -0 0.717065 0.925559
-0.214566 -0.186214 -0 0.720065 0.923441
-0.252748 -0.186214 -0 0.74657 0.903202
-0.214566 -0.186214 -0 0.720065 0.923441
-0.257479 -0.186214 -0 0.7498 0.900542
-0.252748 -0.186214 -0 0.74657 0.903202
-0.252748 -0.186214 -0 0.74657 0.903202
-0.257479 -0.186214 -0 0.7498 0.900542
-0.294872 -0.201228 -0 0.769109 0.873197
-0.257479 -0.186214 -0 0.7498 0.900542
-0.300392 -0.186214 -0 0.774415 0.879499
-0.294872 -0.201228 -0 0.769109 0.873197
-0.294872 -0.201228 -0 0.769109 0.873197
-0.300392 -0.186214 -0 0.774415 0.879499
-0.336997 -0.229975 -0 0.786195 0.837028
-0.300392 -0.186214 -0 0.774415 0.879499
-0.343305 -0.198305 -0 0.793966 0.852359
-0.336997 -0.229975 -0 0.786195 0.837028
-0.336997 -0.229975 -0 0.786195 0.837028
-0.343305 -0.198305 -0 0.793966 0.852359
-0.37912 -0.258722 -0 0.800026 0.80504
-0.343305 -0.198305 -0 0.793966 0.852359
-0.386218 -0.223093 -0 0.808162 0.820787
-0.37912 -0.258722 -0 0.800026 0.80504
-0.37912 -0.258722 -0 0.800026 0.80504
-0.386218 -0.223093 -0 0.808162 0.820787
-0.421246 -0.287469 -0 0.810982 0.776065
-0.386218 -0.223093 -0 0.808162 0.820787
-0.429131 -0.247881 -0 0.819735 0.792739
-0.421246 -0.287469 -0 0.810982 0.776065
-0.0824411 -0.186214 -0 0.594871 0.984272
-0.0842492 -0.186214 -0 0.59706 0.983597
-0.123662 -0.186214 -0 0.639893 0.967573
-0.0842492 -0.186214 -0 0.59706 0.983597
-0.126374 -0.186214 -0 0.642863 0.966257
-0.123662 -0.186214 -0 0.639893 0.967573
-0.123662 -0.186214 -0 0.639893 0.967573
-0.126374 -0.186214 -0 0.642863 0.966257
-0.164882 -0.186214 -0 0.678978 0.94882
-0.126374 -0.186214 -0 0.642863 0.966257
-0.168498 -0.186214 -0 0.682478 0.946823
-0.164882 -0.186214 -0 0.678978 0.94882
-0.164882 -0.186214 -0 0.678978 0.94882
-0.168498 -0.186214 -0 0.682478 0.946823
-0.206103 -0.186214 -0 0.713257 0.928199
-0.168498 -0.186214 -0 0.682478 0.946823
-0.210623 -0.186214 -0 0.717065 0.925559
-0.206103 -0.186214 -0 0.713257 0.928199
-0.206103 -0.186214 -0 0.713257 0.928199
-0.210623 -0.186214 -0 0.717065 0.925559
-0.247323 -0.195761 -0 0.741923 0.899251
-0.210623 -0.186214 -0 0.717065 0.925559
-0.252748 -0.186214 -0 0.74657 0.903202
-0.247323 -0.195761 -0 0.741923 0.899251
-0.247323 -0.195761 -0 0.741923 0.899251
-0.252748 -0.186214 -0 0.74657 0.903202
-0.288543 -0.228388 -0 0.761526 0.858945
-0.252748 -0.186214 -0 0.74657 0.903202
-0.294872 -0.201228 -0 0.769109 0.873197
-0.288543 -0.228388 -0 0.761526 0.858945
-0.288543 -0.228388 -0 0.761526 0.858945
-0.294872 -0.201228 -0 0.769109 0.873197
-0.329764 -0.261015 -0 0.778035 0.822366
-0.294872 -0.201228 -0 0.769109 0.873197
-0.336997 -0.229975 -0 0.786195 0.837028
-0.329764 -0.261015 -0 0.778035 0.822366
-0.329764 -0.261015 -0 0.778035 0.822366
-0.336997 -0.229975 -0 0.786195 0.837028
-0.370985 -0.293641 -0 0.790989 0.789492
-0.336997 -0.229975 -0 0.786195 0.837028
-0.37912 -0.258722 -0 0.800026 0.80504
-0.370985 -0.293641 -0 0.790989 0.789492
-0.0804073 -0.186214 -0 0.592673 0.984935
-0.0824411 -0.186214 -0 0.594871 0.984272
-0.120611 -0.186214 -0 0.6369 0.968872
-0.0824411 -0.186214 -0 0.594871 0.984272
-0.123662 -0.186214 -0 0.639893 0.967573
-0.120611 -0.186214 -0 0.6369 0.968872
-0.120611 -0.186214 -0 0.6369 0.968872
-0.123662 -0.186214 -0 0.639893 0.967573
-0.160814 -0.186214 -0 0.675434 0.9508
-0.123662 -0.186214 -0 0.639893 0.967573
-0.164882 -0.186214 -0 0.678978 0.94882
-0.160814 -0.186214 -0 0.675434 0.9508
-0.160814 -0.186214 -0 0.675434 0.9508
-0.164882 -0.186214 -0 0.678978 0.94882
-0.201018 -0.186214 -0 0.709385 0.93083
-0.164882 -0.186214 -0 0.678978 0.94882
-0.206103 -0.186214 -0 0.713257 0.928199
-0.201018 -0.186214 -0 0.709385 0.93083
-0.201018 -0.186214 -0 0.709385 0.93083
-0.206103 -0.186214 -0 0.713257 0.928199
-0.241222 -0.218504 -0 0.734159 0.887563
-0.206103 -0.186214 -0 0.713257 0.928199
-0.247323 -0.195761 -0 0.741923 0.899251
-0.241222 -0.218504 -0 0.734159 0.887563
-0.241222 -0.218504 -0 0.734159 0.887563
-0.247323 -0.195761 -0 0.741923 0.899251
-0.281425 -0.254922 -0 0.752905 0.846916
-0.247323 -0.195761 -0 0.741923 0.899251
-0.288543 -0.228388 -0 0.761526 0.858945
-0.281425 -0.254922 -0 0.752905 0.846916
-0.281425 -0.254922 -0 0.752905 0.846916
-0.288543 -0.228388 -0 0.761526 0.858945
-0.321629 -0.291339 -0 0.768919 0.809004
-0.288543 -0.228388 -0 0.761526 0.858945
-0.329764 -0.261015 -0 0.778035 0.822366
-0.321629 -0.291339 -0 0.768919 0.809004
-0.321629 -0.291339 -0 0.768919 0.809004
-0.329764 -0.261015 -0 0.778035 0.822366
-0.361832 -0.327756 -0 0.781267 0.774859
-0.329764 -0.261015 -0 0.778035 0.822366
-0.370985 -0.293641 -0 0.790989 0.789492
-0.361832 -0.327756 -0 0.781267 0.774859
-0.0781528 -0.186214 -0 0.590466 0.985587
-0.0804073 -0.186214 -0 0.592673 0.984935
-0.117229 -0.186214 -0 0.632873 0.970576
-0.0804073 -0.186214 -0 0.592673 0.984935
-0.120611 -0.186214 -0 0.6369 0.968872
-0.117229 -0.186214 -0 0.632873 0.970576
-0.117229 -0.186214 -0 0.632873 0.970576
-0.120611 -0.186214 -0 0.6369 0.968872
-0.156306 -0.186214 -0 0.670943 0.95325
-0.120611 -0.186214 -0 0.6369 0.968872
-0.160814 -0.186214 -0 0.675434 0.9508
-0.156306 -0.186214 -0 0.670943 0.95325
-0.156306 -0.186214 -0 0.670943 0.95325
-0.160814 -0.186214 -0 0.675434 0.9508
-0.195382 -0.20054 -0 0.703079 0.922791
-0.160814 -0.186214 -0 0.675434 0.9508
-0.201018 -0.186214 -0 0.709385 0.93083
-0.195382 -0.20054 -0 0.703079 0.922791
-0.195382 -0.20054 -0 0.703079 0.922791
-0.201018 -0.186214 -0 0.709385 0.93083
-0.234458 -0.240648 -0 0.726108 0.87541
-0.201018 -0.186214 -0 0.709385 0.93083
-0.241222 -0.218504 -0 0.734159 0.887563
-0.234458 -0.240648 -0 0.726108 0.87541
-0.234458 -0.240648 -0 0.726108 0.87541
-0.241222 -0.218504 -0 0.734159 0.887563
-0.273536 -0.280756 -0 0.744813 0.832689
-0.241222 -0.218504 -0 0.734159 0.887563
-0.281425 -0.254922 -0 0.752905 0.846916
-0.273536 -0.280756 -0 0.744813 0.832689
-0.273536 -0.280756 -0 0.744813 0.832689
-0.281425 -0.254922 -0 0.752905 0.846916
-0.312611 -0.320864 -0 0.759695 0.794811
-0.281425 -0.254922 -0 0.752905 0.846916
-0.321629 -0.291339 -0 0.768919 0.809004
-0.312611 -0.320864 -0 0.759695 0.794811
-0.312611 -0.320864 -0 0.759695 0.794811
-0.321629 -0.291339 -0 0.768919 0.809004
-0.351689 -0.360972 -0 0.771215 0.762023
-0.321629 -0.291339 -0 0.768919 0.809004
-0.361832 -0.327756 -0 0.781267 0.774859
-0.351689 -0.360972 -0 0.771215 0.762023
-0.0756842 -0.186214 -0 0.587141 0.986543
-0.0781528 -0.186214 -0 0.590466 0.985587
-0.113526 -0.186214 -0 0.628805 0.972247
-0.0781528 -0.186214 -0 0.590466 0.985587
-0.117229 -0.186214 -0 0.632873 0.970576
-0.113526 -0.186214 -0 0.628805 0.972247
-0.113526 -0.186214 -0 0.628805 0.972247
-0.117229 -0.186214 -0 0.632873 0.970576
-0.151368 -0.186214 -0 0.666385 0.955668
-0.117229 -0.186214 -0 0.632873 0.970576
-0.156306 -0.186214 -0 0.670943 0.95325
-0.151368 -0.186214 -0 0.666385 0.955668
-0.151368 -0.186214 -0 0.666385 0.955668
-0.156306 -0.186214 -0 0.670943 0.95325
-0.189211 -0.218444 -0 0.695915 0.912114
-0.156306 -0.186214 -0 0.670943 0.95325
-0.195382 -0.20054 -0 0.703079 0.922791
-0.189211 -0.218444 -0 0.695915 0.912114
-0.189211 -0.218444 -0 0.695915 0.912114
-0.195382 -0.20054 -0 0.703079 0.922791
-0.227052 -0.262133 -0 0.717584 0.864324
-0.195382 -0.20054 -0 0.703079 0.922791
-0.234458 -0.240648 -0 0.726108 0.87541
-0.227052 -0.262133 -0 0.717584 0.864324
-0.227052 -0.262133 -0 0.717584 0.864324
-0.234458 -0.240648 -0 0.726108 0.87541
-0.264895 -0.305822 -0 0.73493 0.821675
-0.234458 -0.240648 -0 0.726108 0.87541
-0.273536 -0.280756 -0 0.744813 0.832689
-0.264895 -0.305822 -0 0.73493 0.821675
-0.264895 -0.305822 -0 0.73493 0.821675
-0.273536 -0.280756 -0 0.744813 0.832689
-0.302736 -0.34951 -0 0.74956 0.78217
-0.273536 -0.280756 -0 0.744813 0.832689
-0.312611 -0.320864 -0 0.759695 0.794811
-0.302736 -0.34951 -0 0.74956 0.78217
-0.302736 -0.34951 -0 0.74956 0.78217
-0.312611 -0.320864 -0 0.759695 0.794811
-0.34058 -0.393199 -0 0.760732 0.747945
-0.312611 -0.320864 -0 0.759695 0.794811
-0.351689 -0.360972 -0 0.771215 0.762023
-0.34058 -0.393199 -0 0.760732 0.747945
-0.0730083 -0.186214 -0 0.583988 0.986567
-0.0756842 -0.186214 -0 0.587141 0.986543
-0.109512 -0.186214 -0 0.624697 0.973884
-0.0756842 -0.186214 -0 0.587141 0.986543
-0.113526 -0.186214 -0 0.628805 0.972247
-0.109512 -0.186214 -0 0.624697 0.973884
-0.109512 -0.186214 -0 0.624697 0.973884
-0.113526 -0.186214 -0 0.628805 0.972247
-0.146017 -0.188599 -0 0.661712 0.955617
-0.113526 -0.186214 -0 0.628805 0.972247
-0.151368 -0.186214 -0 0.666385 0.955668
-0.146017 -0.188599 -0 0.661712 0.955617
-0.146017 -0.188599 -0 0.661712 0.955617
-0.151368 -0.186214 -0 0.666385 0.955668
-0.182521 -0.235749 -0 0.688184 0.901956
-0.151368 -0.186214 -0 0.666385 0.955668
-0.189211 -0.218444 -0 0.695915 0.912114
-0.182521 -0.235749 -0 0.688184 0.901956
-0.182521 -0.235749 -0 0.688184 0.901956
-0.189211 -0.218444 -0 0.695915 0.912114
-0.219025 -0.282899 -0 0.709124 0.853456
-0.189211 -0.218444 -0 0.695915 0.912114
-0.227052 -0.262133 -0 0.717584 0.864324
-0.219025 -0.282899 -0 0.709124 0.853456
-0.219025 -0.282899 -0 0.709124 0.853456
-0.227052 -0.262133 -0 0.717584 0.864324
-0.255528 -0.330049 -0 0.726015 0.809062
-0.227052 -0.262133 -0 0.717584 0.864324
-0.264895 -0.305822 -0 0.73493 0.821675
-0.255528 -0.330049 -0 0.726015 0.809062
-0.255528 -0.330049 -0 0.726015 0.809062
-0.264895 -0.305822 -0 0.73493 0.821675
-0.292033 -0.377199 -0 0.739018 0.77008
-0.264895 -0.305822 -0 0.73493 0.821675
-0.302736 -0.34951 -0 0.74956 0.78217
-0.292033 -0.377199 -0 0.739018 0.77008
-0.292033 -0.377199 -0 0.739018 0.77008
-0.302736 -0.34951 -0 0.74956 0.78217
-0.328537 -0.424347 -0 0.749678 0.73448
-0.302736 -0.34951 -0 0.74956 0.78217
-0.34058 -0.393199 -0 0.760732 0.747945
-0.328537 -0.424347 -0 0.749678 0.73448
-0.070132 -0.186214 -0 0.580621 0.987472
-0.0730083 -0.186214 -0 0.583988 0.986567
-0.105198 -0.186214 -0 0.62055 0.975486
-0.0730083 -0.186214 -0 0.583988 0.986567
-0.109512 -0.186214 -0 0.624697 0.973884
-0.105198 -0.186214 -0 0.62055 0.975486
-0.105198 -0.186214 -0 0.62055 0.975486
-0.109512 -0.186214 -0 0.624697 0.973884
-0.140264 -0.201926 -0 0.654012 0.948237
-0.109512 -0.186214 -0 0.624697 0.973884
-0.146017 -0.188599 -0 0.661712 0.955617
-0.140264 -0.201926 -0 0.654012 0.948237
-0.140264 -0.201926 -0 0.654012 0.948237
-0.146017 -0.188599 -0 0.661712 0.955617
-0.17533 -0.252408 -0 0.679961 0.892592
-0.146017 -0.188599 -0 0.661712 0.955617
-0.182521 -0.235749 -0 0.688184 0.901956
-0.17533 -0.252408 -0 0.679961 0.892592
-0.17533 -0.252408 -0 0.679961 0.892592
-0.182521 -0.235749 -0 0.688184 0.901956
-0.210396 -0.30289 -0 0.699369 0.842722
-0.182521 -0.235749 -0 0.688184 0.901956
-0.219025 -0.282899 -0 0.709124 0.853456
-0.210396 -0.30289 -0 0.699369 0.842722
-0.210396 -0.30289 -0 0.699369 0.842722
-0.219025 -0.282899 -0 0.709124 0.853456
-0.245461 -0.353372 -0 0.715349 0.798162
-0.219025 -0.282899 -0 0.709124 0.853456
-0.255528 -0.330049 -0 0.726015 0.809062
-0.245461 -0.353372 -0 0.715349 0.798162
-0.245461 -0.353372 -0 0.715349 0.798162
-0.255528 -0.330049 -0 0.726015 0.809062
-0.280527 -0.403852 -0 0.7277 0.757683
-0.255528 -0.330049 -0 0.726015 0.809062
-0.292033 -0.377199 -0 0.739018 0.77008
-0.280527 -0.403852 -0 0.7277 0.757683
-0.280527 -0.403852 -0 0.7277 0.757683
-0.292033 -0.377199 -0 0.739018 0.77008
-0.315594 -0.454336 -0 0.738294 0.722104
-0.292033 -0.377199 -0 0.739018 0.77008
-0.328537 -0.424347 -0 0.749678 0.73448
-0.315594 -0.454336 -0 0.738294 0.722104
-0.0670637 -0.186214 -0 0.577237 0.98835
-0.070132 -0.186214 -0 0.580621 0.987472
-0.100596 -0.186214 -0 0.615311 0.977435
-0.070132 -0.186214 -0 0.580621 0.987472
-0.105198 -0.186214 -0 0.62055 0.975486
-0.100596 -0.186214 -0 0.615311 0.977435
-0.100596 -0.186214 -0 0.615311 0.977435
-0.105198 -0.186214 -0 0.62055 0.975486
-0.134127 -0.2147 -0 0.646404 0.940654
-0.105198 -0.186214 -0 0.62055 0.975486
-0.140264 -0.201926 -0 0.654012 0.948237
-0.134127 -0.2147 -0 0.646404 0.940654
-0.134127 -0.2147 -0 0.646404 0.940654
-0.140264 -0.201926 -0 0.654012 0.948237
-0.167659 -0.268375 -0 0.670317 0.884823
-0.140264 -0.201926 -0 0.654012 0.948237
-0.17533 -0.252408 -0 0.679961 0.892592
-0.167659 -0.268375 -0 0.670317 0.884823
-0.167659 -0.268375 -0 0.670317 0.884823
-0.17533 -0.252408 -0 0.679961 0.892592
-0.201191 -0.32205 -0 0.689956 0.83274
-0.17533 -0.252408 -0 0.679961 0.892592
-0.210396 -0.30289 -0 0.699369 0.842722
-0.201191 -0.32205 -0 0.689956 0.83274
-0.201191 -0.32205 -0 0.689956 0.83274
-0.210396 -0.30289 -0 0.699369 0.842722
-0.234722 -0.375725 -0 0.705156 0.786626
-0.210396 -0.30289 -0 0.699369 0.842722
-0.245461 -0.353372 -0 0.715349 0.798162
-0.234722 -0.375725 -0 0.705156 0.786626
-0.234722 -0.375725 -0 0.705156 0.786626
-0.245461 -0.353372 -0 0.715349 0.798162
-0.268254 -0.429401 -0 0.716368 0.746531
-0.245461 -0.353372 -0 0.715349 0.798162
-0.280527 -0.403852 -0 0.7277 0.757683
-0.268254 -0.429401 -0 0.716368 0.746531
-0.268254 -0.429401 -0 0.716368 0.746531
-0.280527 -0.403852 -0 0.7277 0.757683
-0.301786 -0.483077 -0 0.725932 0.711757
-0.280527 -0.403852 -0 0.7277 0.757683
-0.315594 -0.454336 -0 0.738294 0.722104
-0.301786 -0.483077 -0 0.725932 0.711757
-0.0638116 -0.186214 -0 0.573835 0.989199
-0.0670637 -0.186214 -0 0.577237 0.98835
-0.0957173 -0.186214 -0 0.610012 0.979325
-0.0670637 -0.186214 -0 0.577237 0.98835
-0.100596 -0.186214 -0 0.615311 0.977435
-0.0957173 -0.186214 -0 0.610012 0.979325
-0.0957173 -0.186214 -0 0.610012 0.979325
-0.100596 -0.186214 -0 0.615311 0.977435
-0.127623 -0.226885 -0 0.638991 0.932965
-0.100596 -0.186214 -0 0.615311 0.977435
-0.134127 -0.2147 -0 0.646404 0.940654
-0.127623 -0.226885 -0 0.638991 0.932965
-0.127623 -0.226885 -0 0.638991 0.932965
-0.134127 -0.2147 -0 0.646404 0.940654
-0.159529 -0.283607 -0 0.662003 0.87516
-0.134127 -0.2147 -0 0.646404 0.940654
-0.167659 -0.268375 -0 0.670317 0.884823
-0.159529 -0.283607 -0 0.662003 0.87516
-0.159529 -0.283607 -0 0.662003 0.87516
-0.167659 -0.268375 -0 0.670317 0.884823
-0.191435 -0.340328 -0 0.679334 0.82328
-0.167659 -0.268375 -0 0.670317 0.884823
-0.201191 -0.32205 -0 0.689956 0.83274
-0.191435 -0.340328 -0 0.679334 0.82328
-0.191435 -0.340328 -0 0.679334 0.82328
-0.201191 -0.32205 -0 0.689956 0.83274
-0.22334 -0.39705 -0 0.693303 0.777424
-0.201191 -0.32205 -0 0.689956 0.83274
-0.234722 -0.375725 -0 0.705156 0.786626
-0.22334 -0.39705 -0 0.693303 0.777424
-0.22334 -0.39705 -0 0.693303 0.777424
-0.234722 -0.375725 -0 0.705156 0.786626
-0.255246 -0.45377 -0 0.704594 0.735626
-0.234722 -0.375725 -0 0.705156 0.786626
-0.268254 -0.429401 -0 0.716368 0.746531
-0.255246 -0.45377 -0 0.704594 0.735626
-0.255246 -0.45377 -0 0.704594 0.735626
-0.268254 -0.429401 -0 0.716368 0.746531
-0.287151 -0.510491 -0 0.713236 0.699803
-0.268254 -0.429401 -0 0.716368 0.746531
-0.301786 -0.483077 -0 0.725932 0.711757
-0.287151 -0.510491 -0 0.713236 0.699803
-0.0603844 -0.186214 -0 0.569275 0.990288
-0.0638116 -0.186214 -0 0.573835 0.989199
-0.0905766 -0.186214 -0 0.603577 0.981508
-0.0638116 -0.186214 -0 0.573835 0.989199
-0.0957173 -0.186214 -0 0.610012 0.979325
-0.0905766 -0.186214 -0 0.603577 0.981508
-0.0905766 -0.186214 -0 0.603577 0.981508
-0.0957173 -0.186214 -0 0.610012 0.979325
-0.120769 -0.238449 -0 0.630766 0.925718
-0.0957173 -0.186214 -0 0.610012 0.979325
-0.127623 -0.226885 -0 0.638991 0.932965
-0.120769 -0.238449 -0 0.630766 0.925718
-0.120769 -0.238449 -0 0.630766 0.925718
-0.127623 -0.226885 -0 0.638991 0.932965
-0.150961 -0.298061 -0 0.65241 0.867459
-0.127623 -0.226885 -0 0.638991 0.932965
-0.159529 -0.283607 -0 0.662003 0.87516
-0.150961 -0.298061 -0 0.65241 0.867459
-0.150961 -0.298061 -0 0.65241 0.867459
-0.159529 -0.283607 -0 0.662003 0.87516
-0.181153 -0.357673 -0 0.668312 0.81569
-0.159529 -0.283607 -0 0.662003 0.87516
-0.191435 -0.340328 -0 0.679334 0.82328
-0.181153 -0.357673 -0 0.668312 0.81569
-0.181153 -0.357673 -0 0.668312 0.81569
-0.191435 -0.340328 -0 0.679334 0.82328
-0.211346 -0.417284 -0 0.682328 0.768146
-0.191435 -0.340328 -0 0.679334 0.82328
-0.22334 -0.39705 -0 0.693303 0.777424
-0.211346 -0.417284 -0 0.682328 0.768146
-0.211346 -0.417284 -0 0.682328 0.768146
-0.22334 -0.39705 -0 0.693303 0.777424
-0.241538 -0.476897 -0 0.692264 0.727218
-0.22334 -0.39705 -0 0.693303 0.777424
-0.255246 -0.45377 -0 0.704594 0.735626
-0.241538 -0.476897 -0 0.692264 0.727218
-0.241538 -0.476897 -0 0.692264 0.727218
-0.255246 -0.45377 -0 0.704594 0.735626
-0.271731 -0.536509 -0 0.699838 0.690492
-0.255246 -0.45377 -0 0.704594 0.735626
-0.287151 -0.510491 -0 0.713236 0.699803
-0.271731 -0.536509 -0 0.699838 0.690492
-0.0567918 -0.186214 -0 0.564686 0.991325
-0.0603844 -0.186214 -0 0.569275 0.990288
-0.0851877 -0.187019 -0 0.598366 0.982339
-0.0603844 -0.186214 -0 0.569275 0.990288
-0.0905766 -0.186214 -0 0.603577 0.981508
-0.0851877 -0.187019 -0 0.598366 0.982339
-0.0851877 -0.187019 -0 0.598366 0.982339
-0.0905766 -0.186214 -0 0.603577 0.981508
-0.113584 -0.249359 -0 0.622882 0.918584
-0.0905766 -0.186214 -0 0.603577 0.981508
-0.120769 -0.238449 -0 0.630766 0.925718
-0.113584 -0.249359 -0 0.622882 0.918584
-0.113584 -0.249359 -0 0.622882 0.918584
-0.120769 -0.238449 -0 0.630766 0.925718
-0.141979 -0.311698 -0 0.641833 0.860486
-0.120769 -0.238449 -0 0.630766 0.925718
-0.150961 -0.298061 -0 0.65241 0.867459
-0.141979 -0.311698 -0 0.641833 0.860486
-0.141979 -0.311698 -0 0.641833 0.860486
-0.150961 -0.298061 -0 0.65241 0.867459
-0.170375 -0.374038 -0 0.657639 0.806829
-0.150961 -0.298061 -0 0.65241 0.867459
-0.181153 -0.357673 -0 0.668312 0.81569
-0.170375 -0.374038 -0 0.657639 0.806829
-0.170375 -0.374038 -0 0.657639 0.806829
-0.181153 -0.357673 -0 0.668312 0.81569
-0.198771 -0.436376 -0 0.670447 0.757949
-0.181153 -0.357673 -0 0.668312 0.81569
-0.211346 -0.417284 -0 0.682328 0.768146
-0.198771 -0.436376 -0 0.670447 0.757949
-0.198771 -0.436376 -0 0.670447 0.757949
-0.211346 -0.417284 -0 0.682328 0.768146
-0.227167 -0.498715 -0 0.678884 0.71794
-0.211346 -0.417284 -0 0.682328 0.768146
-0.241538 -0.476897 -0 0.692264 0.727218
-0.227167 -0.498715 -0 0.678884 0.71794
-0.227167 -0.498715 -0 0.678884 0.71794
-0.241538 -0.476897 -0 0.692264 0.727218
-0.255564 -0.561055 -0 0.686402 0.679865
-0.241538 -0.476897 -0 0.692264 0.727218
-0.271731 -0.536509 -0 0.699838 0.690492
-0.255564 -0.561055 -0 0.686402 0.679865
-0.0851877 -0.187019 -0 0.598366 0.982339
-0.113584 -0.249359 -0 0.622882 0.918584
-0.106087 -0.259585 -0 0.61402 0.913386
-0.106087 -0.259585 -0 0.61402 0.913386
-0.113584 -0.249359 -0 0.622882 0.918584
-0.132609 -0.324481 -0 0.633022 0.851925
-0.113584 -0.249359 -0 0.622882 0.918584
-0.141979 -0.311698 -0 0.641833 0.860486
-0.132609 -0.324481 -0 0.633022 0.851925
-0.132609 -0.324481 -0 0.633022 0.851925
-0.141979 -0.311698 -0 0.641833 0.860486
-0.159131 -0.389377 -0 0.647182 0.798527
-0.141979 -0.311698 -0 0.641833 0.860486
-0.170375 -0.374038 -0 0.657639 0.806829
-0.159131 -0.389377 -0 0.647182 0.798527
-0.159131 -0.389377 -0 0.647182 0.798527
-0.170375 -0.374038 -0 0.657639 0.806829
-0.185652 -0.454272 -0 0.658378 0.750444
-0.170375 -0.374038 -0 0.657639 0.806829
-0.198771 -0.436376 -0 0.670447 0.757949
-0.185652 -0.454272 -0 0.658378 0.750444
-0.185652 -0.454272 -0 0.658378 0.750444
-0.198771 -0.436376 -0 0.670447 0.757949
-0.212174 -0.519171 -0 0.666933 0.706989
-0.198771 -0.436376 -0 0.670447 0.757949
-0.227167 -0.498715 -0 0.678884 0.71794
-0.212174 -0.519171 -0 0.666933 0.706989
-0.212174 -0.519171 -0 0.666933 0.706989
-0.227167 -0.498715 -0 0.678884 0.71794
-0.238695 -0.584065 -0 0.672885 0.670246
-0.227167 -0.498715 -0 0.678884 0.71794
-0.255564 -0.561055 -0 0.686402 0.679865
-0.238695 -0.584065 -0 0.672885 0.670246
-0.106087 -0.259585 -0 0.61402 0.913386
-0.132609 -0.324481 -0 0.633022 0.851925
-0.122875 -0.336375 -0 0.621873 0.846327
-0.122875 -0.336375 -0 0.621873 0.846327
-0.132609 -0.324481 -0 0.633022 0.851925
-0.14745 -0.403647 -0 0.634482 0.791781
-0.132609 -0.324481 -0 0.633022 0.851925
-0.159131 -0.389377 -0 0.647182 0.798527
-0.14745 -0.403647 -0 0.634482 0.791781
-0.14745 -0.403647 -0 0.634482 0.791781
-0.159131 -0.389377 -0 0.647182 0.798527
-0.172025 -0.470925 -0 0.645498 0.74223
-0.159131 -0.389377 -0 0.647182 0.798527
-0.185652 -0.454272 -0 0.658378 0.750444
-0.172025 -0.470925 -0 0.645498 0.74223
-0.172025 -0.470925 -0 0.645498 0.74223
-0.185652 -0.454272 -0 0.658378 0.750444
-0.1966 -0.538198 -0 0.653686 0.699679
-0.185652 -0.454272 -0 0.658378 0.750444
-0.212174 -0.519171 -0 0.666933 0.706989
-0.1966 -0.538198 -0 0.653686 0.699679
-0.1966 -0.538198 -0 0.653686 0.699679
-0.212174 -0.519171 -0 0.666933 0.706989
-0.221175 -0.605475 -0 0.659511 0.661899
-0.212174 -0.519171 -0 0.666933 0.706989
-0.238695 -0.584065 -0 0.672885 0.670246
-0.221175 -0.605475 -0 0.659511 0.661899
-0.112804 -0.347346 -0 0.611453 0.839773
-0.122875 -0.336375 -0 0.621873 0.846327
-0.135365 -0.416815 -0 0.623752 0.7836
-0.122875 -0.336375 -0 0.621873 0.846327
-0.14745 -0.403647 -0 0.634482 0.791781
-0.135365 -0.416815 -0 0.623752 0.7836
-0.135365 -0.416815 -0 0.623752 0.7836
-0.14745 -0.403647 -0 0.634482 0.791781
-0.157925 -0.486286 -0 0.632966 0.735091
-0.14745 -0.403647 -0 0.634482 0.791781
-0.172025 -0.470925 -0 0.645498 0.74223
-0.157925 -0.486286 -0 0.632966 0.735091
-0.157925 -0.486286 -0 0.632966 0.735091
-0.172025 -0.470925 -0 0.645498 0.74223
-0.180486 -0.555753 -0 0.639602 0.691725
-0.172025 -0.470925 -0 0.645498 0.74223
-0.1966 -0.538198 -0 0.653686 0.699679
-0.180486 -0.555753 -0 0.639602 0.691725
-0.180486 -0.555753 -0 0.639602 0.691725
-0.1966 -0.538198 -0 0.653686 0.699679
-0.203047 -0.625224 -0 0.645109 0.65535
-0.1966 -0.538198 -0 0.653686 0.699679
-0.221175 -0.605475 -0 0.659511 0.661899
-0.203047 -0.625224 -0 0.645109 0.65535
-0.102424 -0.357366 -0 0.600294 0.834382
-0.112804 -0.347346 -0 0.611453 0.839773
-0.122909 -0.428839 -0 0.610603 0.77914
-0.112804 -0.347346 -0 0.611453 0.839773
-0.135365 -0.416815 -0 0.623752 0.7836
-0.122909 -0.428839 -0 0.610603 0.77914
-0.122909 -0.428839 -0 0.610603 0.77914
-0.135365 -0.416815 -0 0.623752 0.7836
-0.143393 -0.500312 -0 0.619743 0.727346
-0.135365 -0.416815 -0 0.623752 0.7836
-0.157925 -0.486286 -0 0.632966 0.735091
-0.143393 -0.500312 -0 0.619743 0.727346
-0.143393 -0.500312 -0 0.619743 0.727346
-0.157925 -0.486286 -0 0.632966 0.735091
-0.163878 -0.571784 -0 0.625966 0.68521
-0.157925 -0.486286 -0 0.632966 0.735091
-0.180486 -0.555753 -0 0.639602 0.691725
-0.163878 -0.571784 -0 0.625966 0.68521
-0.163878 -0.571784 -0 0.625966 0.68521
-0.180486 -0.555753 -0 0.639602 0.691725
-0.184363 -0.643257 -0 0.629869 0.648256
-0.180486 -0.555753 -0 0.639602 0.691725
-0.203047 -0.625224 -0 0.645109 0.65535
-0.184363 -0.643257 -0 0.629869 0.648256
-0.102424 -0.357366 -0 0.600294 0.834382
-0.122909 -0.428839 -0 0.610603 0.77914
-0.110116 -0.439684 -0 0.598508 0.77181
-0.110116 -0.439684 -0 0.598508 0.77181
-0.122909 -0.428839 -0 0.610603 0.77914
-0.128468 -0.512966 -0 0.605652 0.721251
-0.122909 -0.428839 -0 0.610603 0.77914
-0.143393 -0.500312 -0 0.619743 0.727346
-0.128468 -0.512966 -0 0.605652 0.721251
-0.128468 -0.512966 -0 0.605652 0.721251
-0.143393 -0.500312 -0 0.619743 0.727346
-0.146821 -0.586247 -0 0.611645 0.678178
-0.143393 -0.500312 -0 0.619743 0.727346
-0.163878 -0.571784 -0 0.625966 0.68521
-0.146821 -0.586247 -0 0.611645 0.678178
-0.146821 -0.586247 -0 0.611645 0.678178
-0.163878 -0.571784 -0 0.625966 0.68521
-0.165173 -0.659529 -0 0.615337 0.640388
-0.163878 -0.571784 -0 0.625966 0.68521
-0.184363 -0.643257 -0 0.629869 0.648256
-0.165173 -0.659529 -0 0.615337 0.640388
-0.110116 -0.439684 -0 0.598508 0.77181
-0.128468 -0.512966 -0 0.605652 0.721251
-0.113191 -0.524216 -0 0.592325 0.716697
-0.113191 -0.524216 -0 0.592325 0.716697
-0.128468 -0.512966 -0 0.605652 0.721251
-0.129361 -0.599106 -0 0.596515 0.673107
-0.128468 -0.512966 -0 0.605652 0.721251
-0.146821 -0.586247 -0 0.611645 0.678178
-0.129361 -0.599106 -0 0.596515 0.673107
-0.129361 -0.599106 -0 0.596515 0.673107
-0.146821 -0.586247 -0 0.611645 0.678178
-0.145531 -0.673992 -0 0.600002 0.63462
-0.146821 -0.586247 -0 0.611645 0.678178
-0.165173 -0.659529 -0 0.615337 0.640388
-0.145531 -0.673992 -0 0.600002 0.63462
-0.145531 -0.673992 -0 0.600002 0.63462
-0.165173 -0.659529 -0 0.615337 0.640388
-0.161701 -0.748881 -0 0.602887 0.6026
-0.113191 -0.524216 -0 0.592325 0.716697
-0.129361 -0.599106 -0 0.596515 0.673107
-0.111547 -0.61032 -0 0.582411 0.667403
-0.111547 -0.61032 -0 0.582411 0.667403
-0.129361 -0.599106 -0 0.596515 0.673107
-0.12549 -0.68661 -0 0.585693 0.628277
-0.129361 -0.599106 -0 0.596515 0.673107
-0.145531 -0.673992 -0 0.600002 0.63462
-0.12549 -0.68661 -0 0.585693 0.628277
-0.12549 -0.68661 -0 0.585693 0.628277
-0.145531 -0.673992 -0 0.600002 0.63462
-0.139433 -0.762899 -0 0.588447 0.595748
-0.145531 -0.673992 -0 0.600002 0.63462
-0.161701 -0.748881 -0 0.602887 0.6026
-0.139433 -0.762899 -0 0.588447 0.595748
-0.111547 -0.61032 -0 0.582411 0.667403
-0.12549 -0.68661 -0 0.585693 0.628277
-0.105105 -0.697347 -0 0.569113 0.624401
-0.105105 -0.697347 -0 0.569113 0.624401
-0.12549 -0.68661 -0 0.585693 0.628277
-0.116783 -0.774827 -0 0.571735 0.59145
-0.12549 -0.68661 -0 0.585693 0.628277
-0.139433 -0.762899 -0 0.588447 0.595748
-0.116783 -0.774827 -0 0.571735 0.59145
0.146821 -0.586247 -0 0.366057 0.665201
0.129361 -0.599106 -0 0.381811 0.662157
0.165173 -0.659529 -0 0.361024 0.626282
0.129361 -0.599106 -0 0.381811 0.662157
0.145531 -0.673992 -0 0.376912 0.622699
0.165173 -0.659529 -0 0.361024 0.626282
0.165173 -0.659529 -0 0.361024 0.626282
0.145531 -0.673992 -0 0.376912 0.622699
0.183526 -0.73281 -0 0.356509 0.591306
0.145531 -0.673992 -0 0.376912 0.622699
0.161701 -0.748881 -0 0.374105 0.587356
0.183526 -0.73281 -0 0.356509 0.591306
0.143393 -0.500312 -0 0.358853 0.718673
0.128468 -0.512966 -0 0.373504 0.712016
0.163878 -0.571784 -0 0.351044 0.670361
0.128468 -0.512966 -0 0.373504 0.712016
0.146821 -0.586247 -0 0.366057 0.665201
0.163878 -0.571784 -0 0.351044 0.670361
0.163878 -0.571784 -0 0.351044 0.670361
0.146821 -0.586247 -0 0.366057 0.665201
0.184363 -0.643257 -0 0.345877 0.632127
0.146821 -0.586247 -0 0.366057 0.665201
0.165173 -0.659529 -0 0.361024 0.626282
0.184363 -0.643257 -0 0.345877 0.632127
0.184363 -0.643257 -0 0.345877 0.632127
0.165173 -0.659529 -0 0.361024 0.626282
0.204848 -0.714729 -0 0.341292 0.597755
0.165173 -0.659529 -0 0.361024 0.626282
0.183526 -0.73281 -0 0.356509 0.591306
0.204848 -0.714729 -0 0.341292 0.597755
0.157925 -0.486286 -0 0.344662 0.72255
0.143393 -0.500312 -0 0.358853 0.718673
0.180486 -0.555753 -0 0.335397 0.677233
0.143393 -0.500312 -0 0.358853 0.718673
0.163878 -0.571784 -0 0.351044 0.670361
0.180486 -0.555753 -0 0.335397 0.677233
0.180486 -0.555753 -0 0.335397 0.677233
0.163878 -0.571784 -0 0.351044 0.670361
0.203047 -0.625224 -0 0.329943 0.63734
0.163878 -0.571784 -0 0.351044 0.670361
0.184363 -0.643257 -0 0.345877 0.632127
0.203047 -0.625224 -0 0.329943 0.63734
0.14745 -0.403647 -0 0.342308 0.781573
0.135365 -0.416815 -0 0.355426 0.777069
0.172025 -0.470925 -0 0.330134 0.730048
0.135365 -0.416815 -0 0.355426 0.777069
0.157925 -0.486286 -0 0.344662 0.72255
0.172025 -0.470925 -0 0.330134 0.730048
0.172025 -0.470925 -0 0.330134 0.730048
0.157925 -0.486286 -0 0.344662 0.72255
0.1966 -0.538198 -0 0.320572 0.683539
0.157925 -0.486286 -0 0.344662 0.72255
0.180486 -0.555753 -0 0.335397 0.677233
0.1966 -0.538198 -0 0.320572 0.683539
0.1966 -0.538198 -0 0.320572 0.683539
0.180486 -0.555753 -0 0.335397 0.677233
0.221175 -0.605475 -0 0.313605 0.644318
0.180486 -0.555753 -0 0.335397 0.677233
0.203047 -0.625224 -0 0.329943 0.63734
0.221175 -0.605475 -0 0.313605 0.644318
0.159131 -0.389377 -0 0.328981 0.789031
0.14745 -0.403647 -0 0.342308 0.781573
0.185652 -0.454272 -0 0.316426 0.736885
0.14745 -0.403647 -0 0.342308 0.781573
0.172025 -0.470925 -0 0.330134 0.730048
0.185652 -0.454272 -0 0.316426 0.736885
0.185652 -0.454272 -0 0.316426 0.736885
0.172025 -0.470925 -0 0.330134 0.730048
0.212174 -0.519171 -0 0.306774 0.691581
0.172025 -0.470925 -0 0.330134 0.730048
0.1966 -0.538198 -0 0.320572 0.683539
0.212174 -0.519171 -0 0.306774 0.691581
0.212174 -0.519171 -0 0.306774 0.691581
0.1966 -0.538198 -0 0.320572 0.683539
0.238695 -0.584065 -0 0.29826 0.650713
0.1966 -0.538198 -0 0.320572 0.683539
0.221175 -0.605475 -0 0.313605 0.644318
0.238695 -0.584065 -0 0.29826 0.650713
0.0567918 -0.186214 -0 0.420052 0.993085
0.0530435 -0.186214 -0 0.424773 0.993856
0.0851877 -0.187019 -0 0.384121 0.984336
0.141979 -0.311698 -0 0.335126 0.855397
0.132609 -0.324481 -0 0.346 0.848251
0.170375 -0.374038 -0 0.316706 0.797616
0.132609 -0.324481 -0 0.346 0.848251
0.159131 -0.389377 -0 0.328981 0.789031
0.170375 -0.374038 -0 0.316706 0.797616
0.170375 -0.374038 -0 0.316706 0.797616
0.159131 -0.389377 -0 0.328981 0.789031
0.198771 -0.436376 -0 0.302522 0.744756
0.159131 -0.389377 -0 0.328981 0.789031
0.185652 -0.454272 -0 0.316426 0.736885
0.198771 -0.436376 -0 0.302522 0.744756
0.198771 -0.436376 -0 0.302522 0.744756
0.185652 -0.454272 -0 0.316426 0.736885
0.227167 -0.498715 -0 0.292574 0.698633
0.185652 -0.454272 -0 0.316426 0.736885
0.212174 -0.519171 -0 0.306774 0.691581
0.227167 -0.498715 -0 0.292574 0.698633
0.227167 -0.498715 -0 0.292574 0.698633
0.212174 -0.519171 -0 0.306774 0.691581
0.255564 -0.561055 -0 0.284081 0.658874
0.212174 -0.519171 -0 0.306774 0.691581
0.238695 -0.584065 -0 0.29826 0.650713
0.255564 -0.561055 -0 0.284081 0.658874
0.0603844 -0.186214 -0 0.415353 0.992256
0.0567918 -0.186214 -0 0.420052 0.993085
0.0905766 -0.186214 -0 0.377598 0.983388
0.0567918 -0.186214 -0 0.420052 0.993085
0.0851877 -0.187019 -0 0.384121 0.984336
0.0905766 -0.186214 -0 0.377598 0.983388
0.150961 -0.298061 -0 0.323962 0.862969
0.141979 -0.311698 -0 0.335126 0.855397
0.181153 -0.357673 -0 0.305222 0.805423
0.141979 -0.311698 -0 0.335126 0.855397
0.170375 -0.374038 -0 0.316706 0.797616
0.181153 -0.357673 -0 0.305222 0.805423
0.181153 -0.357673 -0 0.305222 0.805423
0.170375 -0.374038 -0 0.316706 0.797616
0.211346 -0.417284 -0 0.289823 0.753846
0.170375 -0.374038 -0 0.316706 0.797616
0.198771 -0.436376 -0 0.302522 0.744756
0.211346 -0.417284 -0 0.289823 0.753846
0.211346 -0.417284 -0 0.289823 0.753846
0.198771 -0.436376 -0 0.302522 0.744756
0.241538 -0.476897 -0 0.278637 0.708913
0.198771 -0.436376 -0 0.302522 0.744756
0.227167 -0.498715 -0 0.292574 0.698633
0.241538 -0.476897 -0 0.278637 0.708913
0.241538 -0.476897 -0 0.278637 0.708913
0.227167 -0.498715 -0 0.292574 0.698633
0.271731 -0.536509 -0 0.268797 0.667945
0.227167 -0.498715 -0 0.292574 0.698633
0.255564 -0.561055 -0 0.284081 0.658874
0.271731 -0.536509 -0 0.268797 0.667945
0.0638116 -0.186214 -0 0.411843 0.991598
0.0603844 -0.186214 -0 0.415353 0.992256
0.0957173 -0.186214 -0 0.372061 0.981751
0.0603844 -0.186214 -0 0.415353 0.992256
0.0905766 -0.186214 -0 0.377598 0.983388
0.0957173 -0.186214 -0 0.372061 0.981751
0.159529 -0.283607 -0 0.313807 0.87125
0.150961 -0.298061 -0 0.323962 0.862969
0.191435 -0.340328 -0 0.292531 0.813277
0.150961 -0.298061 -0 0.323962 0.862969
0.181153 -0.357673 -0 0.305222 0.805423
0.191435 -0.340328 -0 0.292531 0.813277
0.191435 -0.340328 -0 0.292531 0.813277
0.181153 -0.357673 -0 0.305222 0.805423
0.22334 -0.39705 -0 0.276937 0.761662
0.181153 -0.357673 -0 0.305222 0.805423
0.211346 -0.417284 -0 0.289823 0.753846
0.22334 -0.39705 -0 0.276937 0.761662
0.22334 -0.39705 -0 0.276937 0.761662
0.211346 -0.417284 -0 0.289823 0.753846
0.255246 -0.45377 -0 0.264715 0.717852
0.211346 -0.417284 -0 0.289823 0.753846
0.241538 -0.476897 -0 0.278637 0.708913
0.255246 -0.45377 -0 0.264715 0.717852
0.255246 -0.45377 -0 0.264715 0.717852
0.241538 -0.476897 -0 0.278637 0.708913
0.287151 -0.510491 -0 0.254988 0.678313
0.241538 -0.476897 -0 0.278637 0.708913
0.271731 -0.536509 -0 0.268797 0.667945
0.287151 -0.510491 -0 0.254988 0.678313
0.0670637 -0.186214 -0 0.407186 0.990673
0.0638116 -0.186214 -0 0.411843 0.991598
0.100596 -0.186214 -0 0.365488 0.979694
0.0638116 -0.186214 -0 0.411843 0.991598
0.0957173 -0.186214 -0 0.372061 0.981751
0.100596 -0.186214 -0 0.365488 0.979694
0.100596 -0.186214 -0 0.365488 0.979694
0.0957173 -0.186214 -0 0.372061 0.981751
0.134127 -0.2147 -0 0.330245 0.939999
0.167659 -0.268375 -0 0.303577 0.879649
0.159529 -0.283607 -0 0.313807 0.87125
0.201191 -0.32205 -0 0.281423 0.823516
0.159529 -0.283607 -0 0.313807 0.87125
0.191435 -0.340328 -0 0.292531 0.813277
0.201191 -0.32205 -0 0.281423 0.823516
0.201191 -0.32205 -0 0.281423 0.823516
0.191435 -0.340328 -0 0.292531 0.813277
0.234722 -0.375725 -0 0.264593 0.771841
0.191435 -0.340328 -0 0.292531 0.813277
0.22334 -0.39705 -0 0.276937 0.761662
0.234722 -0.375725 -0 0.264593 0.771841
0.234722 -0.375725 -0 0.264593 0.771841
0.22334 -0.39705 -0 0.276937 0.761662
0.268254 -0.429401 -0 0.251225 0.727416
0.22334 -0.39705 -0 0.276937 0.761662
0.255246 -0.45377 -0 0.264715 0.717852
0.268254 -0.429401 -0 0.251225 0.727416
0.268254 -0.429401 -0 0.251225 0.727416
0.255246 -0.45377 -0 0.264715 0.717852
0.301786 -0.483077 -0 0.240413 0.686971
0.255246 -0.45377 -0 0.264715 0.717852
0.287151 -0.510491 -0 0.254988 0.678313
0.301786 -0.483077 -0 0.240413 0.686971
0.070132 -0.186214 -0 0.40371 0.989943
0.0670637 -0.186214 -0 0.407186 0.990673
0.105198 -0.186214 -0 0.360074 0.977905
0.0670637 -0.186214 -0 0.407186 0.990673
0.100596 -0.186214 -0 0.365488 0.979694
0.105198 -0.186214 -0 0.360074 0.977905
0.105198 -0.186214 -0 0.360074 0.977905
0.100596 -0.186214 -0 0.365488 0.979694
0.140264 -0.201926 -0 0.322135 0.947987
0.100596 -0.186214 -0 0.365488 0.979694
0.134127 -0.2147 -0 0.330245 0.939999
0.140264 -0.201926 -0 0.322135 0.947987
0.140264 -0.201926 -0 0.322135 0.947987
0.134127 -0.2147 -0 0.330245 0.939999
0.17533 -0.252408 -0 0.293412 0.888015
0.134127 -0.2147 -0 0.330245 0.939999
0.167659 -0.268375 -0 0.303577 0.879649
0.17533 -0.252408 -0 0.293412 0.888015
0.17533 -0.252408 -0 0.293412 0.888015
0.167659 -0.268375 -0 0.303577 0.879649
0.210396 -0.30289 -0 0.270258 0.832214
0.167659 -0.268375 -0 0.303577 0.879649
0.201191 -0.32205 -0 0.281423 0.823516
0.210396 -0.30289 -0 0.270258 0.832214
0.210396 -0.30289 -0 0.270258 0.832214
0.201191 -0.32205 -0 0.281423 0.823516
0.245461 -0.353372 -0 0.252681 0.78221
0.201191 -0.32205 -0 0.281423 0.823516
0.234722 -0.375725 -0 0.264593 0.771841
0.245461 -0.353372 -0 0.252681 0.78221
0.245461 -0.353372 -0 0.252681 0.78221
0.234722 -0.375725 -0 0.264593 0.771841
0.280527 -0.403852 -0 0.238323 0.737387
0.234722 -0.375725 -0 0.264593 0.771841
0.268254 -0.429401 -0 0.251225 0.727416
0.280527 -0.403852 -0 0.238323 0.737387
0.280527 -0.403852 -0 0.238323 0.737387
0.268254 -0.429401 -0 0.251225 0.727416
0.315594 -0.454336 -0 0.226833 0.698215
0.268254 -0.429401 -0 0.251225 0.727416
0.301786 -0.483077 -0 0.240413 0.686971
0.315594 -0.454336 -0 0.226833 0.698215
0.0730083 -0.186214 -0 0.400249 0.989184
0.070132 -0.186214 -0 0.40371 0.989943
0.109512 -0.186214 -0 0.355548 0.975487
0.070132 -0.186214 -0 0.40371 0.989943
0.105198 -0.186214 -0 0.360074 0.977905
0.109512 -0.186214 -0 0.355548 0.975487
0.109512 -0.186214 -0 0.355548 0.975487
0.105198 -0.186214 -0 0.360074 0.977905
0.146017 -0.188599 -0 0.314901 0.956205
0.105198 -0.186214 -0 0.360074 0.977905
0.140264 -0.201926 -0 0.322135 0.947987
0.146017 -0.188599 -0 0.314901 0.956205
0.146017 -0.188599 -0 0.314901 0.956205
0.140264 -0.201926 -0 0.322135 0.947987
0.182521 -0.235749 -0 0.284709 0.897974
0.140264 -0.201926 -0 0.322135 0.947987
0.17533 -0.252408 -0 0.293412 0.888015
0.182521 -0.235749 -0 0.284709 0.897974
0.182521 -0.235749 -0 0.284709 0.897974
0.17533 -0.252408 -0 0.293412 0.888015
0.219025 -0.282899 -0 0.26011 0.843812
0.17533 -0.252408 -0 0.293412 0.888015
0.210396 -0.30289 -0 0.270258 0.832214
0.219025 -0.282899 -0 0.26011 0.843812
0.219025 -0.282899 -0 0.26011 0.843812
0.210396 -0.30289 -0 0.270258 0.832214
0.255528 -0.330049 -0 0.240747 0.79371
0.210396 -0.30289 -0 0.270258 0.832214
0.245461 -0.353372 -0 0.252681 0.78221
0.255528 -0.330049 -0 0.240747 0.79371
0.255528 -0.330049 -0 0.240747 0.79371
0.245461 -0.353372 -0 0.252681 0.78221
0.292033 -0.377199 -0 0.225574 0.74886
0.245461 -0.353372 -0 0.252681 0.78221
0.280527 -0.403852 -0 0.238323 0.737387
0.292033 -0.377199 -0 0.225574 0.74886
0.292033 -0.377199 -0 0.225574 0.74886
0.280527 -0.403852 -0 0.238323 0.737387
0.328537 -0.424347 -0 0.214131 0.70969
0.280527 -0.403852 -0 0.238323 0.737387
0.315594 -0.454336 -0 0.226833 0.698215
0.328537 -0.424347 -0 0.214131 0.70969
0.0756842 -0.186214 -0 0.396803 0.988395
0.0730083 -0.186214 -0 0.400249 0.989184
0.113526 -0.186214 -0 0.350232 0.973579
0.0730083 -0.186214 -0 0.400249 0.989184
0.109512 -0.186214 -0 0.355548 0.975487
0.113526 -0.186214 -0 0.350232 0.973579
0.113526 -0.186214 -0 0.350232 0.973579
0.109512 -0.186214 -0 0.355548 0.975487
0.151368 -0.186214 -0 0.309045 0.955917
0.109512 -0.186214 -0 0.355548 0.975487
0.146017 -0.188599 -0 0.314901 0.956205
0.151368 -0.186214 -0 0.309045 0.955917
0.151368 -0.186214 -0 0.309045 0.955917
0.146017 -0.188599 -0 0.314901 0.956205
0.189211 -0.218444 -0 0.275612 0.9082
0.146017 -0.188599 -0 0.314901 0.956205
0.182521 -0.235749 -0 0.284709 0.897974
0.189211 -0.218444 -0 0.275612 0.9082
0.189211 -0.218444 -0 0.275612 0.9082
0.182521 -0.235749 -0 0.284709 0.897974
0.227052 -0.262133 -0 0.250445 0.854961
0.182521 -0.235749 -0 0.284709 0.897974
0.219025 -0.282899 -0 0.26011 0.843812
0.227052 -0.262133 -0 0.250445 0.854961
0.227052 -0.262133 -0 0.250445 0.854961
0.219025 -0.282899 -0 0.26011 0.843812
0.264895 -0.305822 -0 0.229599 0.804874
0.219025 -0.282899 -0 0.26011 0.843812
0.255528 -0.330049 -0 0.240747 0.79371
0.264895 -0.305822 -0 0.229599 0.804874
0.264895 -0.305822 -0 0.229599 0.804874
0.255528 -0.330049 -0 0.240747 0.79371
0.302736 -0.34951 -0 0.214073 0.761815
0.255528 -0.330049 -0 0.240747 0.79371
0.292033 -0.377199 -0 0.225574 0.74886
0.302736 -0.34951 -0 0.214073 0.761815
0.302736 -0.34951 -0 0.214073 0.761815
0.292033 -0.377199 -0 0.225574 0.74886
0.34058 -0.393199 -0 0.201167 0.722077
0.292033 -0.377199 -0 0.225574 0.74886
0.328537 -0.424347 -0 0.214131 0.70969
0.34058 -0.393199 -0 0.201167 0.722077
0.0781528 -0.186214 -0 0.393374 0.987576
0.0756842 -0.186214 -0 0.396803 0.988395
0.117229 -0.186214 -0 0.346022 0.97201
0.0756842 -0.186214 -0 0.396803 0.988395
0.113526 -0.186214 -0 0.350232 0.973579
0.117229 -0.186214 -0 0.346022 0.97201
0.117229 -0.186214 -0 0.346022 0.97201
0.113526 -0.186214 -0 0.350232 0.973579
0.156306 -0.186214 -0 0.303396 0.953081
0.113526 -0.186214 -0 0.350232 0.973579
0.151368 -0.186214 -0 0.309045 0.955917
0.156306 -0.186214 -0 0.303396 0.953081
0.156306 -0.186214 -0 0.303396 0.953081
0.151368 -0.186214 -0 0.309045 0.955917
0.195382 -0.20054 -0 0.267219 0.918912
0.151368 -0.186214 -0 0.309045 0.955917
0.189211 -0.218444 -0 0.275612 0.9082
0.195382 -0.20054 -0 0.267219 0.918912
0.195382 -0.20054 -0 0.267219 0.918912
0.189211 -0.218444 -0 0.275612 0.9082
0.234458 -0.240648 -0 0.240854 0.866315
0.189211 -0.218444 -0 0.275612 0.9082
0.227052 -0.262133 -0 0.250445 0.854961
0.234458 -0.240648 -0 0.240854 0.866315
0.234458 -0.240648 -0 0.240854 0.866315
0.227052 -0.262133 -0 0.250445 0.854961
0.273536 -0.280756 -0 0.219177 0.817939
0.227052 -0.262133 -0 0.250445 0.854961
0.264895 -0.305822 -0 0.229599 0.804874
0.273536 -0.280756 -0 0.219177 0.817939
0.273536 -0.280756 -0 0.219177 0.817939
0.264895 -0.305822 -0 0.229599 0.804874
0.312611 -0.320864 -0 0.202443 0.774841
0.264895 -0.305822 -0 0.229599 0.804874
0.302736 -0.34951 -0 0.214073 0.761815
0.312611 -0.320864 -0 0.202443 0.774841
0.312611 -0.320864 -0 0.202443 0.774841
0.302736 -0.34951 -0 0.214073 0.761815
0.351689 -0.360972 -0 0.189075 0.735296
0.302736 -0.34951 -0 0.214073 0.761815
0.34058 -0.393199 -0 0.201167 0.722077
0.351689 -0.360972 -0 0.189075 0.735296
0.0804073 -0.186214 -0 0.389961 0.98673
0.0781528 -0.186214 -0 0.393374 0.987576
0.120611 -0.186214 -0 0.342891 0.970809
0.0781528 -0.186214 -0 0.393374 0.987576
0.117229 -0.186214 -0 0.346022 0.97201
0.120611 -0.186214 -0 0.342891 0.970809
0.120611 -0.186214 -0 0.342891 0.970809
0.117229 -0.186214 -0 0.346022 0.97201
0.160814 -0.186214 -0 0.298763 0.95068
0.117229 -0.186214 -0 0.346022 0.97201
0.156306 -0.186214 -0 0.303396 0.953081
0.160814 -0.186214 -0 0.298763 0.95068
0.160814 -0.186214 -0 0.298763 0.95068
0.156306 -0.186214 -0 0.303396 0.953081
0.201018 -0.186214 -0 0.259847 0.926851
0.156306 -0.186214 -0 0.303396 0.953081
0.195382 -0.20054 -0 0.267219 0.918912
0.201018 -0.186214 -0 0.259847 0.926851
0.201018 -0.186214 -0 0.259847 0.926851
0.195382 -0.20054 -0 0.267219 0.918912
0.241222 -0.218504 -0 0.231883 0.878754
0.195382 -0.20054 -0 0.267219 0.918912
0.234458 -0.240648 -0 0.240854 0.866315
0.241222 -0.218504 -0 0.231883 0.878754
0.241222 -0.218504 -0 0.231883 0.878754
0.234458 -0.240648 -0 0.240854 0.866315
0.281425 -0.254922 -0 0.209347 0.830938
0.234458 -0.240648 -0 0.240854 0.866315
0.273536 -0.280756 -0 0.219177 0.817939
0.281425 -0.254922 -0 0.209347 0.830938
0.281425 -0.254922 -0 0.209347 0.830938
0.273536 -0.280756 -0 0.219177 0.817939
0.321629 -0.291339 -0 0.191698 0.788029
0.273536 -0.280756 -0 0.219177 0.817939
0.312611 -0.320864 -0 0.202443 0.774841
0.321629 -0.291339 -0 0.191698 0.788029
0.321629 -0.291339 -0 0.191698 0.788029
0.312611 -0.320864 -0 0.202443 0.774841
0.361832 -0.327756 -0 0.177699 0.749973
0.312611 -0.320864 -0 0.202443 0.774841
0.351689 -0.360972 -0 0.189075 0.735296
0.361832 -0.327756 -0 0.177699 0.749973
0.0824411 -0.186214 -0 0.387695 0.986149
0.0804073 -0.186214 -0 0.389961 0.98673
0.123662 -0.186214 -0 0.338752 0.969176
0.0804073 -0.186214 -0 0.389961 0.98673
0.120611 -0.186214 -0 0.342891 0.970809
0.123662 -0.186214 -0 0.338752 0.969176
0.123662 -0.186214 -0 0.338752 0.969176
0.120611 -0.186214 -0 0.342891 0.970809
0.164882 -0.186214 -0 0.295107 0.948735
0.120611 -0.186214 -0 0.342891 0.970809
0.160814 -0.186214 -0 0.298763 0.95068
0.164882 -0.186214 -0 0.295107 0.948735
0.164882 -0.186214 -0 0.295107 0.948735
0.160814 -0.186214 -0 0.298763 0.95068
0.206103 -0.186214 -0 0.255118 0.923695
0.160814 -0.186214 -0 0.298763 0.95068
0.201018 -0.186214 -0 0.259847 0.926851
0.206103 -0.186214 -0 0.255118 0.923695
0.206103 -0.186214 -0 0.255118 0.923695
0.201018 -0.186214 -0 0.259847 0.926851
0.247323 -0.195761 -0 0.222998 0.891242
0.201018 -0.186214 -0 0.259847 0.926851
0.241222 -0.218504 -0 0.231883 0.878754
0.247323 -0.195761 -0 0.222998 0.891242
0.247323 -0.195761 -0 0.222998 0.891242
0.241222 -0.218504 -0 0.231883 0.878754
0.288543 -0.228388 -0 0.199932 0.844298
0.241222 -0.218504 -0 0.231883 0.878754
0.281425 -0.254922 -0 0.209347 0.830938
0.288543 -0.228388 -0 0.199932 0.844298
0.288543 -0.228388 -0 0.199932 0.844298
0.281425 -0.254922 -0 0.209347 0.830938
0.329764 -0.261015 -0 0.181659 0.801899
0.281425 -0.254922 -0 0.209347 0.830938
0.321629 -0.291339 -0 0.191698 0.788029
0.329764 -0.261015 -0 0.181659 0.801899
0.329764 -0.261015 -0 0.181659 0.801899
0.321629 -0.291339 -0 0.191698 0.788029
0.370985 -0.293641 -0 0.16701 0.764021
0.321629 -0.291339 -0 0.191698 0.788029
0.361832 -0.327756 -0 0.177699 0.749973
0.370985 -0.293641 -0 0.16701 0.764021
0.0842492 -0.186214 -0 0.385437 0.985557
0.0824411 -0.186214 -0 0.387695 0.986149
0.126374 -0.186214 -0 0.335675 0.967928
0.0824411 -0.186214 -0 0.387695 0.986149
0.123662 -0.186214 -0 0.338752 0.969176
0.126374 -0.186214 -0 0.335675 0.967928
0.126374 -0.186214 -0 0.335675 0.967928
0.123662 -0.186214 -0 0.338752 0.969176
0.168498 -0.186214 -0 0.291185 0.945772
0.123662 -0.186214 -0 0.338752 0.969176
0.164882 -0.186214 -0 0.295107 0.948735
0.168498 -0.186214 -0 0.291185 0.945772
0.168498 -0.186214 -0 0.291185 0.945772
0.164882 -0.186214 -0 0.295107 0.948735
0.210623 -0.186214 -0 0.251251 0.921053
0.164882 -0.186214 -0 0.295107 0.948735
0.206103 -0.186214 -0 0.255118 0.923695
0.210623 -0.186214 -0 0.251251 0.921053
0.210623 -0.186214 -0 0.251251 0.921053
0.206103 -0.186214 -0 0.255118 0.923695
0.252748 -0.186214 -0 0.217717 0.894962
0.206103 -0.186214 -0 0.255118 0.923695
0.247323 -0.195761 -0 0.222998 0.891242
0.252748 -0.186214 -0 0.217717 0.894962
0.252748 -0.186214 -0 0.217717 0.894962
0.247323 -0.195761 -0 0.222998 0.891242
0.294872 -0.201228 -0 0.190903 0.858156
0.247323 -0.195761 -0 0.222998 0.891242
0.288543 -0.228388 -0 0.199932 0.844298
0.294872 -0.201228 -0 0.190903 0.858156
0.294872 -0.201228 -0 0.190903 0.858156
0.288543 -0.228388 -0 0.199932 0.844298
0.336997 -0.229975 -0 0.172099 0.817347
0.288543 -0.228388 -0 0.199932 0.844298
0.329764 -0.261015 -0 0.181659 0.801899
0.336997 -0.229975 -0 0.172099 0.817347
0.336997 -0.229975 -0 0.172099 0.817347
0.329764 -0.261015 -0 0.181659 0.801899
0.37912 -0.258722 -0 0.156609 0.77965
0.329764 -0.261015 -0 0.181659 0.801899
0.370985 -0.293641 -0 0.16701 0.764021
0.37912 -0.258722 -0 0.156609 0.77965
0.37912 -0.258722 -0 0.156609 0.77965
0.370985 -0.293641 -0 0.16701 0.764021
0.421246 -0.287469 -0 0.144124 0.745927
0.0858264 -0.186214 -0 0.384311 0.985256
0.0842492 -0.186214 -0 0.385437 0.985557
0.128739 -0.186214 -0 0.333636 0.967085
0.0842492 -0.186214 -0 0.385437 0.985557
0.126374 -0.186214 -0 0.335675 0.967928
0.128739 -0.186214 -0 0.333636 0.967085
0.128739 -0.186214 -0 0.333636 0.967085
0.126374 -0.186214 -0 0.335675 0.967928
0.171653 -0.186214 -0 0.287615 0.943786
0.126374 -0.186214 -0 0.335675 0.967928
0.168498 -0.186214 -0 0.291185 0.945772
0.171653 -0.186214 -0 0.287615 0.943786
0.171653 -0.186214 -0 0.287615 0.943786
0.168498 -0.186214 -0 0.291185 0.945772
0.214566 -0.186214 -0 0.248205 0.918933
0.168498 -0.186214 -0 0.291185 0.945772
0.210623 -0.186214 -0 0.251251 0.921053
0.214566 -0.186214 -0 0.248205 0.918933
0.214566 -0.186214 -0 0.248205 0.918933
0.210623 -0.186214 -0 0.251251 0.921053
0.257479 -0.186214 -0 0.21387 0.891772
0.210623 -0.186214 -0 0.251251 0.921053
0.252748 -0.186214 -0 0.217717 0.894962
0.257479 -0.186214 -0 0.21387 0.891772
0.257479 -0.186214 -0 0.21387 0.891772
0.252748 -0.186214 -0 0.217717 0.894962
0.300392 -0.186214 -0 0.185132 0.865144
0.252748 -0.186214 -0 0.217717 0.894962
0.294872 -0.201228 -0 0.190903 0.858156
0.300392 -0.186214 -0 0.185132 0.865144
0.300392 -0.186214 -0 0.185132 0.865144
0.294872 -0.201228 -0 0.190903 0.858156
0.343305 -0.198305 -0 0.163381 0.833378
0.294872 -0.201228 -0 0.190903 0.858156
0.336997 -0.229975 -0 0.172099 0.817347
0.343305 -0.198305 -0 0.163381 0.833378
0.343305 -0.198305 -0 0.163381 0.833378
0.336997 -0.229975 -0 0.172099 0.817347
0.386218 -0.223093 -0 0.146987 0.795785
0.336997 -0.229975 -0 0.172099 0.817347
0.37912 -0.258722 -0 0.156609 0.77965
0.386218 -0.223093 -0 0.146987 0.795785
0.386218 -0.223093 -0 0.146987 0.795785
0.37912 -0.258722 -0 0.156609 0.77965
0.429131 -0.247881 -0 0.134018 0.762402
0.37912 -0.258722 -0 0.156609 0.77965
0.421246 -0.287469 -0 0.144124 0.745927
0.429131 -0.247881 -0 0.134018 0.762402
0.0871681 -0.186214 -0 0.382065 0.984645
0.0858264 -0.186214 -0 0.384311 0.985256
0.130752 -0.186214 -0 0.330597 0.965806
0.0858264 -0.186214 -0 0.384311 0.985256
0.128739 -0.186214 -0 0.333636 0.967085
0.130752 -0.186214 -0 0.330597 0.965806
0.130752 -0.186214 -0 0.330597 0.965806
0.128739 -0.186214 -0 0.333636 0.967085
0.174336 -0.186214 -0 0.284966 0.942285
0.128739 -0.186214 -0 0.333636 0.967085
0.171653 -0.186214 -0 0.287615 0.943786
0.174336 -0.186214 -0 0.284966 0.942285
0.174336 -0.186214 -0 0.284966 0.942285
0.171653 -0.186214 -0 0.287615 0.943786
0.21792 -0.186214 -0 0.245201 0.916808
0.171653 -0.186214 -0 0.287615 0.943786
0.214566 -0.186214 -0 0.248205 0.918933
0.21792 -0.186214 -0 0.245201 0.916808
0.21792 -0.186214 -0 0.245201 0.916808
0.214566 -0.186214 -0 0.248205 0.918933
0.261504 -0.186214 -0 0.211352 0.88965
0.214566 -0.186214 -0 0.248205 0.918933
0.257479 -0.186214 -0 0.21387 0.891772
0.261504 -0.186214 -0 0.211352 0.88965
0.261504 -0.186214 -0 0.211352 0.88965
0.257479 -0.186214 -0 0.21387 0.891772
0.305089 -0.186214 -0 0.182514 0.8626
0.257479 -0.186214 -0 0.21387 0.891772
0.300392 -0.186214 -0 0.185132 0.865144
0.305089 -0.186214 -0 0.182514 0.8626
0.305089 -0.186214 -0 0.182514 0.8626
0.300392 -0.186214 -0 0.185132 0.865144
0.348672 -0.186214 -0 0.158118 0.836524
0.300392 -0.186214 -0 0.185132 0.865144
0.343305 -0.198305 -0 0.163381 0.833378
0.348672 -0.186214 -0 0.158118 0.836524
0.348672 -0.186214 -0 0.158118 0.836524
0.343305 -0.198305 -0 0.163381 0.833378
0.392257 -0.186853 -0 0.138238 0.812796
0.343305 -0.198305 -0 0.163381 0.833378
0.386218 -0.223093 -0 0.146987 0.795785
0.392257 -0.186853 -0 0.138238 0.812796
0.392257 -0.186853 -0 0.138238 0.812796
0.386218 -0.223093 -0 0.146987 0.795785
0.43584 -0.207615 -0 0.124454 0.779382
0.386218 -0.223093 -0 0.146987 0.795785
0.429131 -0.247881 -0 0.134018 0.762402
0.43584 -0.207615 -0 0.124454 0.779382
0.0441356 -0.186214 -0 0.436755 0.996419
0.043584 -0.186214 -0 0.436755 0.996419
0.0882711 -0.186214 -0 0.380945 0.984335
0.043584 -0.186214 -0 0.436755 0.996419
0.0871681 -0.186214 -0 0.382065 0.984645
0.0882711 -0.186214 -0 0.380945 0.984335
0.0882711 -0.186214 -0 0.380945 0.984335
0.0871681 -0.186214 -0 0.382065 0.984645
0.132407 -0.186214 -0 0.32959 0.965376
0.0871681 -0.186214 -0 0.382065 0.984645
0.130752 -0.186214 -0 0.330597 0.965806
0.132407 -0.186214 -0 0.32959 0.965376
0.132407 -0.186214 -0 0.32959 0.965376
0.130752 -0.186214 -0 0.330597 0.965806
0.176542 -0.186214 -0 0.283214 0.941279
0.130752 -0.186214 -0 0.330597 0.965806
0.174336 -0.186214 -0 0.284966 0.942285
0.176542 -0.186214 -0 0.283214 0.941279
0.176542 -0.186214 -0 0.283214 0.941279
0.174336 -0.186214 -0 0.284966 0.942285
0.220678 -0.186214 -0 0.242976 0.915212
0.174336 -0.186214 -0 0.284966 0.942285
0.21792 -0.186214 -0 0.245201 0.916808
0.220678 -0.186214 -0 0.242976 0.915212
0.220678 -0.186214 -0 0.242976 0.915212
0.21792 -0.186214 -0 0.245201 0.916808
0.264814 -0.186214 -0 0.208871 0.887532
0.21792 -0.186214 -0 0.245201 0.916808
0.261504 -0.186214 -0 0.211352 0.88965
0.264814 -0.186214 -0 0.208871 0.887532
0.264814 -0.186214 -0 0.208871 0.887532
0.261504 -0.186214 -0 0.211352 0.88965
0.30895 -0.186214 -0 0.179945 0.86007
0.261504 -0.186214 -0 0.211352 0.88965
0.305089 -0.186214 -0 0.182514 0.8626
0.30895 -0.186214 -0 0.179945 0.86007
0.30895 -0.186214 -0 0.179945 0.86007
0.305089 -0.186214 -0 0.182514 0.8626
0.353085 -0.186214 -0 0.155993 0.834168
0.305089 -0.186214 -0 0.182514 0.8626
0.348672 -0.186214 -0 0.158118 0.836524
0.353085 -0.186214 -0 0.155993 0.834168
0.353085 -0.186214 -0 0.155993 0.834168
0.348672 -0.186214 -0 0.158118 0.836524
0.397221 -0.186214 -0 0.135767 0.809772
0.348672 -0.186214 -0 0.158118 0.836524
0.392257 -0.186853 -0 0.138238 0.812796
0.397221 -0.186214 -0 0.135767 0.809772
0.397221 -0.186214 -0 0.135767 0.809772
0.392257 -0.186853 -0 0.138238 0.812796
0.441356 -0.186214 -0 0.118909 0.788083
0.392257 -0.186853 -0 0.138238 0.812796
0.43584 -0.207615 -0 0.124454 0.779382
0.441356 -0.186214 -0 0.118909 0.788083
0.441356 -0.186214 -0 0.118909 0.788083
0.43584 -0.207615 -0 0.124454 0.779382
0.48549 -0.186214 -0 0.104616 0.767516
