-0.101038 0.232449 -0 0.641121 0.973441
-0.101038 0.23539 -0 0.643249 0.972574
-0.101038 0.309931 -0 0.683904 0.954386
-0.101038 0.23539 -0 0.643249 0.972574
-0.101038 0.313853 -0 0.685769 0.953384
-0.101038 0.309931 -0 0.683904 0.954386
-0.101038 0.309931 -0 0.683904 0.954386
-0.101038 0.313853 -0 0.685769 0.953384
-0.101038 0.387414 -0 0.720978 0.933273
-0.101038 0.313853 -0 0.685769 0.953384
-0.101038 0.392316 -0 0.72338 0.931683
-0.101038 0.387414 -0 0.720978 0.933273
-0.101038 0.387414 -0 0.720978 0.933273
-0.101038 0.392316 -0 0.72338 0.931683
-0.101038 0.464896 -0 0.752661 0.911531
-0.101038 0.392316 -0 0.72338 0.931683
-0.101038 0.47078 -0 0.754376 0.91108
-0.101038 0.464896 -0 0.752661 0.911531
-0.101038 0.464896 -0 0.752661 0.911531
-0.101038 0.47078 -0 0.754376 0.91108
-0.101038 0.542381 -0 0.779235 0.891269
-0.101038 0.47078 -0 0.754376 0.91108
-0.101038 0.549244 -0 0.781549 0.889214
-0.101038 0.542381 -0 0.779235 0.891269
-0.101038 0.542381 -0 0.779235 0.891269
-0.101038 0.549244 -0 0.781549 0.889214
-0.101038 0.619862 -0 0.802542 0.870309
-0.101038 0.549244 -0 0.781549 0.889214
-0.101038 0.627707 -0 0.804501 0.868365
-0.101038 0.619862 -0 0.802542 0.870309
-0.101038 0.619862 -0 0.802542 0.870309
-0.101038 0.627707 -0 0.804501 0.868365
-0.105105 0.697347 -0 0.821019 0.847268
-0.101038 0.22887 -0 0.63898 0.9743
-0.101038 0.232449 -0 0.641121 0.973441
-0.101038 0.30516 -0 0.681084 0.95588
-0.101038 0.232449 -0 0.641121 0.973441
-0.101038 0.309931 -0 0.683904 0.954386
-0.101038 0.30516 -0 0.681084 0.95588
-0.101038 0.30516 -0 0.681084 0.95588
-0.101038 0.309931 -0 0.683904 0.954386
-0.101038 0.38145 -0 0.718549 0.93486
-0.101038 0.309931 -0 0.683904 0.954386
-0.101038 0.387414 -0 0.720978 0.933273
-0.101038 0.38145 -0 0.718549 0.93486
-0.101038 0.38145 -0 0.718549 0.93486
-0.101038 0.387414 -0 0.720978 0.933273
-0.101038 0.457741 -0 0.749895 0.913657
-0.101038 0.387414 -0 0.720978 0.933273
-0.101038 0.464896 -0 0.752661 0.911531
-0.101038 0.457741 -0 0.749895 0.913657
-0.101038 0.457741 -0 0.749895 0.913657
-0.101038 0.464896 -0 0.752661 0.911531
-0.101038 0.534031 -0 0.776885 0.893333
-0.101038 0.464896 -0 0.752661 0.911531
-0.101038 0.542381 -0 0.779235 0.891269
-0.101038 0.534031 -0 0.776885 0.893333
-0.101038 0.534031 -0 0.776885 0.893333
-0.101038 0.542381 -0 0.779235 0.891269
-0.111547 0.61032 -0 0.796749 0.862326
-0.101038 0.542381 -0 0.779235 0.891269
-0.101038 0.619862 -0 0.802542 0.870309
-0.111547 0.61032 -0 0.796749 0.862326
-0.111547 0.61032 -0 0.796749 0.862326
-0.101038 0.619862 -0 0.802542 0.870309
-0.12549 0.68661 -0 0.812237 0.831089
-0.101038 0.619862 -0 0.802542 0.870309
-0.105105 0.697347 -0 0.821019 0.847268
-0.12549 0.68661 -0 0.812237 0.831089
-0.12549 0.68661 -0 0.812237 0.831089
-0.105105 0.697347 -0 0.821019 0.847268
-0.139433 0.762899 -0 0.825276 0.80185
-0.105105 0.697347 -0 0.821019 0.847268
-0.116783 0.774827 -0 0.834382 0.819577
-0.139433 0.762899 -0 0.825276 0.80185
-0.101038 0.224664 -0 0.636828 0.97515
-0.101038 0.22887 -0 0.63898 0.9743
-0.101038 0.299553 -0 0.678236 0.957363
-0.101038 0.22887 -0 0.63898 0.9743
-0.101038 0.30516 -0 0.681084 0.95588
-0.101038 0.299553 -0 0.678236 0.957363
-0.101038 0.299553 -0 0.678236 0.957363
-0.101038 0.30516 -0 0.681084 0.95588
-0.101038 0.374441 -0 0.715269 0.936971
-0.101038 0.30516 -0 0.681084 0.95588
-0.101038 0.38145 -0 0.718549 0.93486
-0.101038 0.374441 -0 0.715269 0.936971
-0.101038 0.374441 -0 0.715269 0.936971
-0.101038 0.38145 -0 0.718549 0.93486
-0.101038 0.44933 -0 0.746379 0.916318
-0.101038 0.38145 -0 0.718549 0.93486
-0.101038 0.457741 -0 0.749895 0.913657
-0.101038 0.44933 -0 0.746379 0.916318
-0.101038 0.44933 -0 0.746379 0.916318
-0.101038 0.457741 -0 0.749895 0.913657
-0.113191 0.524216 -0 0.770181 0.882
-0.101038 0.457741 -0 0.749895 0.913657
-0.101038 0.534031 -0 0.776885 0.893333
-0.113191 0.524216 -0 0.770181 0.882
-0.113191 0.524216 -0 0.770181 0.882
-0.101038 0.534031 -0 0.776885 0.893333
-0.129361 0.599106 -0 0.788171 0.8473
-0.101038 0.534031 -0 0.776885 0.893333
-0.111547 0.61032 -0 0.796749 0.862326
-0.129361 0.599106 -0 0.788171 0.8473
-0.129361 0.599106 -0 0.788171 0.8473
-0.111547 0.61032 -0 0.796749 0.862326
-0.145531 0.673992 -0 0.803957 0.81363
-0.111547 0.61032 -0 0.796749 0.862326
-0.12549 0.68661 -0 0.812237 0.831089
-0.145531 0.673992 -0 0.803957 0.81363
-0.145531 0.673992 -0 0.803957 0.81363
-0.12549 0.68661 -0 0.812237 0.831089
-0.161701 0.748881 -0 0.81614 0.78508
-0.12549 0.68661 -0 0.812237 0.831089
-0.139433 0.762899 -0 0.825276 0.80185
-0.161701 0.748881 -0 0.81614 0.78508
-0.101038 0.219843 -0 0.633579 0.976408
-0.101038 0.224664 -0 0.636828 0.97515
-0.101038 0.293124 -0 0.67536 0.958835
-0.101038 0.224664 -0 0.636828 0.97515
-0.101038 0.299553 -0 0.678236 0.957363
-0.101038 0.293124 -0 0.67536 0.958835
-0.101038 0.293124 -0 0.67536 0.958835
-0.101038 0.299553 -0 0.678236 0.957363
-0.101038 0.366405 -0 0.711103 0.939599
-0.101038 0.299553 -0 0.678236 0.957363
-0.101038 0.374441 -0 0.715269 0.936971
-0.101038 0.366405 -0 0.711103 0.939599
-0.101038 0.366405 -0 0.711103 0.939599
-0.101038 0.374441 -0 0.715269 0.936971
-0.110116 0.439684 -0 0.740102 0.907889
-0.101038 0.374441 -0 0.715269 0.936971
-0.101038 0.44933 -0 0.746379 0.916318
-0.110116 0.439684 -0 0.740102 0.907889
-0.110116 0.439684 -0 0.740102 0.907889
-0.101038 0.44933 -0 0.746379 0.916318
-0.128468 0.512966 -0 0.762164 0.868357
-0.101038 0.44933 -0 0.746379 0.916318
-0.113191 0.524216 -0 0.770181 0.882
-0.128468 0.512966 -0 0.762164 0.868357
-0.128468 0.512966 -0 0.762164 0.868357
-0.113191 0.524216 -0 0.770181 0.882
-0.146821 0.586247 -0 0.779541 0.83179
-0.113191 0.524216 -0 0.770181 0.882
-0.129361 0.599106 -0 0.788171 0.8473
-0.146821 0.586247 -0 0.779541 0.83179
-0.146821 0.586247 -0 0.779541 0.83179
-0.129361 0.599106 -0 0.788171 0.8473
-0.165173 0.659529 -0 0.794207 0.798913
-0.129361 0.599106 -0 0.788171 0.8473
-0.145531 0.673992 -0 0.803957 0.81363
-0.165173 0.659529 -0 0.794207 0.798913
-0.101038 0.214419 -0 0.630303 0.977645
-0.101038 0.219843 -0 0.633579 0.976408
-0.101038 0.285892 -0 0.671483 0.960779
-0.101038 0.219843 -0 0.633579 0.976408
-0.101038 0.293124 -0 0.67536 0.958835
-0.101038 0.285892 -0 0.671483 0.960779
-0.101038 0.285892 -0 0.671483 0.960779
-0.101038 0.293124 -0 0.67536 0.958835
-0.102424 0.357366 -0 0.706658 0.940456
-0.101038 0.293124 -0 0.67536 0.958835
-0.101038 0.366405 -0 0.711103 0.939599
-0.102424 0.357366 -0 0.706658 0.940456
-0.102424 0.357366 -0 0.706658 0.940456
-0.101038 0.366405 -0 0.711103 0.939599
-0.122909 0.428839 -0 0.732586 0.895788
-0.101038 0.366405 -0 0.711103 0.939599
-0.110116 0.439684 -0 0.740102 0.907889
-0.122909 0.428839 -0 0.732586 0.895788
-0.122909 0.428839 -0 0.732586 0.895788
-0.110116 0.439684 -0 0.740102 0.907889
-0.143393 0.500312 -0 0.753719 0.854445
-0.110116 0.439684 -0 0.740102 0.907889
-0.128468 0.512966 -0 0.762164 0.868357
-0.143393 0.500312 -0 0.753719 0.854445
-0.143393 0.500312 -0 0.753719 0.854445
-0.128468 0.512966 -0 0.762164 0.868357
-0.163878 0.571784 -0 0.770526 0.816808
-0.128468 0.512966 -0 0.762164 0.868357
-0.146821 0.586247 -0 0.779541 0.83179
-0.163878 0.571784 -0 0.770526 0.816808
-0.163878 0.571784 -0 0.770526 0.816808
-0.146821 0.586247 -0 0.779541 0.83179
-0.184363 0.643257 -0 0.784374 0.784563
-0.146821 0.586247 -0 0.779541 0.83179
-0.165173 0.659529 -0 0.794207 0.798913
-0.184363 0.643257 -0 0.784374 0.784563
-0.101038 0.214419 -0 0.630303 0.977645
-0.101038 0.285892 -0 0.671483 0.960779
-0.101038 0.277877 -0 0.666567 0.963178
-0.101038 0.277877 -0 0.666567 0.963178
-0.101038 0.285892 -0 0.671483 0.960779
-0.112804 0.347346 -0 0.699483 0.928824
-0.101038 0.285892 -0 0.671483 0.960779
-0.102424 0.357366 -0 0.706658 0.940456
-0.112804 0.347346 -0 0.699483 0.928824
-0.112804 0.347346 -0 0.699483 0.928824
-0.102424 0.357366 -0 0.706658 0.940456
-0.135365 0.416815 -0 0.72463 0.882985
-0.102424 0.357366 -0 0.706658 0.940456
-0.122909 0.428839 -0 0.732586 0.895788
-0.135365 0.416815 -0 0.72463 0.882985
-0.135365 0.416815 -0 0.72463 0.882985
-0.122909 0.428839 -0 0.732586 0.895788
-0.157925 0.486286 -0 0.744173 0.841067
-0.122909 0.428839 -0 0.732586 0.895788
-0.143393 0.500312 -0 0.753719 0.854445
-0.157925 0.486286 -0 0.744173 0.841067
-0.157925 0.486286 -0 0.744173 0.841067
-0.143393 0.500312 -0 0.753719 0.854445
-0.180486 0.555753 -0 0.760655 0.803476
-0.143393 0.500312 -0 0.753719 0.854445
-0.163878 0.571784 -0 0.770526 0.816808
-0.180486 0.555753 -0 0.760655 0.803476
-0.180486 0.555753 -0 0.760655 0.803476
-0.163878 0.571784 -0 0.770526 0.816808
-0.203047 0.625224 -0 0.773764 0.770498
-0.163878 0.571784 -0 0.770526 0.816808
-0.184363 0.643257 -0 0.784374 0.784563
-0.203047 0.625224 -0 0.773764 0.770498
-0.101038 0.269099 -0 0.661868 0.964423
-0.101038 0.277877 -0 0.666567 0.963178
-0.122875 0.336375 -0 0.691826 0.917907
-0.101038 0.277877 -0 0.666567 0.963178
-0.112804 0.347346 -0 0.699483 0.928824
-0.122875 0.336375 -0 0.691826 0.917907
-0.122875 0.336375 -0 0.691826 0.917907
-0.112804 0.347346 -0 0.699483 0.928824
-0.14745 0.403647 -0 0.715942 0.870996
-0.112804 0.347346 -0 0.699483 0.928824
-0.135365 0.416815 -0 0.72463 0.882985
-0.14745 0.403647 -0 0.715942 0.870996
-0.14745 0.403647 -0 0.715942 0.870996
-0.135365 0.416815 -0 0.72463 0.882985
-0.172025 0.470925 -0 0.734951 0.829133
-0.135365 0.416815 -0 0.72463 0.882985
-0.157925 0.486286 -0 0.744173 0.841067
-0.172025 0.470925 -0 0.734951 0.829133
-0.172025 0.470925 -0 0.734951 0.829133
-0.157925 0.486286 -0 0.744173 0.841067
-0.1966 0.538198 -0 0.750414 0.790779
-0.157925 0.486286 -0 0.744173 0.841067
-0.180486 0.555753 -0 0.760655 0.803476
-0.1966 0.538198 -0 0.750414 0.790779
-0.1966 0.538198 -0 0.750414 0.790779
-0.180486 0.555753 -0 0.760655 0.803476
-0.221175 0.605475 -0 0.76252 0.757113
-0.180486 0.555753 -0 0.760655 0.803476
-0.203047 0.625224 -0 0.773764 0.770498
-0.221175 0.605475 -0 0.76252 0.757113
-0.106087 0.259585 -0 0.655717 0.960205
-0.101038 0.269099 -0 0.661868 0.964423
-0.132609 0.324481 -0 0.683778 0.90802
-0.101038 0.269099 -0 0.661868 0.964423
-0.122875 0.336375 -0 0.691826 0.917907
-0.132609 0.324481 -0 0.683778 0.90802
-0.132609 0.324481 -0 0.683778 0.90802
-0.122875 0.336375 -0 0.691826 0.917907
-0.159131 0.389377 -0 0.706596 0.860171
-0.122875 0.336375 -0 0.691826 0.917907
-0.14745 0.403647 -0 0.715942 0.870996
-0.159131 0.389377 -0 0.706596 0.860171
-0.159131 0.389377 -0 0.706596 0.860171
-0.14745 0.403647 -0 0.715942 0.870996
-0.185652 0.454272 -0 0.725258 0.816979
-0.14745 0.403647 -0 0.715942 0.870996
-0.172025 0.470925 -0 0.734951 0.829133
-0.185652 0.454272 -0 0.725258 0.816979
-0.185652 0.454272 -0 0.725258 0.816979
-0.172025 0.470925 -0 0.734951 0.829133
-0.212174 0.519171 -0 0.739437 0.777823
-0.172025 0.470925 -0 0.734951 0.829133
-0.1966 0.538198 -0 0.750414 0.790779
-0.212174 0.519171 -0 0.739437 0.777823
-0.212174 0.519171 -0 0.739437 0.777823
-0.1966 0.538198 -0 0.750414 0.790779
-0.238695 0.584065 -0 0.750853 0.744868
-0.1966 0.538198 -0 0.750414 0.790779
-0.221175 0.605475 -0 0.76252 0.757113
-0.238695 0.584065 -0 0.750853 0.744868
-0.113584 0.249359 -0 0.64931 0.95134
-0.106087 0.259585 -0 0.655717 0.960205
-0.141979 0.311698 -0 0.675761 0.898059
-0.106087 0.259585 -0 0.655717 0.960205
-0.132609 0.324481 -0 0.683778 0.90802
-0.141979 0.311698 -0 0.675761 0.898059
-0.141979 0.311698 -0 0.675761 0.898059
-0.132609 0.324481 -0 0.683778 0.90802
-0.170375 0.374038 -0 0.69701 0.849259
-0.132609 0.324481 -0 0.683778 0.90802
-0.159131 0.389377 -0 0.706596 0.860171
-0.170375 0.374038 -0 0.69701 0.849259
-0.170375 0.374038 -0 0.69701 0.849259
-0.159131 0.389377 -0 0.706596 0.860171
-0.198771 0.436376 -0 0.714176 0.805223
-0.159131 0.389377 -0 0.706596 0.860171
-0.185652 0.454272 -0 0.725258 0.816979
-0.198771 0.436376 -0 0.714176 0.805223
-0.198771 0.436376 -0 0.714176 0.805223
-0.185652 0.454272 -0 0.725258 0.816979
-0.227167 0.498715 -0 0.728458 0.766203
-0.185652 0.454272 -0 0.725258 0.816979
-0.212174 0.519171 -0 0.739437 0.777823
-0.227167 0.498715 -0 0.728458 0.766203
-0.227167 0.498715 -0 0.728458 0.766203
-0.212174 0.519171 -0 0.739437 0.777823
-0.255564 0.561055 -0 0.739301 0.732296
-0.212174 0.519171 -0 0.739437 0.777823
-0.238695 0.584065 -0 0.750853 0.744868
-0.255564 0.561055 -0 0.739301 0.732296
-0.120769 0.238449 -0 0.641041 0.943417
-0.113584 0.249359 -0 0.64931 0.95134
-0.150961 0.298061 -0 0.666772 0.888643
-0.113584 0.249359 -0 0.64931 0.95134
-0.141979 0.311698 -0 0.675761 0.898059
-0.150961 0.298061 -0 0.666772 0.888643
-0.150961 0.298061 -0 0.666772 0.888643
-0.141979 0.311698 -0 0.675761 0.898059
-0.181153 0.357673 -0 0.686998 0.84012
-0.141979 0.311698 -0 0.675761 0.898059
-0.170375 0.374038 -0 0.69701 0.849259
-0.181153 0.357673 -0 0.686998 0.84012
-0.181153 0.357673 -0 0.686998 0.84012
-0.170375 0.374038 -0 0.69701 0.849259
-0.211346 0.417284 -0 0.703446 0.794931
-0.170375 0.374038 -0 0.69701 0.849259
-0.198771 0.436376 -0 0.714176 0.805223
-0.211346 0.417284 -0 0.703446 0.794931
-0.211346 0.417284 -0 0.703446 0.794931
-0.198771 0.436376 -0 0.714176 0.805223
-0.241538 0.476897 -0 0.717054 0.754882
-0.198771 0.436376 -0 0.714176 0.805223
-0.227167 0.498715 -0 0.728458 0.766203
-0.241538 0.476897 -0 0.717054 0.754882
-0.241538 0.476897 -0 0.717054 0.754882
-0.227167 0.498715 -0 0.728458 0.766203
-0.271731 0.536509 -0 0.727172 0.720039
-0.227167 0.498715 -0 0.728458 0.766203
-0.255564 0.561055 -0 0.739301 0.732296
-0.271731 0.536509 -0 0.727172 0.720039
-0.127623 0.226885 -0 0.633105 0.93565
-0.120769 0.238449 -0 0.641041 0.943417
-0.159529 0.283607 -0 0.65767 0.880999
-0.120769 0.238449 -0 0.641041 0.943417
-0.150961 0.298061 -0 0.666772 0.888643
-0.159529 0.283607 -0 0.65767 0.880999
-0.159529 0.283607 -0 0.65767 0.880999
-0.150961 0.298061 -0 0.666772 0.888643
-0.191435 0.340328 -0 0.6773 0.829609
-0.150961 0.298061 -0 0.666772 0.888643
-0.181153 0.357673 -0 0.686998 0.84012
-0.191435 0.340328 -0 0.6773 0.829609
-0.191435 0.340328 -0 0.6773 0.829609
-0.181153 0.357673 -0 0.686998 0.84012
-0.22334 0.39705 -0 0.692582 0.785101
-0.181153 0.357673 -0 0.686998 0.84012
-0.211346 0.417284 -0 0.703446 0.794931
-0.22334 0.39705 -0 0.692582 0.785101
-0.22334 0.39705 -0 0.692582 0.785101
-0.211346 0.417284 -0 0.703446 0.794931
-0.255246 0.45377 -0 0.704007 0.746539
-0.211346 0.417284 -0 0.703446 0.794931
-0.241538 0.476897 -0 0.717054 0.754882
-0.255246 0.45377 -0 0.704007 0.746539
-0.255246 0.45377 -0 0.704007 0.746539
-0.241538 0.476897 -0 0.717054 0.754882
-0.287151 0.510491 -0 0.714364 0.710482
-0.241538 0.476897 -0 0.717054 0.754882
-0.271731 0.536509 -0 0.727172 0.720039
-0.287151 0.510491 -0 0.714364 0.710482
-0.134127 0.2147 -0 0.625632 0.928188
-0.127623 0.226885 -0 0.633105 0.93565
-0.167659 0.268375 -0 0.647956 0.872665
-0.127623 0.226885 -0 0.633105 0.93565
-0.159529 0.283607 -0 0.65767 0.880999
-0.167659 0.268375 -0 0.647956 0.872665
-0.167659 0.268375 -0 0.647956 0.872665
-0.159529 0.283607 -0 0.65767 0.880999
-0.201191 0.32205 -0 0.666277 0.821834
-0.159529 0.283607 -0 0.65767 0.880999
-0.191435 0.340328 -0 0.6773 0.829609
-0.201191 0.32205 -0 0.666277 0.821834
-0.201191 0.32205 -0 0.666277 0.821834
-0.191435 0.340328 -0 0.6773 0.829609
-0.234722 0.375725 -0 0.680553 0.776363
-0.191435 0.340328 -0 0.6773 0.829609
-0.22334 0.39705 -0 0.692582 0.785101
-0.234722 0.375725 -0 0.680553 0.776363
-0.234722 0.375725 -0 0.680553 0.776363
-0.22334 0.39705 -0 0.692582 0.785101
-0.268254 0.429401 -0 0.692121 0.736529
-0.22334 0.39705 -0 0.692582 0.785101
-0.255246 0.45377 -0 0.704007 0.746539
-0.268254 0.429401 -0 0.692121 0.736529
-0.268254 0.429401 -0 0.692121 0.736529
-0.255246 0.45377 -0 0.704007 0.746539
-0.301786 0.483077 -0 0.701505 0.699643
-0.255246 0.45377 -0 0.704007 0.746539
-0.287151 0.510491 -0 0.714364 0.710482
-0.301786 0.483077 -0 0.701505 0.699643
-0.134127 0.2147 -0 0.625632 0.928188
-0.167659 0.268375 -0 0.647956 0.872665
-0.17533 0.252408 -0 0.638608 0.864857
-0.17533 0.252408 -0 0.638608 0.864857
-0.167659 0.268375 -0 0.647956 0.872665
-0.210396 0.30289 -0 0.655746 0.812903
-0.167659 0.268375 -0 0.647956 0.872665
-0.201191 0.32205 -0 0.666277 0.821834
-0.210396 0.30289 -0 0.655746 0.812903
-0.210396 0.30289 -0 0.655746 0.812903
-0.201191 0.32205 -0 0.666277 0.821834
-0.245461 0.353372 -0 0.668842 0.766387
-0.201191 0.32205 -0 0.666277 0.821834
-0.234722 0.375725 -0 0.680553 0.776363
-0.245461 0.353372 -0 0.668842 0.766387
-0.245461 0.353372 -0 0.668842 0.766387
-0.234722 0.375725 -0 0.680553 0.776363
-0.280527 0.403852 -0 0.679269 0.725629
-0.234722 0.375725 -0 0.680553 0.776363
-0.268254 0.429401 -0 0.692121 0.736529
-0.280527 0.403852 -0 0.679269 0.725629
-0.280527 0.403852 -0 0.679269 0.725629
-0.268254 0.429401 -0 0.692121 0.736529
-0.315594 0.454336 -0 0.688542 0.689848
-0.268254 0.429401 -0 0.692121 0.736529
-0.301786 0.483077 -0 0.701505 0.699643
-0.315594 0.454336 -0 0.688542 0.689848
-0.182521 0.235749 -0 0.62847 0.858157
-0.17533 0.252408 -0 0.638608 0.864857
-0.219025 0.282899 -0 0.644279 0.805198
-0.17533 0.252408 -0 0.638608 0.864857
-0.210396 0.30289 -0 0.655746 0.812903
-0.219025 0.282899 -0 0.644279 0.805198
-0.219025 0.282899 -0 0.644279 0.805198
-0.210396 0.30289 -0 0.655746 0.812903
-0.255528 0.330049 -0 0.655823 0.759877
-0.210396 0.30289 -0 0.655746 0.812903
-0.245461 0.353372 -0 0.668842 0.766387
-0.255528 0.330049 -0 0.655823 0.759877
-0.255528 0.330049 -0 0.655823 0.759877
-0.245461 0.353372 -0 0.668842 0.766387
-0.292033 0.377199 -0 0.666298 0.718055
-0.245461 0.353372 -0 0.668842 0.766387
-0.280527 0.403852 -0 0.679269 0.725629
-0.292033 0.377199 -0 0.666298 0.718055
-0.292033 0.377199 -0 0.666298 0.718055
-0.280527 0.403852 -0 0.679269 0.725629
-0.328537 0.424347 -0 0.674392 0.681641
-0.280527 0.403852 -0 0.679269 0.725629
-0.315594 0.454336 -0 0.688542 0.689848
-0.328537 0.424347 -0 0.674392 0.681641
-0.189211 0.218444 -0 0.617793 0.850888
-0.182521 0.235749 -0 0.62847 0.858157
-0.227052 0.262133 -0 0.631897 0.798859
-0.182521 0.235749 -0 0.62847 0.858157
-0.219025 0.282899 -0 0.644279 0.805198
-0.227052 0.262133 -0 0.631897 0.798859
-0.227052 0.262133 -0 0.631897 0.798859
-0.219025 0.282899 -0 0.644279 0.805198
-0.264895 0.305822 -0 0.64337 0.752404
-0.219025 0.282899 -0 0.644279 0.805198
-0.255528 0.330049 -0 0.655823 0.759877
-0.264895 0.305822 -0 0.64337 0.752404
-0.264895 0.305822 -0 0.64337 0.752404
-0.255528 0.330049 -0 0.655823 0.759877
-0.302736 0.34951 -0 0.652475 0.709841
-0.255528 0.330049 -0 0.655823 0.759877
-0.292033 0.377199 -0 0.666298 0.718055
-0.302736 0.34951 -0 0.652475 0.709841
-0.302736 0.34951 -0 0.652475 0.709841
-0.292033 0.377199 -0 0.666298 0.718055
-0.34058 0.393199 -0 0.660431 0.674941
-0.292033 0.377199 -0 0.666298 0.718055
-0.328537 0.424347 -0 0.674392 0.681641
-0.34058 0.393199 -0 0.660431 0.674941
-0.189211 0.218444 -0 0.617793 0.850888
-0.227052 0.262133 -0 0.631897 0.798859
-0.234458 0.240648 -0 0.620282 0.7916
-0.234458 0.240648 -0 0.620282 0.7916
-0.227052 0.262133 -0 0.631897 0.798859
-0.273536 0.280756 -0 0.630206 0.744319
-0.227052 0.262133 -0 0.631897 0.798859
-0.264895 0.305822 -0 0.64337 0.752404
-0.273536 0.280756 -0 0.630206 0.744319
-0.273536 0.280756 -0 0.630206 0.744319
-0.264895 0.305822 -0 0.64337 0.752404
-0.312611 0.320864 -0 0.639059 0.703108
-0.264895 0.305822 -0 0.64337 0.752404
-0.302736 0.34951 -0 0.652475 0.709841
-0.312611 0.320864 -0 0.639059 0.703108
-0.312611 0.320864 -0 0.639059 0.703108
-0.302736 0.34951 -0 0.652475 0.709841
-0.351689 0.360972 -0 0.64561 0.667703
-0.302736 0.34951 -0 0.652475 0.709841
-0.34058 0.393199 -0 0.660431 0.674941
-0.351689 0.360972 -0 0.64561 0.667703
-0.241222 0.218504 -0 0.607912 0.785922
-0.234458 0.240648 -0 0.620282 0.7916
-0.281425 0.254922 -0 0.617657 0.737661
-0.234458 0.240648 -0 0.620282 0.7916
-0.273536 0.280756 -0 0.630206 0.744319
-0.281425 0.254922 -0 0.617657 0.737661
-0.281425 0.254922 -0 0.617657 0.737661
-0.273536 0.280756 -0 0.630206 0.744319
-0.321629 0.291339 -0 0.624933 0.695857
-0.273536 0.280756 -0 0.630206 0.744319
-0.312611 0.320864 -0 0.639059 0.703108
-0.321629 0.291339 -0 0.624933 0.695857
-0.321629 0.291339 -0 0.624933 0.695857
-0.312611 0.320864 -0 0.639059 0.703108
-0.361832 0.327756 -0 0.631432 0.6597
-0.312611 0.320864 -0 0.639059 0.703108
-0.351689 0.360972 -0 0.64561 0.667703
-0.361832 0.327756 -0 0.631432 0.6597
-0.241222 0.218504 -0 0.607912 0.785922
-0.281425 0.254922 -0 0.617657 0.737661
-0.288543 0.228388 -0 0.604394 0.732908
-0.288543 0.228388 -0 0.604394 0.732908
-0.281425 0.254922 -0 0.617657 0.737661
-0.329764 0.261015 -0 0.611536 0.690395
-0.281425 0.254922 -0 0.617657 0.737661
-0.321629 0.291339 -0 0.624933 0.695857
-0.329764 0.261015 -0 0.611536 0.690395
-0.329764 0.261015 -0 0.611536 0.690395
-0.321629 0.291339 -0 0.624933 0.695857
-0.370985 0.293641 -0 0.61642 0.653819
-0.321629 0.291339 -0 0.624933 0.695857
-0.361832 0.327756 -0 0.631432 0.6597
-0.370985 0.293641 -0 0.61642 0.653819
-0.370985 0.293641 -0 0.61642 0.653819
-0.361832 0.327756 -0 0.631432 0.6597
-0.412206 0.326268 -0 0.6208 0.621443
-0.288543 0.228388 -0 0.604394 0.732908
-0.329764 0.261015 -0 0.611536 0.690395
-0.336997 0.229975 -0 0.597605 0.684548
-0.336997 0.229975 -0 0.597605 0.684548
-0.329764 0.261015 -0 0.611536 0.690395
-0.37912 0.258722 -0 0.602367 0.647371
-0.329764 0.261015 -0 0.611536 0.690395
-0.370985 0.293641 -0 0.61642 0.653819
-0.37912 0.258722 -0 0.602367 0.647371
-0.37912 0.258722 -0 0.602367 0.647371
-0.370985 0.293641 -0 0.61642 0.653819
-0.421246 0.287469 -0 0.604977 0.61736
-0.370985 0.293641 -0 0.61642 0.653819
-0.412206 0.326268 -0 0.6208 0.621443
-0.421246 0.287469 -0 0.604977 0.61736
-0.336997 0.229975 -0 0.597605 0.684548
-0.37912 0.258722 -0 0.602367 0.647371
-0.386218 0.223093 -0 0.586031 0.643417
-0.386218 0.223093 -0 0.586031 0.643417
-0.37912 0.258722 -0 0.602367 0.647371
-0.429131 0.247881 -0 0.590224 0.612883
-0.37912 0.258722 -0 0.602367 0.647371
-0.421246 0.287469 -0 0.604977 0.61736
-0.429131 0.247881 -0 0.590224 0.612883
-0.386218 -0.223093 -0 0.399375 0.638378
-0.392257 -0.186853 -0 0.41476 0.636619
-0.429131 -0.247881 -0 0.396933 0.607741
-0.392257 -0.186853 -0 0.41476 0.636619
-0.43584 -0.207615 -0 0.412357 0.602868
-0.429131 -0.247881 -0 0.396933 0.607741
-0.336997 -0.229975 -0 0.387526 0.679964
-0.343305 -0.198305 -0 0.402245 0.676188
-0.37912 -0.258722 -0 0.384489 0.642636
-0.343305 -0.198305 -0 0.402245 0.676188
-0.386218 -0.223093 -0 0.399375 0.638378
-0.37912 -0.258722 -0 0.384489 0.642636
-0.37912 -0.258722 -0 0.384489 0.642636
-0.386218 -0.223093 -0 0.399375 0.638378
-0.421246 -0.287469 -0 0.380302 0.612261
-0.386218 -0.223093 -0 0.399375 0.638378
-0.429131 -0.247881 -0 0.396933 0.607741
-0.421246 -0.287469 -0 0.380302 0.612261
-0.288543 -0.228388 -0 0.37874 0.726233
-0.294872 -0.201228 -0 0.3928 0.723332
-0.329764 -0.261015 -0 0.373401 0.685992
-0.294872 -0.201228 -0 0.3928 0.723332
-0.336997 -0.229975 -0 0.387526 0.679964
-0.329764 -0.261015 -0 0.373401 0.685992
-0.329764 -0.261015 -0 0.373401 0.685992
-0.336997 -0.229975 -0 0.387526 0.679964
-0.370985 -0.293641 -0 0.368594 0.649113
-0.336997 -0.229975 -0 0.387526 0.679964
-0.37912 -0.258722 -0 0.384489 0.642636
-0.370985 -0.293641 -0 0.368594 0.649113
-0.241222 -0.218504 -0 0.373467 0.779789
-0.247323 -0.195761 -0 0.386639 0.775656
-0.281425 -0.254922 -0 0.365317 0.731187
-0.247323 -0.195761 -0 0.386639 0.775656
-0.288543 -0.228388 -0 0.37874 0.726233
-0.281425 -0.254922 -0 0.365317 0.731187
-0.281425 -0.254922 -0 0.365317 0.731187
-0.288543 -0.228388 -0 0.37874 0.726233
-0.321629 -0.291339 -0 0.359662 0.689123
-0.288543 -0.228388 -0 0.37874 0.726233
-0.329764 -0.261015 -0 0.373401 0.685992
-0.321629 -0.291339 -0 0.359662 0.689123
-0.321629 -0.291339 -0 0.359662 0.689123
-0.329764 -0.261015 -0 0.373401 0.685992
-0.361832 -0.327756 -0 0.353238 0.652571
-0.329764 -0.261015 -0 0.373401 0.685992
-0.370985 -0.293641 -0 0.368594 0.649113
-0.361832 -0.327756 -0 0.353238 0.652571
-0.234458 -0.240648 -0 0.362434 0.785971
-0.241222 -0.218504 -0 0.373467 0.779789
-0.273536 -0.280756 -0 0.352601 0.738073
-0.241222 -0.218504 -0 0.373467 0.779789
-0.281425 -0.254922 -0 0.365317 0.731187
-0.273536 -0.280756 -0 0.352601 0.738073
-0.273536 -0.280756 -0 0.352601 0.738073
-0.281425 -0.254922 -0 0.365317 0.731187
-0.312611 -0.320864 -0 0.345287 0.696646
-0.281425 -0.254922 -0 0.365317 0.731187
-0.321629 -0.291339 -0 0.359662 0.689123
-0.312611 -0.320864 -0 0.345287 0.696646
-0.312611 -0.320864 -0 0.345287 0.696646
-0.321629 -0.291339 -0 0.359662 0.689123
-0.351689 -0.360972 -0 0.338671 0.658285
-0.321629 -0.291339 -0 0.359662 0.689123
-0.361832 -0.327756 -0 0.353238 0.652571
-0.351689 -0.360972 -0 0.338671 0.658285
-0.189211 -0.218444 -0 0.363093 0.844029
-0.195382 -0.20054 -0 0.373435 0.839324
-0.227052 -0.262133 -0 0.350438 0.791398
-0.195382 -0.20054 -0 0.373435 0.839324
-0.234458 -0.240648 -0 0.362434 0.785971
-0.227052 -0.262133 -0 0.350438 0.791398
-0.227052 -0.262133 -0 0.350438 0.791398
-0.234458 -0.240648 -0 0.362434 0.785971
-0.264895 -0.305822 -0 0.33905 0.744166
-0.234458 -0.240648 -0 0.362434 0.785971
-0.273536 -0.280756 -0 0.352601 0.738073
-0.264895 -0.305822 -0 0.33905 0.744166
-0.264895 -0.305822 -0 0.33905 0.744166
-0.273536 -0.280756 -0 0.352601 0.738073
-0.302736 -0.34951 -0 0.331623 0.703645
-0.273536 -0.280756 -0 0.352601 0.738073
-0.312611 -0.320864 -0 0.345287 0.696646
-0.302736 -0.34951 -0 0.331623 0.703645
-0.302736 -0.34951 -0 0.331623 0.703645
-0.312611 -0.320864 -0 0.345287 0.696646
-0.34058 -0.393199 -0 0.324954 0.666109
-0.312611 -0.320864 -0 0.345287 0.696646
-0.351689 -0.360972 -0 0.338671 0.658285
-0.34058 -0.393199 -0 0.324954 0.666109
-0.182521 -0.235749 -0 0.352055 0.849779
-0.189211 -0.218444 -0 0.363093 0.844029
-0.219025 -0.282899 -0 0.337865 0.798034
-0.189211 -0.218444 -0 0.363093 0.844029
-0.227052 -0.262133 -0 0.350438 0.791398
-0.219025 -0.282899 -0 0.337865 0.798034
-0.219025 -0.282899 -0 0.337865 0.798034
-0.227052 -0.262133 -0 0.350438 0.791398
-0.255528 -0.330049 -0 0.326182 0.749756
-0.227052 -0.262133 -0 0.350438 0.791398
-0.264895 -0.305822 -0 0.33905 0.744166
-0.255528 -0.330049 -0 0.326182 0.749756
-0.255528 -0.330049 -0 0.326182 0.749756
-0.264895 -0.305822 -0 0.33905 0.744166
-0.292033 -0.377199 -0 0.317335 0.709832
-0.264895 -0.305822 -0 0.33905 0.744166
-0.302736 -0.34951 -0 0.331623 0.703645
-0.292033 -0.377199 -0 0.317335 0.709832
-0.292033 -0.377199 -0 0.317335 0.709832
-0.302736 -0.34951 -0 0.331623 0.703645
-0.328537 -0.424347 -0 0.310638 0.673172
-0.302736 -0.34951 -0 0.331623 0.703645
-0.34058 -0.393199 -0 0.324954 0.666109
-0.328537 -0.424347 -0 0.310638 0.673172
-0.140264 -0.201926 -0 0.361675 0.914453
-0.146017 -0.188599 -0 0.370517 0.908568
-0.17533 -0.252408 -0 0.341786 0.856785
-0.146017 -0.188599 -0 0.370517 0.908568
-0.182521 -0.235749 -0 0.352055 0.849779
-0.17533 -0.252408 -0 0.341786 0.856785
-0.17533 -0.252408 -0 0.341786 0.856785
-0.182521 -0.235749 -0 0.352055 0.849779
-0.210396 -0.30289 -0 0.325959 0.804102
-0.182521 -0.235749 -0 0.352055 0.849779
-0.219025 -0.282899 -0 0.337865 0.798034
-0.210396 -0.30289 -0 0.325959 0.804102
-0.210396 -0.30289 -0 0.325959 0.804102
-0.219025 -0.282899 -0 0.337865 0.798034
-0.245461 -0.353372 -0 0.314452 0.759158
-0.219025 -0.282899 -0 0.337865 0.798034
-0.255528 -0.330049 -0 0.326182 0.749756
-0.245461 -0.353372 -0 0.314452 0.759158
-0.245461 -0.353372 -0 0.314452 0.759158
-0.255528 -0.330049 -0 0.326182 0.749756
-0.280527 -0.403852 -0 0.304088 0.717765
-0.255528 -0.330049 -0 0.326182 0.749756
-0.292033 -0.377199 -0 0.317335 0.709832
-0.280527 -0.403852 -0 0.304088 0.717765
-0.280527 -0.403852 -0 0.304088 0.717765
-0.292033 -0.377199 -0 0.317335 0.709832
-0.315594 -0.454336 -0 0.296109 0.681787
-0.292033 -0.377199 -0 0.317335 0.709832
-0.328537 -0.424347 -0 0.310638 0.673172
-0.315594 -0.454336 -0 0.296109 0.681787
-0.134127 -0.2147 -0 0.353479 0.921315
-0.140264 -0.201926 -0 0.361675 0.914453
-0.167659 -0.268375 -0 0.332315 0.864922
-0.140264 -0.201926 -0 0.361675 0.914453
-0.17533 -0.252408 -0 0.341786 0.856785
-0.167659 -0.268375 -0 0.332315 0.864922
-0.167659 -0.268375 -0 0.332315 0.864922
-0.17533 -0.252408 -0 0.341786 0.856785
-0.201191 -0.32205 -0 0.315232 0.81344
-0.17533 -0.252408 -0 0.341786 0.856785
-0.210396 -0.30289 -0 0.325959 0.804102
-0.201191 -0.32205 -0 0.315232 0.81344
-0.201191 -0.32205 -0 0.315232 0.81344
-0.210396 -0.30289 -0 0.325959 0.804102
-0.234722 -0.375725 -0 0.30222 0.767477
-0.210396 -0.30289 -0 0.325959 0.804102
-0.245461 -0.353372 -0 0.314452 0.759158
-0.234722 -0.375725 -0 0.30222 0.767477
-0.234722 -0.375725 -0 0.30222 0.767477
-0.245461 -0.353372 -0 0.314452 0.759158
-0.268254 -0.429401 -0 0.290484 0.724721
-0.245461 -0.353372 -0 0.314452 0.759158
-0.280527 -0.403852 -0 0.304088 0.717765
-0.268254 -0.429401 -0 0.290484 0.724721
-0.268254 -0.429401 -0 0.290484 0.724721
-0.280527 -0.403852 -0 0.304088 0.717765
-0.301786 -0.483077 -0 0.282578 0.689729
-0.280527 -0.403852 -0 0.304088 0.717765
-0.315594 -0.454336 -0 0.296109 0.681787
-0.301786 -0.483077 -0 0.282578 0.689729
-0.127623 -0.226885 -0 0.344508 0.927268
-0.134127 -0.2147 -0 0.353479 0.921315
-0.159529 -0.283607 -0 0.322196 0.871999
-0.134127 -0.2147 -0 0.353479 0.921315
-0.167659 -0.268375 -0 0.332315 0.864922
-0.159529 -0.283607 -0 0.322196 0.871999
-0.159529 -0.283607 -0 0.322196 0.871999
-0.167659 -0.268375 -0 0.332315 0.864922
-0.191435 -0.340328 -0 0.304013 0.821605
-0.167659 -0.268375 -0 0.332315 0.864922
-0.201191 -0.32205 -0 0.315232 0.81344
-0.191435 -0.340328 -0 0.304013 0.821605
-0.191435 -0.340328 -0 0.304013 0.821605
-0.201191 -0.32205 -0 0.315232 0.81344
-0.22334 -0.39705 -0 0.289642 0.774691
-0.201191 -0.32205 -0 0.315232 0.81344
-0.234722 -0.375725 -0 0.30222 0.767477
-0.22334 -0.39705 -0 0.289642 0.774691
-0.22334 -0.39705 -0 0.289642 0.774691
-0.234722 -0.375725 -0 0.30222 0.767477
-0.255246 -0.45377 -0 0.27829 0.735302
-0.234722 -0.375725 -0 0.30222 0.767477
-0.268254 -0.429401 -0 0.290484 0.724721
-0.255246 -0.45377 -0 0.27829 0.735302
-0.255246 -0.45377 -0 0.27829 0.735302
-0.268254 -0.429401 -0 0.290484 0.724721
-0.287151 -0.510491 -0 0.269111 0.698912
-0.268254 -0.429401 -0 0.290484 0.724721
-0.301786 -0.483077 -0 0.282578 0.689729
-0.287151 -0.510491 -0 0.269111 0.698912
-0.120769 -0.238449 -0 0.336551 0.935355
-0.127623 -0.226885 -0 0.344508 0.927268
-0.150961 -0.298061 -0 0.31297 0.880032
-0.127623 -0.226885 -0 0.344508 0.927268
-0.159529 -0.283607 -0 0.322196 0.871999
-0.150961 -0.298061 -0 0.31297 0.880032
-0.150961 -0.298061 -0 0.31297 0.880032
-0.159529 -0.283607 -0 0.322196 0.871999
-0.181153 -0.357673 -0 0.293542 0.829066
-0.159529 -0.283607 -0 0.322196 0.871999
-0.191435 -0.340328 -0 0.304013 0.821605
-0.181153 -0.357673 -0 0.293542 0.829066
-0.181153 -0.357673 -0 0.293542 0.829066
-0.191435 -0.340328 -0 0.304013 0.821605
-0.211346 -0.417284 -0 0.278497 0.785074
-0.191435 -0.340328 -0 0.304013 0.821605
-0.22334 -0.39705 -0 0.289642 0.774691
-0.211346 -0.417284 -0 0.278497 0.785074
-0.211346 -0.417284 -0 0.278497 0.785074
-0.22334 -0.39705 -0 0.289642 0.774691
-0.241538 -0.476897 -0 0.265974 0.744622
-0.22334 -0.39705 -0 0.289642 0.774691
-0.255246 -0.45377 -0 0.27829 0.735302
-0.241538 -0.476897 -0 0.265974 0.744622
-0.241538 -0.476897 -0 0.265974 0.744622
-0.255246 -0.45377 -0 0.27829 0.735302
-0.271731 -0.536509 -0 0.256927 0.709451
-0.255246 -0.45377 -0 0.27829 0.735302
-0.287151 -0.510491 -0 0.269111 0.698912
-0.271731 -0.536509 -0 0.256927 0.709451
-0.113584 -0.249359 -0 0.32907 0.942814
-0.120769 -0.238449 -0 0.336551 0.935355
-0.141979 -0.311698 -0 0.303557 0.888414
-0.120769 -0.238449 -0 0.336551 0.935355
-0.150961 -0.298061 -0 0.31297 0.880032
-0.141979 -0.311698 -0 0.303557 0.888414
-0.141979 -0.311698 -0 0.303557 0.888414
-0.150961 -0.298061 -0 0.31297 0.880032
-0.170375 -0.374038 -0 0.283328 0.838771
-0.150961 -0.298061 -0 0.31297 0.880032
-0.181153 -0.357673 -0 0.293542 0.829066
-0.170375 -0.374038 -0 0.283328 0.838771
-0.170375 -0.374038 -0 0.283328 0.838771
-0.181153 -0.357673 -0 0.293542 0.829066
-0.198771 -0.436376 -0 0.267202 0.79411
-0.181153 -0.357673 -0 0.293542 0.829066
-0.211346 -0.417284 -0 0.278497 0.785074
-0.198771 -0.436376 -0 0.267202 0.79411
-0.198771 -0.436376 -0 0.267202 0.79411
-0.211346 -0.417284 -0 0.278497 0.785074
-0.227167 -0.498715 -0 0.253933 0.754643
-0.211346 -0.417284 -0 0.278497 0.785074
-0.241538 -0.476897 -0 0.265974 0.744622
-0.227167 -0.498715 -0 0.253933 0.754643
-0.227167 -0.498715 -0 0.253933 0.754643
-0.241538 -0.476897 -0 0.265974 0.744622
-0.255564 -0.561055 -0 0.244084 0.72039
-0.241538 -0.476897 -0 0.265974 0.744622
-0.271731 -0.536509 -0 0.256927 0.709451
-0.255564 -0.561055 -0 0.244084 0.72039
-0.101038 -0.194688 -0 0.358317 0.973532
-0.101038 -0.187019 -0 0.363107 0.976199
-0.106087 -0.259585 -0 0.322324 0.950902
-0.101038 -0.187019 -0 0.363107 0.976199
-0.113584 -0.249359 -0 0.32907 0.942814
-0.106087 -0.259585 -0 0.322324 0.950902
-0.106087 -0.259585 -0 0.322324 0.950902
-0.113584 -0.249359 -0 0.32907 0.942814
-0.132609 -0.324481 -0 0.295114 0.897481
-0.113584 -0.249359 -0 0.32907 0.942814
-0.141979 -0.311698 -0 0.303557 0.888414
-0.132609 -0.324481 -0 0.295114 0.897481
-0.132609 -0.324481 -0 0.295114 0.897481
-0.141979 -0.311698 -0 0.303557 0.888414
-0.159131 -0.389377 -0 0.273233 0.848711
-0.141979 -0.311698 -0 0.303557 0.888414
-0.170375 -0.374038 -0 0.283328 0.838771
-0.159131 -0.389377 -0 0.273233 0.848711
-0.159131 -0.389377 -0 0.273233 0.848711
-0.170375 -0.374038 -0 0.283328 0.838771
-0.185652 -0.454272 -0 0.25647 0.805333
-0.170375 -0.374038 -0 0.283328 0.838771
-0.198771 -0.436376 -0 0.267202 0.79411
-0.185652 -0.454272 -0 0.25647 0.805333
-0.185652 -0.454272 -0 0.25647 0.805333
-0.198771 -0.436376 -0 0.267202 0.79411
-0.212174 -0.519171 -0 0.242593 0.767003
-0.198771 -0.436376 -0 0.267202 0.79411
-0.227167 -0.498715 -0 0.253933 0.754643
-0.212174 -0.519171 -0 0.242593 0.767003
-0.212174 -0.519171 -0 0.242593 0.767003
-0.227167 -0.498715 -0 0.253933 0.754643
-0.238695 -0.584065 -0 0.231818 0.731841
-0.227167 -0.498715 -0 0.253933 0.754643
-0.255564 -0.561055 -0 0.244084 0.72039
-0.238695 -0.584065 -0 0.231818 0.731841
-0.101038 -0.201825 -0 0.35381 0.971946
-0.101038 -0.194688 -0 0.358317 0.973532
-0.101038 -0.269099 -0 0.315113 0.954918
-0.101038 -0.194688 -0 0.358317 0.973532
-0.106087 -0.259585 -0 0.322324 0.950902
-0.101038 -0.269099 -0 0.315113 0.954918
-0.101038 -0.269099 -0 0.315113 0.954918
-0.106087 -0.259585 -0 0.322324 0.950902
-0.122875 -0.336375 -0 0.286956 0.907959
-0.106087 -0.259585 -0 0.322324 0.950902
-0.132609 -0.324481 -0 0.295114 0.897481
-0.122875 -0.336375 -0 0.286956 0.907959
-0.122875 -0.336375 -0 0.286956 0.907959
-0.132609 -0.324481 -0 0.295114 0.897481
-0.14745 -0.403647 -0 0.264304 0.859236
-0.132609 -0.324481 -0 0.295114 0.897481
-0.159131 -0.389377 -0 0.273233 0.848711
-0.14745 -0.403647 -0 0.264304 0.859236
-0.14745 -0.403647 -0 0.264304 0.859236
-0.159131 -0.389377 -0 0.273233 0.848711
-0.172025 -0.470925 -0 0.246138 0.816648
-0.159131 -0.389377 -0 0.273233 0.848711
-0.185652 -0.454272 -0 0.25647 0.805333
-0.172025 -0.470925 -0 0.246138 0.816648
-0.172025 -0.470925 -0 0.246138 0.816648
-0.185652 -0.454272 -0 0.25647 0.805333
-0.1966 -0.538198 -0 0.231514 0.777712
-0.185652 -0.454272 -0 0.25647 0.805333
-0.212174 -0.519171 -0 0.242593 0.767003
-0.1966 -0.538198 -0 0.231514 0.777712
-0.1966 -0.538198 -0 0.231514 0.777712
-0.212174 -0.519171 -0 0.242593 0.767003
-0.221175 -0.605475 -0 0.220231 0.743596
-0.212174 -0.519171 -0 0.242593 0.767003
-0.238695 -0.584065 -0 0.231818 0.731841
-0.221175 -0.605475 -0 0.220231 0.743596
-0.101038 -0.208407 -0 0.350461 0.970731
-0.101038 -0.201825 -0 0.35381 0.971946
-0.101038 -0.277877 -0 0.311092 0.953005
-0.101038 -0.201825 -0 0.35381 0.971946
-0.101038 -0.269099 -0 0.315113 0.954918
-0.101038 -0.277877 -0 0.311092 0.953005
-0.101038 -0.277877 -0 0.311092 0.953005
-0.101038 -0.269099 -0 0.315113 0.954918
-0.112804 -0.347346 -0 0.27888 0.918231
-0.101038 -0.269099 -0 0.315113 0.954918
-0.122875 -0.336375 -0 0.286956 0.907959
-0.112804 -0.347346 -0 0.27888 0.918231
-0.112804 -0.347346 -0 0.27888 0.918231
-0.122875 -0.336375 -0 0.286956 0.907959
-0.135365 -0.416815 -0 0.255056 0.870622
-0.122875 -0.336375 -0 0.286956 0.907959
-0.14745 -0.403647 -0 0.264304 0.859236
-0.135365 -0.416815 -0 0.255056 0.870622
-0.135365 -0.416815 -0 0.255056 0.870622
-0.14745 -0.403647 -0 0.264304 0.859236
-0.157925 -0.486286 -0 0.236293 0.827897
-0.14745 -0.403647 -0 0.264304 0.859236
-0.172025 -0.470925 -0 0.246138 0.816648
-0.157925 -0.486286 -0 0.236293 0.827897
-0.157925 -0.486286 -0 0.236293 0.827897
-0.172025 -0.470925 -0 0.246138 0.816648
-0.180486 -0.555753 -0 0.221346 0.790206
-0.172025 -0.470925 -0 0.246138 0.816648
-0.1966 -0.538198 -0 0.231514 0.777712
-0.180486 -0.555753 -0 0.221346 0.790206
-0.180486 -0.555753 -0 0.221346 0.790206
-0.1966 -0.538198 -0 0.231514 0.777712
-0.203047 -0.625224 -0 0.208933 0.756768
-0.1966 -0.538198 -0 0.231514 0.777712
-0.221175 -0.605475 -0 0.220231 0.743596
-0.203047 -0.625224 -0 0.208933 0.756768
-0.101038 -0.214419 -0 0.346036 0.969076
-0.101038 -0.208407 -0 0.350461 0.970731
-0.101038 -0.285892 -0 0.306136 0.95058
-0.101038 -0.208407 -0 0.350461 0.970731
-0.101038 -0.277877 -0 0.311092 0.953005
-0.101038 -0.285892 -0 0.306136 0.95058
-0.101038 -0.285892 -0 0.306136 0.95058
-0.101038 -0.277877 -0 0.311092 0.953005
-0.102424 -0.357366 -0 0.271837 0.928716
-0.101038 -0.277877 -0 0.311092 0.953005
-0.112804 -0.347346 -0 0.27888 0.918231
-0.102424 -0.357366 -0 0.271837 0.928716
-0.102424 -0.357366 -0 0.271837 0.928716
-0.112804 -0.347346 -0 0.27888 0.918231
-0.122909 -0.428839 -0 0.247375 0.883541
-0.112804 -0.347346 -0 0.27888 0.918231
-0.135365 -0.416815 -0 0.255056 0.870622
-0.122909 -0.428839 -0 0.247375 0.883541
-0.122909 -0.428839 -0 0.247375 0.883541
-0.135365 -0.416815 -0 0.255056 0.870622
-0.143393 -0.500312 -0 0.226879 0.841382
-0.135365 -0.416815 -0 0.255056 0.870622
-0.157925 -0.486286 -0 0.236293 0.827897
-0.143393 -0.500312 -0 0.226879 0.841382
-0.143393 -0.500312 -0 0.226879 0.841382
-0.157925 -0.486286 -0 0.236293 0.827897
-0.163878 -0.571784 -0 0.210729 0.803086
-0.157925 -0.486286 -0 0.236293 0.827897
-0.180486 -0.555753 -0 0.221346 0.790206
-0.163878 -0.571784 -0 0.210729 0.803086
-0.163878 -0.571784 -0 0.210729 0.803086
-0.180486 -0.555753 -0 0.221346 0.790206
-0.184363 -0.643257 -0 0.197886 0.76924
-0.180486 -0.555753 -0 0.221346 0.790206
-0.203047 -0.625224 -0 0.208933 0.756768
-0.184363 -0.643257 -0 0.197886 0.76924
-0.101038 -0.219843 -0 0.342748 0.967811
-0.101038 -0.214419 -0 0.346036 0.969076
-0.101038 -0.293124 -0 0.30223 0.948616
-0.101038 -0.214419 -0 0.346036 0.969076
-0.101038 -0.285892 -0 0.306136 0.95058
-0.101038 -0.293124 -0 0.30223 0.948616
-0.101038 -0.293124 -0 0.30223 0.948616
-0.101038 -0.285892 -0 0.306136 0.95058
-0.101038 -0.366405 -0 0.267336 0.927952
-0.101038 -0.285892 -0 0.306136 0.95058
-0.102424 -0.357366 -0 0.271837 0.928716
-0.101038 -0.366405 -0 0.267336 0.927952
-0.101038 -0.366405 -0 0.267336 0.927952
-0.102424 -0.357366 -0 0.271837 0.928716
-0.110116 -0.439684 -0 0.238535 0.894807
-0.102424 -0.357366 -0 0.271837 0.928716
-0.122909 -0.428839 -0 0.247375 0.883541
-0.110116 -0.439684 -0 0.238535 0.894807
-0.110116 -0.439684 -0 0.238535 0.894807
-0.122909 -0.428839 -0 0.247375 0.883541
-0.128468 -0.512966 -0 0.218168 0.854212
-0.122909 -0.428839 -0 0.247375 0.883541
-0.143393 -0.500312 -0 0.226879 0.841382
-0.128468 -0.512966 -0 0.218168 0.854212
-0.128468 -0.512966 -0 0.218168 0.854212
-0.143393 -0.500312 -0 0.226879 0.841382
-0.146821 -0.586247 -0 0.201346 0.816902
-0.143393 -0.500312 -0 0.226879 0.841382
-0.163878 -0.571784 -0 0.210729 0.803086
-0.146821 -0.586247 -0 0.201346 0.816902
-0.146821 -0.586247 -0 0.201346 0.816902
-0.163878 -0.571784 -0 0.210729 0.803086
-0.165173 -0.659529 -0 0.187822 0.783937
-0.163878 -0.571784 -0 0.210729 0.803086
-0.184363 -0.643257 -0 0.197886 0.76924
-0.165173 -0.659529 -0 0.187822 0.783937
-0.101038 -0.224664 -0 0.340571 0.966956
-0.101038 -0.219843 -0 0.342748 0.967811
-0.101038 -0.299553 -0 0.299334 0.947129
-0.101038 -0.219843 -0 0.342748 0.967811
-0.101038 -0.293124 -0 0.30223 0.948616
-0.101038 -0.299553 -0 0.299334 0.947129
-0.101038 -0.299553 -0 0.299334 0.947129
-0.101038 -0.293124 -0 0.30223 0.948616
-0.101038 -0.374441 -0 0.263125 0.925313
-0.101038 -0.293124 -0 0.30223 0.948616
-0.101038 -0.366405 -0 0.267336 0.927952
-0.101038 -0.374441 -0 0.263125 0.925313
-0.101038 -0.374441 -0 0.263125 0.925313
-0.101038 -0.366405 -0 0.267336 0.927952
-0.101038 -0.44933 -0 0.232523 0.903337
-0.101038 -0.366405 -0 0.267336 0.927952
-0.110116 -0.439684 -0 0.238535 0.894807
-0.101038 -0.44933 -0 0.232523 0.903337
-0.101038 -0.44933 -0 0.232523 0.903337
-0.110116 -0.439684 -0 0.238535 0.894807
-0.113191 -0.524216 -0 0.209498 0.867868
-0.110116 -0.439684 -0 0.238535 0.894807
-0.128468 -0.512966 -0 0.218168 0.854212
-0.113191 -0.524216 -0 0.209498 0.867868
-0.113191 -0.524216 -0 0.209498 0.867868
-0.128468 -0.512966 -0 0.218168 0.854212
-0.129361 -0.599106 -0 0.192274 0.831684
-0.128468 -0.512966 -0 0.218168 0.854212
-0.146821 -0.586247 -0 0.201346 0.816902
-0.129361 -0.599106 -0 0.192274 0.831684
-0.129361 -0.599106 -0 0.192274 0.831684
-0.146821 -0.586247 -0 0.201346 0.816902
-0.145531 -0.673992 -0 0.177769 0.799238
-0.146821 -0.586247 -0 0.201346 0.816902
-0.165173 -0.659529 -0 0.187822 0.783937
-0.145531 -0.673992 -0 0.177769 0.799238
-0.145531 -0.673992 -0 0.177769 0.799238
-0.165173 -0.659529 -0 0.187822 0.783937
-0.161701 -0.748881 -0 0.166217 0.769223
-0.101038 -0.22887 -0 0.338406 0.966092
-0.101038 -0.224664 -0 0.340571 0.966956
-0.101038 -0.30516 -0 0.296466 0.945632
-0.101038 -0.224664 -0 0.340571 0.966956
-0.101038 -0.299553 -0 0.299334 0.947129
-0.101038 -0.30516 -0 0.296466 0.945632
-0.101038 -0.30516 -0 0.296466 0.945632
-0.101038 -0.299553 -0 0.299334 0.947129
-0.101038 -0.38145 -0 0.260635 0.923724
-0.101038 -0.299553 -0 0.299334 0.947129
-0.101038 -0.374441 -0 0.263125 0.925313
-0.101038 -0.38145 -0 0.260635 0.923724
-0.101038 -0.38145 -0 0.260635 0.923724
-0.101038 -0.374441 -0 0.263125 0.925313
-0.101038 -0.457741 -0 0.229667 0.901206
-0.101038 -0.374441 -0 0.263125 0.925313
-0.101038 -0.44933 -0 0.232523 0.903337
-0.101038 -0.457741 -0 0.229667 0.901206
-0.101038 -0.457741 -0 0.229667 0.901206
-0.101038 -0.44933 -0 0.232523 0.903337
-0.101038 -0.534031 -0 0.20219 0.877275
-0.101038 -0.44933 -0 0.232523 0.903337
-0.113191 -0.524216 -0 0.209498 0.867868
-0.101038 -0.534031 -0 0.20219 0.877275
-0.101038 -0.534031 -0 0.20219 0.877275
-0.113191 -0.524216 -0 0.209498 0.867868
-0.111547 -0.61032 -0 0.183209 0.846359
-0.113191 -0.524216 -0 0.209498 0.867868
-0.129361 -0.599106 -0 0.192274 0.831684
-0.111547 -0.61032 -0 0.183209 0.846359
-0.111547 -0.61032 -0 0.183209 0.846359
-0.129361 -0.599106 -0 0.192274 0.831684
-0.12549 -0.68661 -0 0.168294 0.813697
-0.129361 -0.599106 -0 0.192274 0.831684
-0.145531 -0.673992 -0 0.177769 0.799238
-0.12549 -0.68661 -0 0.168294 0.813697
-0.12549 -0.68661 -0 0.168294 0.813697
-0.145531 -0.673992 -0 0.177769 0.799238
-0.139433 -0.762899 -0 0.156333 0.785632
-0.145531 -0.673992 -0 0.177769 0.799238
-0.161701 -0.748881 -0 0.166217 0.769223
-0.139433 -0.762899 -0 0.156333 0.785632
-0.101038 -0.232449 -0 0.336254 0.96522
-0.101038 -0.22887 -0 0.338406 0.966092
-0.101038 -0.309931 -0 0.294571 0.944628
-0.101038 -0.22887 -0 0.338406 0.966092
-0.101038 -0.30516 -0 0.296466 0.945632
-0.101038 -0.309931 -0 0.294571 0.944628
-0.101038 -0.309931 -0 0.294571 0.944628
-0.101038 -0.30516 -0 0.296466 0.945632
-0.101038 -0.387414 -0 0.258173 0.922133
-0.101038 -0.30516 -0 0.296466 0.945632
-0.101038 -0.38145 -0 0.260635 0.923724
-0.101038 -0.387414 -0 0.258173 0.922133
-0.101038 -0.387414 -0 0.258173 0.922133
-0.101038 -0.38145 -0 0.260635 0.923724
-0.101038 -0.464896 -0 0.226523 0.897877
-0.101038 -0.38145 -0 0.260635 0.923724
-0.101038 -0.457741 -0 0.229667 0.901206
-0.101038 -0.464896 -0 0.226523 0.897877
-0.101038 -0.464896 -0 0.226523 0.897877
-0.101038 -0.457741 -0 0.229667 0.901206
-0.101038 -0.542381 -0 0.1998 0.875218
-0.101038 -0.457741 -0 0.229667 0.901206
-0.101038 -0.534031 -0 0.20219 0.877275
-0.101038 -0.542381 -0 0.1998 0.875218
-0.101038 -0.542381 -0 0.1998 0.875218
-0.101038 -0.534031 -0 0.20219 0.877275
-0.101038 -0.619862 -0 0.177566 0.854032
-0.101038 -0.534031 -0 0.20219 0.877275
-0.111547 -0.61032 -0 0.183209 0.846359
-0.101038 -0.619862 -0 0.177566 0.854032
-0.101038 -0.619862 -0 0.177566 0.854032
-0.111547 -0.61032 -0 0.183209 0.846359
-0.105105 -0.697347 -0 0.159472 0.8298
-0.111547 -0.61032 -0 0.183209 0.846359
-0.12549 -0.68661 -0 0.168294 0.813697
-0.105105 -0.697347 -0 0.159472 0.8298
-0.105105 -0.697347 -0 0.159472 0.8298
-0.12549 -0.68661 -0 0.168294 0.813697
-0.116783 -0.774827 -0 0.146726 0.80196
-0.12549 -0.68661 -0 0.168294 0.813697
-0.139433 -0.762899 -0 0.156333 0.785632
-0.116783 -0.774827 -0 0.146726 0.80196
-0.101038 -0.23539 -0 0.334114 0.96434
-0.101038 -0.232449 -0 0.336254 0.96522
-0.101038 -0.313853 -0 0.291752 0.943114
-0.101038 -0.232449 -0 0.336254 0.96522
-0.101038 -0.309931 -0 0.294571 0.944628
-0.101038 -0.313853 -0 0.291752 0.943114
-0.101038 -0.313853 -0 0.291752 0.943114
-0.101038 -0.309931 -0 0.294571 0.944628
-0.101038 -0.392316 -0 0.255738 0.920538
-0.101038 -0.309931 -0 0.294571 0.944628
-0.101038 -0.387414 -0 0.258173 0.922133
-0.101038 -0.392316 -0 0.255738 0.920538
-0.101038 -0.392316 -0 0.255738 0.920538
-0.101038 -0.387414 -0 0.258173 0.922133
-0.101038 -0.47078 -0 0.224443 0.896285
-0.101038 -0.387414 -0 0.258173 0.922133
-0.101038 -0.464896 -0 0.226523 0.897877
-0.101038 -0.47078 -0 0.224443 0.896285
-0.101038 -0.47078 -0 0.224443 0.896285
-0.101038 -0.464896 -0 0.226523 0.897877
-0.101038 -0.549244 -0 0.198032 0.873681
-0.101038 -0.464896 -0 0.226523 0.897877
-0.101038 -0.542381 -0 0.1998 0.875218
-0.101038 -0.549244 -0 0.198032 0.873681
-0.101038 -0.549244 -0 0.198032 0.873681
-0.101038 -0.542381 -0 0.1998 0.875218
-0.101038 -0.627707 -0 0.175559 0.852096
-0.101038 -0.542381 -0 0.1998 0.875218
-0.101038 -0.619862 -0 0.177566 0.854032
-0.101038 -0.627707 -0 0.175559 0.852096
