0.11975 -0.154847 -0 0.633904 0.98476
0.11975 -0.156806 -0 0.635146 0.984403
0.11975 -0.232271 -0 0.680689 0.968369
0.11975 -0.156806 -0 0.635146 0.984403
0.11975 -0.23521 -0 0.682367 0.967666
0.11975 -0.232271 -0 0.680689 0.968369
0.11975 -0.232271 -0 0.680689 0.968369
0.11975 -0.23521 -0 0.682367 0.967666
0.11975 -0.309694 -0 0.722362 0.948398
0.11975 -0.23521 -0 0.682367 0.967666
0.11975 -0.313613 -0 0.72433 0.947323
0.11975 -0.309694 -0 0.722362 0.948398
0.11975 -0.309694 -0 0.722362 0.948398
0.11975 -0.313613 -0 0.72433 0.947323
0.11975 -0.387118 -0 0.758723 0.926507
0.11975 -0.313613 -0 0.72433 0.947323
0.11975 -0.392016 -0 0.76085 0.925091
0.11975 -0.387118 -0 0.758723 0.926507
0.11975 -0.387118 -0 0.758723 0.926507
0.11975 -0.392016 -0 0.76085 0.925091
0.11975 -0.464541 -0 0.790049 0.904016
0.11975 -0.392016 -0 0.76085 0.925091
0.11975 -0.47042 -0 0.792236 0.902313
0.11975 -0.464541 -0 0.790049 0.904016
0.11975 -0.464541 -0 0.790049 0.904016
0.11975 -0.47042 -0 0.792236 0.902313
0.11975 -0.541967 -0 0.816867 0.881843
0.11975 -0.47042 -0 0.792236 0.902313
0.11975 -0.548824 -0 0.819045 0.879917
0.11975 -0.541967 -0 0.816867 0.881843
0.11975 -0.541967 -0 0.816867 0.881843
0.11975 -0.548824 -0 0.819045 0.879917
0.11975 -0.619388 -0 0.839788 0.860562
0.11975 -0.548824 -0 0.819045 0.879917
0.11975 -0.627227 -0 0.841915 0.858472
0.11975 -0.619388 -0 0.839788 0.860562
0.11975 -0.619388 -0 0.839788 0.860562
0.11975 -0.627227 -0 0.841915 0.858472
0.11975 -0.696814 -0 0.859407 0.840485
0.11975 -0.627227 -0 0.841915 0.858472
0.11975 -0.705631 -0 0.861457 0.838283
0.11975 -0.696814 -0 0.859407 0.840485
0.11975 -0.696814 -0 0.859407 0.840485
0.11975 -0.705631 -0 0.861457 0.838283
0.11975 -0.774235 -0 0.876259 0.82175
0.11975 -0.705631 -0 0.861457 0.838283
0.11975 -0.784034 -0 0.878218 0.819477
0.11975 -0.774235 -0 0.876259 0.82175
0.11975 -0.152464 -0 0.632391 0.985188
0.11975 -0.154847 -0 0.633904 0.98476
0.11975 -0.228695 -0 0.678637 0.969219
0.11975 -0.154847 -0 0.633904 0.98476
0.11975 -0.232271 -0 0.680689 0.968369
0.11975 -0.228695 -0 0.678637 0.969219
0.11975 -0.228695 -0 0.678637 0.969219
0.11975 -0.232271 -0 0.680689 0.968369
0.11975 -0.304927 -0 0.719951 0.949699
0.11975 -0.232271 -0 0.680689 0.968369
0.11975 -0.309694 -0 0.722362 0.948398
0.11975 -0.304927 -0 0.719951 0.949699
0.11975 -0.304927 -0 0.719951 0.949699
0.11975 -0.309694 -0 0.722362 0.948398
0.11975 -0.381159 -0 0.756109 0.928227
0.11975 -0.309694 -0 0.722362 0.948398
0.11975 -0.387118 -0 0.758723 0.926507
0.11975 -0.381159 -0 0.756109 0.928227
0.11975 -0.381159 -0 0.756109 0.928227
0.11975 -0.387118 -0 0.758723 0.926507
0.11975 -0.457391 -0 0.787354 0.906091
0.11975 -0.387118 -0 0.758723 0.926507
0.11975 -0.464541 -0 0.790049 0.904016
0.11975 -0.457391 -0 0.787354 0.906091
0.11975 -0.457391 -0 0.787354 0.906091
0.11975 -0.464541 -0 0.790049 0.904016
0.11975 -0.533623 -0 0.814175 0.884198
0.11975 -0.464541 -0 0.790049 0.904016
0.11975 -0.541967 -0 0.816867 0.881843
0.11975 -0.533623 -0 0.814175 0.884198
0.11975 -0.533623 -0 0.814175 0.884198
0.11975 -0.541967 -0 0.816867 0.881843
0.11975 -0.609854 -0 0.837155 0.863122
0.11975 -0.541967 -0 0.816867 0.881843
0.11975 -0.619388 -0 0.839788 0.860562
0.11975 -0.609854 -0 0.837155 0.863122
0.11975 -0.609854 -0 0.837155 0.863122
0.11975 -0.619388 -0 0.839788 0.860562
0.125394 -0.686085 -0 0.855175 0.837502
0.11975 -0.619388 -0 0.839788 0.860562
0.11975 -0.696814 -0 0.859407 0.840485
0.125394 -0.686085 -0 0.855175 0.837502
0.125394 -0.686085 -0 0.855175 0.837502
0.11975 -0.696814 -0 0.859407 0.840485
0.139327 -0.762316 -0 0.867907 0.806302
0.11975 -0.696814 -0 0.859407 0.840485
0.11975 -0.774235 -0 0.876259 0.82175
0.139327 -0.762316 -0 0.867907 0.806302
0.11975 -0.149662 -0 0.630606 0.985685
0.11975 -0.152464 -0 0.632391 0.985188
0.11975 -0.224493 -0 0.676211 0.970207
0.11975 -0.152464 -0 0.632391 0.985188
0.11975 -0.228695 -0 0.678637 0.969219
0.11975 -0.224493 -0 0.676211 0.970207
0.11975 -0.224493 -0 0.676211 0.970207
0.11975 -0.228695 -0 0.678637 0.969219
0.11975 -0.299324 -0 0.71709 0.951218
0.11975 -0.228695 -0 0.678637 0.969219
0.11975 -0.304927 -0 0.719951 0.949699
0.11975 -0.299324 -0 0.71709 0.951218
0.11975 -0.299324 -0 0.71709 0.951218
0.11975 -0.304927 -0 0.719951 0.949699
0.11975 -0.374155 -0 0.752998 0.930245
0.11975 -0.304927 -0 0.719951 0.949699
0.11975 -0.381159 -0 0.756109 0.928227
0.11975 -0.374155 -0 0.752998 0.930245
0.11975 -0.374155 -0 0.752998 0.930245
0.11975 -0.381159 -0 0.756109 0.928227
0.11975 -0.448987 -0 0.784136 0.908533
0.11975 -0.381159 -0 0.756109 0.928227
0.11975 -0.457391 -0 0.787354 0.906091
0.11975 -0.448987 -0 0.784136 0.908533
0.11975 -0.448987 -0 0.784136 0.908533
0.11975 -0.457391 -0 0.787354 0.906091
0.11975 -0.523816 -0 0.810953 0.886977
0.11975 -0.457391 -0 0.787354 0.906091
0.11975 -0.533623 -0 0.814175 0.884198
0.11975 -0.523816 -0 0.810953 0.886977
0.11975 -0.523816 -0 0.810953 0.886977
0.11975 -0.533623 -0 0.814175 0.884198
0.129262 -0.598648 -0 0.831193 0.855768
0.11975 -0.533623 -0 0.814175 0.884198
0.11975 -0.609854 -0 0.837155 0.863122
0.129262 -0.598648 -0 0.831193 0.855768
0.129262 -0.598648 -0 0.831193 0.855768
0.11975 -0.609854 -0 0.837155 0.863122
0.14542 -0.673477 -0 0.846052 0.820523
0.11975 -0.609854 -0 0.837155 0.863122
0.125394 -0.686085 -0 0.855175 0.837502
0.14542 -0.673477 -0 0.846052 0.820523
0.14542 -0.673477 -0 0.846052 0.820523
0.125394 -0.686085 -0 0.855175 0.837502
0.161578 -0.748309 -0 0.858126 0.788902
0.125394 -0.686085 -0 0.855175 0.837502
0.139327 -0.762316 -0 0.867907 0.806302
0.161578 -0.748309 -0 0.858126 0.788902
0.11975 -0.14645 -0 0.628554 0.986247
0.11975 -0.149662 -0 0.630606 0.985685
0.11975 -0.219675 -0 0.673411 0.971327
0.11975 -0.149662 -0 0.630606 0.985685
0.11975 -0.224493 -0 0.676211 0.970207
0.11975 -0.219675 -0 0.673411 0.971327
0.11975 -0.219675 -0 0.673411 0.971327
0.11975 -0.224493 -0 0.676211 0.970207
0.11975 -0.2929 -0 0.713776 0.952946
0.11975 -0.224493 -0 0.676211 0.970207
0.11975 -0.299324 -0 0.71709 0.951218
0.11975 -0.2929 -0 0.713776 0.952946
0.11975 -0.2929 -0 0.713776 0.952946
0.11975 -0.299324 -0 0.71709 0.951218
0.11975 -0.366125 -0 0.74938 0.93255
0.11975 -0.299324 -0 0.71709 0.951218
0.11975 -0.374155 -0 0.752998 0.930245
0.11975 -0.366125 -0 0.74938 0.93255
0.11975 -0.366125 -0 0.74938 0.93255
0.11975 -0.374155 -0 0.752998 0.930245
0.11975 -0.439348 -0 0.78038 0.911336
0.11975 -0.374155 -0 0.752998 0.930245
0.11975 -0.448987 -0 0.784136 0.908533
0.11975 -0.439348 -0 0.78038 0.911336
0.11975 -0.439348 -0 0.78038 0.911336
0.11975 -0.448987 -0 0.784136 0.908533
0.12837 -0.512574 -0 0.804743 0.879959
0.11975 -0.448987 -0 0.784136 0.908533
0.11975 -0.523816 -0 0.810953 0.886977
0.12837 -0.512574 -0 0.804743 0.879959
0.12837 -0.512574 -0 0.804743 0.879959
0.11975 -0.523816 -0 0.810953 0.886977
0.146709 -0.585799 -0 0.822288 0.840159
0.11975 -0.523816 -0 0.810953 0.886977
0.129262 -0.598648 -0 0.831193 0.855768
0.146709 -0.585799 -0 0.822288 0.840159
0.146709 -0.585799 -0 0.822288 0.840159
0.129262 -0.598648 -0 0.831193 0.855768
0.165047 -0.659025 -0 0.836417 0.80438
0.129262 -0.598648 -0 0.831193 0.855768
0.14542 -0.673477 -0 0.846052 0.820523
0.165047 -0.659025 -0 0.836417 0.80438
0.165047 -0.659025 -0 0.836417 0.80438
0.14542 -0.673477 -0 0.846052 0.820523
0.183386 -0.73225 -0 0.84785 0.77238
0.14542 -0.673477 -0 0.846052 0.820523
0.161578 -0.748309 -0 0.858126 0.788902
0.183386 -0.73225 -0 0.84785 0.77238
0.11975 -0.142837 -0 0.626236 0.986866
0.11975 -0.14645 -0 0.628554 0.986247
0.11975 -0.214255 -0 0.670239 0.972569
0.11975 -0.14645 -0 0.628554 0.986247
0.11975 -0.219675 -0 0.673411 0.971327
0.11975 -0.214255 -0 0.670239 0.972569
0.11975 -0.214255 -0 0.670239 0.972569
0.11975 -0.219675 -0 0.673411 0.971327
0.11975 -0.285674 -0 0.710004 0.954871
0.11975 -0.219675 -0 0.673411 0.971327
0.11975 -0.2929 -0 0.713776 0.952946
0.11975 -0.285674 -0 0.710004 0.954871
0.11975 -0.285674 -0 0.710004 0.954871
0.11975 -0.2929 -0 0.713776 0.952946
0.11975 -0.357092 -0 0.745243 0.935131
0.11975 -0.2929 -0 0.713776 0.952946
0.11975 -0.366125 -0 0.74938 0.93255
0.11975 -0.357092 -0 0.745243 0.935131
0.11975 -0.357092 -0 0.745243 0.935131
0.11975 -0.366125 -0 0.74938 0.93255
0.122815 -0.428512 -0 0.775267 0.910547
0.11975 -0.366125 -0 0.74938 0.93255
0.11975 -0.439348 -0 0.78038 0.911336
0.122815 -0.428512 -0 0.775267 0.910547
0.122815 -0.428512 -0 0.775267 0.910547
0.11975 -0.439348 -0 0.78038 0.911336
0.143284 -0.499929 -0 0.796159 0.865799
0.11975 -0.439348 -0 0.78038 0.911336
0.12837 -0.512574 -0 0.804743 0.879959
0.143284 -0.499929 -0 0.796159 0.865799
0.143284 -0.499929 -0 0.796159 0.865799
0.12837 -0.512574 -0 0.804743 0.879959
0.163753 -0.571347 -0 0.812883 0.825323
0.12837 -0.512574 -0 0.804743 0.879959
0.146709 -0.585799 -0 0.822288 0.840159
0.163753 -0.571347 -0 0.812883 0.825323
0.163753 -0.571347 -0 0.812883 0.825323
0.146709 -0.585799 -0 0.822288 0.840159
0.184222 -0.642765 -0 0.826292 0.789057
0.146709 -0.585799 -0 0.822288 0.840159
0.165047 -0.659025 -0 0.836417 0.80438
0.184222 -0.642765 -0 0.826292 0.789057
0.11975 -0.138832 -0 0.623658 0.987539
0.11975 -0.142837 -0 0.626236 0.986866
0.11975 -0.208248 -0 0.666693 0.973922
0.11975 -0.142837 -0 0.626236 0.986866
0.11975 -0.214255 -0 0.670239 0.972569
0.11975 -0.208248 -0 0.666693 0.973922
0.11975 -0.208248 -0 0.666693 0.973922
0.11975 -0.214255 -0 0.670239 0.972569
0.11975 -0.277664 -0 0.705769 0.956981
0.11975 -0.214255 -0 0.670239 0.972569
0.11975 -0.285674 -0 0.710004 0.954871
0.11975 -0.277664 -0 0.705769 0.956981
0.11975 -0.277664 -0 0.705769 0.956981
0.11975 -0.285674 -0 0.710004 0.954871
0.11975 -0.34708 -0 0.740575 0.937976
0.11975 -0.285674 -0 0.710004 0.954871
0.11975 -0.357092 -0 0.745243 0.935131
0.11975 -0.34708 -0 0.740575 0.937976
0.11975 -0.34708 -0 0.740575 0.937976
0.11975 -0.357092 -0 0.745243 0.935131
0.135261 -0.416496 -0 0.767136 0.897943
0.11975 -0.357092 -0 0.745243 0.935131
0.122815 -0.428512 -0 0.775267 0.910547
0.135261 -0.416496 -0 0.767136 0.897943
0.135261 -0.416496 -0 0.767136 0.897943
0.122815 -0.428512 -0 0.775267 0.910547
0.157805 -0.485914 -0 0.787088 0.852346
0.122815 -0.428512 -0 0.775267 0.910547
0.143284 -0.499929 -0 0.796159 0.865799
0.157805 -0.485914 -0 0.787088 0.852346
0.157805 -0.485914 -0 0.787088 0.852346
0.143284 -0.499929 -0 0.796159 0.865799
0.180348 -0.555328 -0 0.802992 0.81125
0.143284 -0.499929 -0 0.796159 0.865799
0.163753 -0.571347 -0 0.812883 0.825323
0.180348 -0.555328 -0 0.802992 0.81125
0.180348 -0.555328 -0 0.802992 0.81125
0.163753 -0.571347 -0 0.812883 0.825323
0.202892 -0.624746 -0 0.815693 0.774538
0.163753 -0.571347 -0 0.812883 0.825323
0.184222 -0.642765 -0 0.826292 0.789057
0.202892 -0.624746 -0 0.815693 0.774538
0.11975 -0.134447 -0 0.620821 0.988257
0.11975 -0.138832 -0 0.623658 0.987539
0.11975 -0.20167 -0 0.662776 0.975375
0.11975 -0.138832 -0 0.623658 0.987539
0.11975 -0.208248 -0 0.666693 0.973922
0.11975 -0.20167 -0 0.662776 0.975375
0.11975 -0.20167 -0 0.662776 0.975375
0.11975 -0.208248 -0 0.666693 0.973922
0.11975 -0.268894 -0 0.701065 0.959261
0.11975 -0.208248 -0 0.666693 0.973922
0.11975 -0.277664 -0 0.705769 0.956981
0.11975 -0.268894 -0 0.701065 0.959261
0.11975 -0.268894 -0 0.701065 0.959261
0.11975 -0.277664 -0 0.705769 0.956981
0.122781 -0.336118 -0 0.734676 0.936837
0.11975 -0.277664 -0 0.705769 0.956981
0.11975 -0.34708 -0 0.740575 0.937976
0.122781 -0.336118 -0 0.734676 0.936837
0.122781 -0.336118 -0 0.734676 0.936837
0.11975 -0.34708 -0 0.740575 0.937976
0.147337 -0.403339 -0 0.758539 0.885979
0.11975 -0.34708 -0 0.740575 0.937976
0.135261 -0.416496 -0 0.767136 0.897943
0.147337 -0.403339 -0 0.758539 0.885979
0.147337 -0.403339 -0 0.758539 0.885979
0.135261 -0.416496 -0 0.767136 0.897943
0.171893 -0.470565 -0 0.777544 0.839598
0.135261 -0.416496 -0 0.767136 0.897943
0.157805 -0.485914 -0 0.787088 0.852346
0.171893 -0.470565 -0 0.777544 0.839598
0.171893 -0.470565 -0 0.777544 0.839598
0.157805 -0.485914 -0 0.787088 0.852346
0.196449 -0.537787 -0 0.792634 0.797927
0.157805 -0.485914 -0 0.787088 0.852346
0.180348 -0.555328 -0 0.802992 0.81125
0.196449 -0.537787 -0 0.792634 0.797927
0.196449 -0.537787 -0 0.792634 0.797927
0.180348 -0.555328 -0 0.802992 0.81125
0.221006 -0.605012 -0 0.804634 0.760808
0.180348 -0.555328 -0 0.802992 0.81125
0.202892 -0.624746 -0 0.815693 0.774538
0.221006 -0.605012 -0 0.804634 0.760808
0.11975 -0.129693 -0 0.617733 0.989016
0.11975 -0.134447 -0 0.620821 0.988257
0.11975 -0.19454 -0 0.658491 0.976915
0.11975 -0.134447 -0 0.620821 0.988257
0.11975 -0.20167 -0 0.662776 0.975375
0.11975 -0.19454 -0 0.658491 0.976915
0.11975 -0.19454 -0 0.658491 0.976915
0.11975 -0.20167 -0 0.662776 0.975375
0.11975 -0.259387 -0 0.695889 0.961692
0.11975 -0.20167 -0 0.662776 0.975375
0.11975 -0.268894 -0 0.701065 0.959261
0.11975 -0.259387 -0 0.695889 0.961692
0.11975 -0.259387 -0 0.695889 0.961692
0.11975 -0.268894 -0 0.701065 0.959261
0.132508 -0.324233 -0 0.726741 0.92649
0.11975 -0.268894 -0 0.701065 0.959261
0.122781 -0.336118 -0 0.734676 0.936837
0.132508 -0.324233 -0 0.726741 0.92649
0.132508 -0.324233 -0 0.726741 0.92649
0.122781 -0.336118 -0 0.734676 0.936837
0.159009 -0.389079 -0 0.749492 0.874655
0.122781 -0.336118 -0 0.734676 0.936837
0.147337 -0.403339 -0 0.758539 0.885979
0.159009 -0.389079 -0 0.749492 0.874655
0.159009 -0.389079 -0 0.749492 0.874655
0.147337 -0.403339 -0 0.758539 0.885979
0.185511 -0.453925 -0 0.767546 0.827544
0.147337 -0.403339 -0 0.758539 0.885979
0.171893 -0.470565 -0 0.777544 0.839598
0.185511 -0.453925 -0 0.767546 0.827544
0.185511 -0.453925 -0 0.767546 0.827544
0.171893 -0.470565 -0 0.777544 0.839598
0.212012 -0.518774 -0 0.781824 0.785345
0.171893 -0.470565 -0 0.777544 0.839598
0.196449 -0.537787 -0 0.792634 0.797927
0.212012 -0.518774 -0 0.781824 0.785345
0.212012 -0.518774 -0 0.781824 0.785345
0.196449 -0.537787 -0 0.792634 0.797927
0.238513 -0.583619 -0 0.793131 0.747852
0.196449 -0.537787 -0 0.792634 0.797927
0.221006 -0.605012 -0 0.804634 0.760808
0.238513 -0.583619 -0 0.793131 0.747852
0.11975 -0.124584 -0 0.614397 0.989806
0.11975 -0.129693 -0 0.617733 0.989016
0.11975 -0.186876 -0 0.653838 0.978529
0.11975 -0.129693 -0 0.617733 0.989016
0.11975 -0.19454 -0 0.658491 0.976915
0.11975 -0.186876 -0 0.653838 0.978529
0.11975 -0.186876 -0 0.653838 0.978529
0.11975 -0.19454 -0 0.658491 0.976915
0.11975 -0.249168 -0 0.690236 0.964255
0.11975 -0.19454 -0 0.658491 0.976915
0.11975 -0.259387 -0 0.695889 0.961692
0.11975 -0.249168 -0 0.690236 0.964255
0.11975 -0.249168 -0 0.690236 0.964255
0.11975 -0.259387 -0 0.695889 0.961692
0.141871 -0.31146 -0 0.718392 0.91671
0.11975 -0.259387 -0 0.695889 0.961692
0.132508 -0.324233 -0 0.726741 0.92649
0.141871 -0.31146 -0 0.718392 0.91671
0.141871 -0.31146 -0 0.718392 0.91671
0.132508 -0.324233 -0 0.726741 0.92649
0.170245 -0.373752 -0 0.740013 0.863965
0.132508 -0.324233 -0 0.726741 0.92649
0.159009 -0.389079 -0 0.749492 0.874655
0.170245 -0.373752 -0 0.740013 0.863965
0.170245 -0.373752 -0 0.740013 0.863965
0.159009 -0.389079 -0 0.749492 0.874655
0.19862 -0.436042 -0 0.757108 0.816179
0.159009 -0.389079 -0 0.749492 0.874655
0.185511 -0.453925 -0 0.767546 0.827544
0.19862 -0.436042 -0 0.757108 0.816179
0.19862 -0.436042 -0 0.757108 0.816179
0.185511 -0.453925 -0 0.767546 0.827544
0.226993 -0.498334 -0 0.770575 0.773494
0.185511 -0.453925 -0 0.767546 0.827544
0.212012 -0.518774 -0 0.781824 0.785345
0.226993 -0.498334 -0 0.770575 0.773494
0.226993 -0.498334 -0 0.770575 0.773494
0.212012 -0.518774 -0 0.781824 0.785345
0.255369 -0.560627 -0 0.781196 0.735659
0.212012 -0.518774 -0 0.781824 0.785345
0.238513 -0.583619 -0 0.793131 0.747852
0.255369 -0.560627 -0 0.781196 0.735659
0.11975 -0.119133 -0 0.610821 0.990619
0.11975 -0.124584 -0 0.614397 0.989806
0.11975 -0.1787 -0 0.648824 0.9802
0.11975 -0.124584 -0 0.614397 0.989806
0.11975 -0.186876 -0 0.653838 0.978529
0.11975 -0.1787 -0 0.648824 0.9802
0.11975 -0.1787 -0 0.648824 0.9802
0.11975 -0.186876 -0 0.653838 0.978529
0.120676 -0.238267 -0 0.683947 0.965532
0.11975 -0.186876 -0 0.653838 0.978529
0.11975 -0.249168 -0 0.690236 0.964255
0.120676 -0.238267 -0 0.683947 0.965532
0.120676 -0.238267 -0 0.683947 0.965532
0.11975 -0.249168 -0 0.690236 0.964255
0.150846 -0.297833 -0 0.709644 0.907498
0.11975 -0.249168 -0 0.690236 0.964255
0.141871 -0.31146 -0 0.718392 0.91671
0.150846 -0.297833 -0 0.709644 0.907498
0.150846 -0.297833 -0 0.709644 0.907498
0.141871 -0.31146 -0 0.718392 0.91671
0.181015 -0.3574 -0 0.730116 0.853909
0.141871 -0.31146 -0 0.718392 0.91671
0.170245 -0.373752 -0 0.740013 0.863965
0.181015 -0.3574 -0 0.730116 0.853909
0.181015 -0.3574 -0 0.730116 0.853909
0.170245 -0.373752 -0 0.740013 0.863965
0.211184 -0.416965 -0 0.746246 0.805498
0.170245 -0.373752 -0 0.740013 0.863965
0.19862 -0.436042 -0 0.757108 0.816179
0.211184 -0.416965 -0 0.746246 0.805498
0.211184 -0.416965 -0 0.746246 0.805498
0.19862 -0.436042 -0 0.757108 0.816179
0.241353 -0.476532 -0 0.758903 0.762363
0.19862 -0.436042 -0 0.757108 0.816179
0.226993 -0.498334 -0 0.770575 0.773494
0.241353 -0.476532 -0 0.758903 0.762363
0.241353 -0.476532 -0 0.758903 0.762363
0.226993 -0.498334 -0 0.770575 0.773494
0.271523 -0.536099 -0 0.768845 0.724216
0.226993 -0.498334 -0 0.770575 0.773494
0.255369 -0.560627 -0 0.781196 0.735659
0.271523 -0.536099 -0 0.768845 0.724216
0.11975 -0.113356 -0 0.607011 0.991449
0.11975 -0.119133 -0 0.610821 0.990619
0.11975 -0.170034 -0 0.643453 0.981912
0.11975 -0.119133 -0 0.610821 0.990619
0.11975 -0.1787 -0 0.648824 0.9802
0.11975 -0.170034 -0 0.643453 0.981912
0.11975 -0.170034 -0 0.643453 0.981912
0.11975 -0.1787 -0 0.648824 0.9802
0.127525 -0.226712 -0 0.676206 0.957918
0.11975 -0.1787 -0 0.648824 0.9802
0.120676 -0.238267 -0 0.683947 0.965532
0.127525 -0.226712 -0 0.676206 0.957918
0.127525 -0.226712 -0 0.676206 0.957918
0.120676 -0.238267 -0 0.683947 0.965532
0.159407 -0.28339 -0 0.700514 0.898854
0.120676 -0.238267 -0 0.683947 0.965532
0.150846 -0.297833 -0 0.709644 0.907498
0.159407 -0.28339 -0 0.700514 0.898854
0.159407 -0.28339 -0 0.700514 0.898854
0.150846 -0.297833 -0 0.709644 0.907498
0.191288 -0.340068 -0 0.71982 0.844483
0.150846 -0.297833 -0 0.709644 0.907498
0.181015 -0.3574 -0 0.730116 0.853909
0.191288 -0.340068 -0 0.71982 0.844483
0.191288 -0.340068 -0 0.71982 0.844483
0.181015 -0.3574 -0 0.730116 0.853909
0.22317 -0.396746 -0 0.734976 0.795496
0.181015 -0.3574 -0 0.730116 0.853909
0.211184 -0.416965 -0 0.746246 0.805498
0.22317 -0.396746 -0 0.734976 0.795496
0.22317 -0.396746 -0 0.734976 0.795496
0.211184 -0.416965 -0 0.746246 0.805498
0.255051 -0.453424 -0 0.746823 0.751947
0.211184 -0.416965 -0 0.746246 0.805498
0.241353 -0.476532 -0 0.758903 0.762363
0.255051 -0.453424 -0 0.746823 0.751947
0.255051 -0.453424 -0 0.746823 0.751947
0.241353 -0.476532 -0 0.758903 0.762363
0.286932 -0.510101 -0 0.756089 0.713514
0.241353 -0.476532 -0 0.758903 0.762363
0.271523 -0.536099 -0 0.768845 0.724216
0.286932 -0.510101 -0 0.756089 0.713514
0.11975 -0.107268 -0 0.602975 0.992286
0.11975 -0.113356 -0 0.607011 0.991449
0.11975 -0.160902 -0 0.637732 0.983649
0.11975 -0.113356 -0 0.607011 0.991449
0.11975 -0.170034 -0 0.643453 0.981912
0.11975 -0.160902 -0 0.637732 0.983649
0.11975 -0.160902 -0 0.637732 0.983649
0.11975 -0.170034 -0 0.643453 0.981912
0.134025 -0.214536 -0 0.668134 0.950796
0.11975 -0.170034 -0 0.643453 0.981912
0.127525 -0.226712 -0 0.676206 0.957918
0.134025 -0.214536 -0 0.668134 0.950796
0.134025 -0.214536 -0 0.668134 0.950796
0.127525 -0.226712 -0 0.676206 0.957918
0.167531 -0.26817 -0 0.69102 0.890778
0.127525 -0.226712 -0 0.676206 0.957918
0.159407 -0.28339 -0 0.700514 0.898854
0.167531 -0.26817 -0 0.69102 0.890778
0.167531 -0.26817 -0 0.69102 0.890778
0.159407 -0.28339 -0 0.700514 0.898854
0.201037 -0.321804 -0 0.70914 0.835684
0.159407 -0.28339 -0 0.700514 0.898854
0.191288 -0.340068 -0 0.71982 0.844483
0.201037 -0.321804 -0 0.70914 0.835684
0.201037 -0.321804 -0 0.70914 0.835684
0.191288 -0.340068 -0 0.71982 0.844483
0.234543 -0.375438 -0 0.723315 0.786165
0.191288 -0.340068 -0 0.71982 0.844483
0.22317 -0.396746 -0 0.734976 0.795496
0.234543 -0.375438 -0 0.723315 0.786165
0.234543 -0.375438 -0 0.723315 0.786165
0.22317 -0.396746 -0 0.734976 0.795496
0.268049 -0.429073 -0 0.73435 0.742237
0.22317 -0.396746 -0 0.734976 0.795496
0.255051 -0.453424 -0 0.746823 0.751947
0.268049 -0.429073 -0 0.73435 0.742237
0.268049 -0.429073 -0 0.73435 0.742237
0.255051 -0.453424 -0 0.746823 0.751947
0.301556 -0.482708 -0 0.742945 0.703544
0.255051 -0.453424 -0 0.746823 0.751947
0.286932 -0.510101 -0 0.756089 0.713514
0.301556 -0.482708 -0 0.742945 0.703544
0.11975 -0.100886 -0 0.598723 0.993121
0.11975 -0.107268 -0 0.602975 0.992286
0.11975 -0.151329 -0 0.631669 0.98539
0.11975 -0.107268 -0 0.602975 0.992286
0.11975 -0.160902 -0 0.637732 0.983649
0.11975 -0.151329 -0 0.631669 0.98539
0.11975 -0.151329 -0 0.631669 0.98539
0.11975 -0.160902 -0 0.637732 0.983649
0.140157 -0.201772 -0 0.659746 0.944168
0.11975 -0.160902 -0 0.637732 0.983649
0.134025 -0.214536 -0 0.668134 0.950796
0.140157 -0.201772 -0 0.659746 0.944168
0.140157 -0.201772 -0 0.659746 0.944168
0.134025 -0.214536 -0 0.668134 0.950796
0.175196 -0.252215 -0 0.681179 0.883271
0.134025 -0.214536 -0 0.668134 0.950796
0.167531 -0.26817 -0 0.69102 0.890778
0.175196 -0.252215 -0 0.681179 0.883271
0.175196 -0.252215 -0 0.681179 0.883271
0.167531 -0.26817 -0 0.69102 0.890778
0.210235 -0.302658 -0 0.698094 0.827512
0.167531 -0.26817 -0 0.69102 0.890778
0.201037 -0.321804 -0 0.70914 0.835684
0.210235 -0.302658 -0 0.698094 0.827512
0.210235 -0.302658 -0 0.698094 0.827512
0.201037 -0.321804 -0 0.70914 0.835684
0.245274 -0.353101 -0 0.711278 0.777503
0.201037 -0.321804 -0 0.70914 0.835684
0.234543 -0.375438 -0 0.723315 0.786165
0.245274 -0.353101 -0 0.711278 0.777503
0.245274 -0.353101 -0 0.711278 0.777503
0.234543 -0.375438 -0 0.723315 0.786165
0.280313 -0.403543 -0 0.7215 0.733229
0.234543 -0.375438 -0 0.723315 0.786165
0.268049 -0.429073 -0 0.73435 0.742237
0.280313 -0.403543 -0 0.7215 0.733229
0.280313 -0.403543 -0 0.7215 0.733229
0.268049 -0.429073 -0 0.73435 0.742237
0.315352 -0.453989 -0 0.729427 0.694299
0.268049 -0.429073 -0 0.73435 0.742237
0.301556 -0.482708 -0 0.742945 0.703544
0.315352 -0.453989 -0 0.729427 0.694299
0.11975 -0.0942276 -0 0.594263 0.993945
0.11975 -0.100886 -0 0.598723 0.993121
0.11975 -0.141341 -0 0.625275 0.987119
0.11975 -0.100886 -0 0.598723 0.993121
0.11975 -0.151329 -0 0.631669 0.98539
0.11975 -0.141341 -0 0.625275 0.987119
0.11975 -0.141341 -0 0.625275 0.987119
0.11975 -0.151329 -0 0.631669 0.98539
0.145905 -0.188455 -0 0.65106 0.938035
0.11975 -0.151329 -0 0.631669 0.98539
0.140157 -0.201772 -0 0.659746 0.944168
0.145905 -0.188455 -0 0.65106 0.938035
0.145905 -0.188455 -0 0.65106 0.938035
0.140157 -0.201772 -0 0.659746 0.944168
0.182381 -0.235569 -0 0.671008 0.876332
0.140157 -0.201772 -0 0.659746 0.944168
0.175196 -0.252215 -0 0.681179 0.883271
0.182381 -0.235569 -0 0.671008 0.876332
0.182381 -0.235569 -0 0.671008 0.876332
0.175196 -0.252215 -0 0.681179 0.883271
0.218857 -0.282683 -0 0.686701 0.819962
0.175196 -0.252215 -0 0.681179 0.883271
0.210235 -0.302658 -0 0.698094 0.827512
0.218857 -0.282683 -0 0.686701 0.819962
0.218857 -0.282683 -0 0.686701 0.819962
0.210235 -0.302658 -0 0.698094 0.827512
0.255333 -0.329796 -0 0.698885 0.769506
0.210235 -0.302658 -0 0.698094 0.827512
0.245274 -0.353101 -0 0.711278 0.777503
0.255333 -0.329796 -0 0.698885 0.769506
0.255333 -0.329796 -0 0.698885 0.769506
0.245274 -0.353101 -0 0.711278 0.777503
0.29181 -0.37691 -0 0.708292 0.724916
0.245274 -0.353101 -0 0.711278 0.777503
0.280313 -0.403543 -0 0.7215 0.733229
0.29181 -0.37691 -0 0.708292 0.724916
0.29181 -0.37691 -0 0.708292 0.724916
0.280313 -0.403543 -0 0.7215 0.733229
0.328286 -0.424023 -0 0.715553 0.685773
0.280313 -0.403543 -0 0.7215 0.733229
0.315352 -0.453989 -0 0.729427 0.694299
0.328286 -0.424023 -0 0.715553 0.685773
0.11975 -0.087311 -0 0.589607 0.99475
0.11975 -0.0942276 -0 0.594263 0.993945
0.11975 -0.130966 -0 0.618561 0.988815
0.11975 -0.0942276 -0 0.594263 0.993945
0.11975 -0.141341 -0 0.625275 0.987119
0.11975 -0.130966 -0 0.618561 0.988815
0.145905 -0.188455 -0 0.65106 0.938035
0.182381 -0.235569 -0 0.671008 0.876332
0.189066 -0.218277 -0 0.660528 0.869962
0.189066 -0.218277 -0 0.660528 0.869962
0.182381 -0.235569 -0 0.671008 0.876332
0.226878 -0.261933 -0 0.67498 0.813035
0.182381 -0.235569 -0 0.671008 0.876332
0.218857 -0.282683 -0 0.686701 0.819962
0.226878 -0.261933 -0 0.67498 0.813035
0.226878 -0.261933 -0 0.67498 0.813035
0.218857 -0.282683 -0 0.686701 0.819962
0.264693 -0.305588 -0 0.686155 0.762171
0.218857 -0.282683 -0 0.686701 0.819962
0.255333 -0.329796 -0 0.698885 0.769506
0.264693 -0.305588 -0 0.686155 0.762171
0.264693 -0.305588 -0 0.686155 0.762171
0.255333 -0.329796 -0 0.698885 0.769506
0.302505 -0.349243 -0 0.694744 0.717295
0.255333 -0.329796 -0 0.698885 0.769506
0.29181 -0.37691 -0 0.708292 0.724916
0.302505 -0.349243 -0 0.694744 0.717295
0.302505 -0.349243 -0 0.694744 0.717295
0.29181 -0.37691 -0 0.708292 0.724916
0.340319 -0.392899 -0 0.701342 0.677961
0.29181 -0.37691 -0 0.708292 0.724916
0.328286 -0.424023 -0 0.715553 0.685773
0.340319 -0.392899 -0 0.701342 0.677961
0.11975 -0.0801548 -0 0.584766 0.995526
0.11975 -0.087311 -0 0.589607 0.99475
0.11975 -0.120232 -0 0.611544 0.990458
0.11975 -0.087311 -0 0.589607 0.99475
0.11975 -0.130966 -0 0.618561 0.988815
0.11975 -0.120232 -0 0.611544 0.990458
0.195233 -0.200387 -0 0.649758 0.864161
0.189066 -0.218277 -0 0.660528 0.869962
0.234279 -0.240464 -0 0.662952 0.806729
0.189066 -0.218277 -0 0.660528 0.869962
0.226878 -0.261933 -0 0.67498 0.813035
0.234279 -0.240464 -0 0.662952 0.806729
0.234279 -0.240464 -0 0.662952 0.806729
0.226878 -0.261933 -0 0.67498 0.813035
0.273327 -0.280542 -0 0.67311 0.755497
0.226878 -0.261933 -0 0.67498 0.813035
0.264693 -0.305588 -0 0.686155 0.762171
0.273327 -0.280542 -0 0.67311 0.755497
0.273327 -0.280542 -0 0.67311 0.755497
0.264693 -0.305588 -0 0.686155 0.762171
0.312372 -0.320619 -0 0.680878 0.710362
0.264693 -0.305588 -0 0.686155 0.762171
0.302505 -0.349243 -0 0.694744 0.717295
0.312372 -0.320619 -0 0.680878 0.710362
0.312372 -0.320619 -0 0.680878 0.710362
0.302505 -0.349243 -0 0.694744 0.717295
0.35142 -0.360697 -0 0.686814 0.670859
0.302505 -0.349243 -0 0.694744 0.717295
0.340319 -0.392899 -0 0.701342 0.677961
0.35142 -0.360697 -0 0.686814 0.670859
0.195233 -0.200387 -0 0.649758 0.864161
0.234279 -0.240464 -0 0.662952 0.806729
0.241038 -0.218337 -0 0.650639 0.801043
0.241038 -0.218337 -0 0.650639 0.801043
0.234279 -0.240464 -0 0.662952 0.806729
0.28121 -0.254727 -0 0.659771 0.749479
0.234279 -0.240464 -0 0.662952 0.806729
0.273327 -0.280542 -0 0.67311 0.755497
0.28121 -0.254727 -0 0.659771 0.749479
0.28121 -0.254727 -0 0.659771 0.749479
0.273327 -0.280542 -0 0.67311 0.755497
0.321383 -0.291116 -0 0.666717 0.704117
0.273327 -0.280542 -0 0.67311 0.755497
0.312372 -0.320619 -0 0.680878 0.710362
0.321383 -0.291116 -0 0.666717 0.704117
0.321383 -0.291116 -0 0.666717 0.704117
0.312372 -0.320619 -0 0.680878 0.710362
0.361555 -0.327506 -0 0.671993 0.664465
0.312372 -0.320619 -0 0.680878 0.710362
0.35142 -0.360697 -0 0.686814 0.670859
0.361555 -0.327506 -0 0.671993 0.664465
0.247134 -0.195611 -0 0.638064 0.795978
0.241038 -0.218337 -0 0.650639 0.801043
0.288323 -0.228213 -0 0.646163 0.74412
0.241038 -0.218337 -0 0.650639 0.801043
0.28121 -0.254727 -0 0.659771 0.749479
0.288323 -0.228213 -0 0.646163 0.74412
0.288323 -0.228213 -0 0.646163 0.74412
0.28121 -0.254727 -0 0.659771 0.749479
0.329512 -0.260815 -0 0.652285 0.698556
0.28121 -0.254727 -0 0.659771 0.749479
0.321383 -0.291116 -0 0.666717 0.704117
0.329512 -0.260815 -0 0.652285 0.698556
0.329512 -0.260815 -0 0.652285 0.698556
0.321383 -0.291116 -0 0.666717 0.704117
0.370701 -0.293417 -0 0.656903 0.658776
0.321383 -0.291116 -0 0.666717 0.704117
0.361555 -0.327506 -0 0.671993 0.664465
0.370701 -0.293417 -0 0.656903 0.658776
0.247134 -0.195611 -0 0.638064 0.795978
0.288323 -0.228213 -0 0.646163 0.74412
0.294646 -0.201074 -0 0.632312 0.73942
0.294646 -0.201074 -0 0.632312 0.73942
0.288323 -0.228213 -0 0.646163 0.74412
0.33674 -0.229799 -0 0.637609 0.693681
0.288323 -0.228213 -0 0.646163 0.74412
0.329512 -0.260815 -0 0.652285 0.698556
0.33674 -0.229799 -0 0.637609 0.693681
0.33674 -0.229799 -0 0.637609 0.693681
0.329512 -0.260815 -0 0.652285 0.698556
0.378831 -0.258524 -0 0.641571 0.653793
0.329512 -0.260815 -0 0.652285 0.698556
0.370701 -0.293417 -0 0.656903 0.658776
0.378831 -0.258524 -0 0.641571 0.653793
0.378831 -0.258524 -0 0.641571 0.653793
0.370701 -0.293417 -0 0.656903 0.658776
0.420924 -0.287249 -0 0.64454 0.619077
0.294646 -0.201074 -0 0.632312 0.73942
0.33674 -0.229799 -0 0.637609 0.693681
0.343043 -0.198153 -0 0.622716 0.68949
0.343043 -0.198153 -0 0.622716 0.68949
0.33674 -0.229799 -0 0.637609 0.693681
0.385923 -0.222923 -0 0.626027 0.649515
0.33674 -0.229799 -0 0.637609 0.693681
0.378831 -0.258524 -0 0.641571 0.653793
0.385923 -0.222923 -0 0.626027 0.649515
0.385923 -0.222923 -0 0.626027 0.649515
0.378831 -0.258524 -0 0.641571 0.653793
0.428803 -0.247692 -0 0.628478 0.614755
0.378831 -0.258524 -0 0.641571 0.653793
0.420924 -0.287249 -0 0.64454 0.619077
0.428803 -0.247692 -0 0.628478 0.614755
0.343043 -0.198153 -0 0.622716 0.68949
0.385923 -0.222923 -0 0.626027 0.649515
0.391958 -0.18671 -0 0.6103 0.645942
0.391958 -0.18671 -0 0.6103 0.645942
0.385923 -0.222923 -0 0.626027 0.649515
0.435507 -0.207456 -0 0.612239 0.611152
0.385923 -0.222923 -0 0.626027 0.649515
0.428803 -0.247692 -0 0.628478 0.614755
0.435507 -0.207456 -0 0.612239 0.611152
0.378831 0.258524 -0 0.417656 0.658369
0.385923 0.222923 -0 0.433422 0.653461
0.420924 0.287249 -0 0.413776 0.624072
0.385923 0.222923 -0 0.433422 0.653461
0.428803 0.247692 -0 0.430032 0.619067
0.420924 0.287249 -0 0.413776 0.624072
0.329512 0.260815 -0 0.407488 0.70325
0.33674 0.229799 -0 0.422461 0.697828
0.370701 0.293417 -0 0.402053 0.663958
0.33674 0.229799 -0 0.422461 0.697828
0.378831 0.258524 -0 0.417656 0.658369
0.370701 0.293417 -0 0.402053 0.663958
0.370701 0.293417 -0 0.402053 0.663958
0.378831 0.258524 -0 0.417656 0.658369
0.411891 0.326019 -0 0.397679 0.629773
0.378831 0.258524 -0 0.417656 0.658369
0.420924 0.287249 -0 0.413776 0.624072
0.411891 0.326019 -0 0.397679 0.629773
0.28121 0.254727 -0 0.400307 0.754119
0.288323 0.228213 -0 0.41428 0.748311
0.321383 0.291116 -0 0.392712 0.709326
0.288323 0.228213 -0 0.41428 0.748311
0.329512 0.260815 -0 0.407488 0.70325
0.321383 0.291116 -0 0.392712 0.709326
0.321383 0.291116 -0 0.392712 0.709326
0.329512 0.260815 -0 0.407488 0.70325
0.361555 0.327506 -0 0.386645 0.670221
0.329512 0.260815 -0 0.407488 0.70325
0.370701 0.293417 -0 0.402053 0.663958
0.361555 0.327506 -0 0.386645 0.670221
0.361555 0.327506 -0 0.386645 0.670221
0.370701 0.293417 -0 0.402053 0.663958
0.401728 0.363895 -0 0.381771 0.63616
0.370701 0.293417 -0 0.402053 0.663958
0.411891 0.326019 -0 0.397679 0.629773
0.401728 0.363895 -0 0.381771 0.63616
0.234279 0.240464 -0 0.397103 0.811102
0.241038 0.218337 -0 0.409832 0.805073
0.273327 0.280542 -0 0.386561 0.760551
0.241038 0.218337 -0 0.409832 0.805073
0.28121 0.254727 -0 0.400307 0.754119
0.273327 0.280542 -0 0.386561 0.760551
0.273327 0.280542 -0 0.386561 0.760551
0.28121 0.254727 -0 0.400307 0.754119
0.312372 0.320619 -0 0.378162 0.71605
0.28121 0.254727 -0 0.400307 0.754119
0.321383 0.291116 -0 0.392712 0.709326
0.312372 0.320619 -0 0.378162 0.71605
0.312372 0.320619 -0 0.378162 0.71605
0.321383 0.291116 -0 0.392712 0.709326
0.35142 0.360697 -0 0.371461 0.677151
0.321383 0.291116 -0 0.392712 0.709326
0.361555 0.327506 -0 0.386645 0.670221
0.35142 0.360697 -0 0.371461 0.677151
0.11975 0.087311 -0 0.468795 0.99608
0.11975 0.0801548 -0 0.473693 0.996753
0.11975 0.130966 -0 0.439403 0.990736
0.11975 0.0801548 -0 0.473693 0.996753
0.11975 0.120232 -0 0.446541 0.99224
0.11975 0.130966 -0 0.439403 0.990736
0.226878 0.261933 -0 0.38462 0.817708
0.234279 0.240464 -0 0.397103 0.811102
0.264693 0.305588 -0 0.373069 0.767595
0.234279 0.240464 -0 0.397103 0.811102
0.273327 0.280542 -0 0.386561 0.760551
0.264693 0.305588 -0 0.373069 0.767595
0.264693 0.305588 -0 0.373069 0.767595
0.273327 0.280542 -0 0.386561 0.760551
0.302505 0.349243 -0 0.363869 0.723416
0.273327 0.280542 -0 0.386561 0.760551
0.312372 0.320619 -0 0.378162 0.71605
0.302505 0.349243 -0 0.363869 0.723416
0.302505 0.349243 -0 0.363869 0.723416
0.312372 0.320619 -0 0.378162 0.71605
0.340319 0.392899 -0 0.35653 0.684742
0.312372 0.320619 -0 0.378162 0.71605
0.35142 0.360697 -0 0.371461 0.677151
0.340319 0.392899 -0 0.35653 0.684742
0.11975 0.0942276 -0 0.464079 0.995373
0.11975 0.087311 -0 0.468795 0.99608
0.11975 0.141341 -0 0.432566 0.989169
0.11975 0.087311 -0 0.468795 0.99608
0.11975 0.130966 -0 0.439403 0.990736
0.11975 0.141341 -0 0.432566 0.989169
0.182381 0.235569 -0 0.388103 0.880356
0.189066 0.218277 -0 0.399062 0.873801
0.218857 0.282683 -0 0.37241 0.824889
0.189066 0.218277 -0 0.399062 0.873801
0.226878 0.261933 -0 0.38462 0.817708
0.218857 0.282683 -0 0.37241 0.824889
0.218857 0.282683 -0 0.37241 0.824889
0.226878 0.261933 -0 0.38462 0.817708
0.255333 0.329796 -0 0.359857 0.77525
0.226878 0.261933 -0 0.38462 0.817708
0.264693 0.305588 -0 0.373069 0.767595
0.255333 0.329796 -0 0.359857 0.77525
0.255333 0.329796 -0 0.359857 0.77525
0.264693 0.305588 -0 0.373069 0.767595
0.29181 0.37691 -0 0.349859 0.731416
0.264693 0.305588 -0 0.373069 0.767595
0.302505 0.349243 -0 0.363869 0.723416
0.29181 0.37691 -0 0.349859 0.731416
0.29181 0.37691 -0 0.349859 0.731416
0.302505 0.349243 -0 0.363869 0.723416
0.328286 0.424023 -0 0.341882 0.692988
0.302505 0.349243 -0 0.363869 0.723416
0.340319 0.392899 -0 0.35653 0.684742
0.328286 0.424023 -0 0.341882 0.692988
0.11975 0.100886 -0 0.459558 0.994642
0.11975 0.0942276 -0 0.464079 0.995373
0.11975 0.151329 -0 0.426047 0.987561
0.11975 0.0942276 -0 0.464079 0.995373
0.11975 0.141341 -0 0.432566 0.989169
0.11975 0.151329 -0 0.426047 0.987561
0.175196 0.252215 -0 0.377423 0.887432
0.182381 0.235569 -0 0.388103 0.880356
0.210235 0.302658 -0 0.360497 0.832638
0.182381 0.235569 -0 0.388103 0.880356
0.218857 0.282683 -0 0.37241 0.824889
0.210235 0.302658 -0 0.360497 0.832638
0.210235 0.302658 -0 0.360497 0.832638
0.218857 0.282683 -0 0.37241 0.824889
0.245274 0.353101 -0 0.346952 0.783508
0.218857 0.282683 -0 0.37241 0.824889
0.255333 0.329796 -0 0.359857 0.77525
0.245274 0.353101 -0 0.346952 0.783508
0.245274 0.353101 -0 0.346952 0.783508
0.255333 0.329796 -0 0.359857 0.77525
0.280313 0.403543 -0 0.336157 0.740047
0.255333 0.329796 -0 0.359857 0.77525
0.29181 0.37691 -0 0.349859 0.731416
0.280313 0.403543 -0 0.336157 0.740047
0.280313 0.403543 -0 0.336157 0.740047
0.29181 0.37691 -0 0.349859 0.731416
0.315352 0.453989 -0 0.327541 0.701884
0.29181 0.37691 -0 0.349859 0.731416
0.328286 0.424023 -0 0.341882 0.692988
0.315352 0.453989 -0 0.327541 0.701884
0.11975 0.107268 -0 0.455244 0.993894
0.11975 0.100886 -0 0.459558 0.994642
0.11975 0.160902 -0 0.419859 0.985931
0.11975 0.100886 -0 0.459558 0.994642
0.11975 0.151329 -0 0.426047 0.987561
0.11975 0.160902 -0 0.419859 0.985931
0.11975 0.160902 -0 0.419859 0.985931
0.11975 0.151329 -0 0.426047 0.987561
0.134025 0.214536 -0 0.389441 0.953917
0.167531 0.26817 -0 0.367044 0.895025
0.175196 0.252215 -0 0.377423 0.887432
0.201037 0.321804 -0 0.348903 0.840951
0.175196 0.252215 -0 0.377423 0.887432
0.210235 0.302658 -0 0.360497 0.832638
0.201037 0.321804 -0 0.348903 0.840951
0.201037 0.321804 -0 0.348903 0.840951
0.210235 0.302658 -0 0.360497 0.832638
0.234543 0.375438 -0 0.334376 0.792365
0.210235 0.302658 -0 0.360497 0.832638
0.245274 0.353101 -0 0.346952 0.783508
0.234543 0.375438 -0 0.334376 0.792365
0.234543 0.375438 -0 0.334376 0.792365
0.245274 0.353101 -0 0.346952 0.783508
0.268049 0.429073 -0 0.32279 0.749305
0.245274 0.353101 -0 0.346952 0.783508
0.280313 0.403543 -0 0.336157 0.740047
0.268049 0.429073 -0 0.32279 0.749305
0.268049 0.429073 -0 0.32279 0.749305
0.280313 0.403543 -0 0.336157 0.740047
0.301556 0.482708 -0 0.313535 0.711427
0.280313 0.403543 -0 0.336157 0.740047
0.315352 0.453989 -0 0.327541 0.701884
0.301556 0.482708 -0 0.313535 0.711427
0.11975 0.113356 -0 0.451147 0.99314
0.11975 0.107268 -0 0.455244 0.993894
0.11975 0.170034 -0 0.414014 0.984297
0.11975 0.107268 -0 0.455244 0.993894
0.11975 0.160902 -0 0.419859 0.985931
0.11975 0.170034 -0 0.414014 0.984297
0.11975 0.170034 -0 0.414014 0.984297
0.11975 0.160902 -0 0.419859 0.985931
0.127525 0.226712 -0 0.380841 0.961031
0.11975 0.160902 -0 0.419859 0.985931
0.134025 0.214536 -0 0.389441 0.953917
0.127525 0.226712 -0 0.380841 0.961031
0.127525 0.226712 -0 0.380841 0.961031
0.134025 0.214536 -0 0.389441 0.953917
0.159407 0.28339 -0 0.356986 0.903129
0.134025 0.214536 -0 0.389441 0.953917
0.167531 0.26817 -0 0.367044 0.895025
0.159407 0.28339 -0 0.356986 0.903129
0.159407 0.28339 -0 0.356986 0.903129
0.167531 0.26817 -0 0.367044 0.895025
0.191288 0.340068 -0 0.337651 0.849823
0.167531 0.26817 -0 0.367044 0.895025
0.201037 0.321804 -0 0.348903 0.840951
0.191288 0.340068 -0 0.337651 0.849823
0.191288 0.340068 -0 0.337651 0.849823
0.201037 0.321804 -0 0.348903 0.840951
0.22317 0.396746 -0 0.322154 0.801818
0.201037 0.321804 -0 0.348903 0.840951
0.234543 0.375438 -0 0.334376 0.792365
0.22317 0.396746 -0 0.322154 0.801818
0.22317 0.396746 -0 0.322154 0.801818
0.234543 0.375438 -0 0.334376 0.792365
0.255051 0.453424 -0 0.309781 0.759186
0.234543 0.375438 -0 0.334376 0.792365
0.268049 0.429073 -0 0.32279 0.749305
0.255051 0.453424 -0 0.309781 0.759186
0.255051 0.453424 -0 0.309781 0.759186
0.268049 0.429073 -0 0.32279 0.749305
0.286932 0.510101 -0 0.299886 0.721615
0.268049 0.429073 -0 0.32279 0.749305
0.301556 0.482708 -0 0.313535 0.711427
0.286932 0.510101 -0 0.299886 0.721615
0.11975 0.119133 -0 0.447276 0.992387
0.11975 0.113356 -0 0.451147 0.99314
0.11975 0.1787 -0 0.408522 0.982679
0.11975 0.113356 -0 0.451147 0.99314
0.11975 0.170034 -0 0.414014 0.984297
0.11975 0.1787 -0 0.408522 0.982679
0.11975 0.1787 -0 0.408522 0.982679
0.11975 0.170034 -0 0.414014 0.984297
0.120676 0.238267 -0 0.372549 0.968589
0.11975 0.170034 -0 0.414014 0.984297
0.127525 0.226712 -0 0.380841 0.961031
0.120676 0.238267 -0 0.372549 0.968589
0.120676 0.238267 -0 0.372549 0.968589
0.127525 0.226712 -0 0.380841 0.961031
0.150846 0.297833 -0 0.34727 0.911741
0.127525 0.226712 -0 0.380841 0.961031
0.159407 0.28339 -0 0.356986 0.903129
0.150846 0.297833 -0 0.34727 0.911741
0.150846 0.297833 -0 0.34727 0.911741
0.159407 0.28339 -0 0.356986 0.903129
0.181015 0.3574 -0 0.326762 0.859252
0.159407 0.28339 -0 0.356986 0.903129
0.191288 0.340068 -0 0.337651 0.849823
0.181015 0.3574 -0 0.326762 0.859252
0.181015 0.3574 -0 0.326762 0.859252
0.191288 0.340068 -0 0.337651 0.849823
0.211184 0.416965 -0 0.310306 0.811865
0.191288 0.340068 -0 0.337651 0.849823
0.22317 0.396746 -0 0.322154 0.801818
0.211184 0.416965 -0 0.310306 0.811865
0.211184 0.416965 -0 0.310306 0.811865
0.22317 0.396746 -0 0.322154 0.801818
0.241353 0.476532 -0 0.29715 0.769688
0.22317 0.396746 -0 0.322154 0.801818
0.255051 0.453424 -0 0.309781 0.759186
0.241353 0.476532 -0 0.29715 0.769688
0.241353 0.476532 -0 0.29715 0.769688
0.255051 0.453424 -0 0.309781 0.759186
0.271523 0.536099 -0 0.286615 0.732446
0.255051 0.453424 -0 0.309781 0.759186
0.286932 0.510101 -0 0.299886 0.721615
0.271523 0.536099 -0 0.286615 0.732446
0.11975 0.124584 -0 0.44364 0.991644
0.11975 0.119133 -0 0.447276 0.992387
0.11975 0.186876 -0 0.40339 0.981093
0.11975 0.119133 -0 0.447276 0.992387
0.11975 0.1787 -0 0.408522 0.982679
0.11975 0.186876 -0 0.40339 0.981093
0.11975 0.186876 -0 0.40339 0.981093
0.11975 0.1787 -0 0.408522 0.982679
0.11975 0.249168 -0 0.366034 0.967374
0.11975 0.1787 -0 0.408522 0.982679
0.120676 0.238267 -0 0.372549 0.968589
0.11975 0.249168 -0 0.366034 0.967374
0.11975 0.249168 -0 0.366034 0.967374
0.120676 0.238267 -0 0.372549 0.968589
0.141871 0.31146 -0 0.337914 0.920856
0.120676 0.238267 -0 0.372549 0.968589
0.150846 0.297833 -0 0.34727 0.911741
0.141871 0.31146 -0 0.337914 0.920856
0.141871 0.31146 -0 0.337914 0.920856
0.150846 0.297833 -0 0.34727 0.911741
0.170245 0.373752 -0 0.316256 0.869235
0.150846 0.297833 -0 0.34727 0.911741
0.181015 0.3574 -0 0.326762 0.859252
0.170245 0.373752 -0 0.316256 0.869235
0.170245 0.373752 -0 0.316256 0.869235
0.181015 0.3574 -0 0.326762 0.859252
0.19862 0.436042 -0 0.298852 0.822504
0.181015 0.3574 -0 0.326762 0.859252
0.211184 0.416965 -0 0.310306 0.811865
0.19862 0.436042 -0 0.298852 0.822504
0.19862 0.436042 -0 0.298852 0.822504
0.211184 0.416965 -0 0.310306 0.811865
0.226993 0.498334 -0 0.284918 0.780813
0.211184 0.416965 -0 0.310306 0.811865
0.241353 0.476532 -0 0.29715 0.769688
0.226993 0.498334 -0 0.284918 0.780813
0.226993 0.498334 -0 0.284918 0.780813
0.241353 0.476532 -0 0.29715 0.769688
0.255369 0.560627 -0 0.273743 0.743922
0.241353 0.476532 -0 0.29715 0.769688
0.271523 0.536099 -0 0.286615 0.732446
0.255369 0.560627 -0 0.273743 0.743922
0.11975 0.129693 -0 0.440246 0.99092
0.11975 0.124584 -0 0.44364 0.991644
0.11975 0.19454 -0 0.398626 0.979557
0.11975 0.124584 -0 0.44364 0.991644
0.11975 0.186876 -0 0.40339 0.981093
0.11975 0.19454 -0 0.398626 0.979557
0.11975 0.19454 -0 0.398626 0.979557
0.11975 0.186876 -0 0.40339 0.981093
0.11975 0.259387 -0 0.360218 0.964886
0.11975 0.186876 -0 0.40339 0.981093
0.11975 0.249168 -0 0.366034 0.967374
0.11975 0.259387 -0 0.360218 0.964886
0.11975 0.259387 -0 0.360218 0.964886
0.11975 0.249168 -0 0.366034 0.967374
0.132508 0.324233 -0 0.328937 0.930472
0.11975 0.249168 -0 0.366034 0.967374
0.141871 0.31146 -0 0.337914 0.920856
0.132508 0.324233 -0 0.328937 0.930472
0.132508 0.324233 -0 0.328937 0.930472
0.141871 0.31146 -0 0.337914 0.920856
0.159009 0.389079 -0 0.30615 0.87977
0.141871 0.31146 -0 0.337914 0.920856
0.170245 0.373752 -0 0.316256 0.869235
0.159009 0.389079 -0 0.30615 0.87977
0.159009 0.389079 -0 0.30615 0.87977
0.170245 0.373752 -0 0.316256 0.869235
0.185511 0.453925 -0 0.287812 0.833736
0.170245 0.373752 -0 0.316256 0.869235
0.19862 0.436042 -0 0.298852 0.822504
0.185511 0.453925 -0 0.287812 0.833736
0.185511 0.453925 -0 0.287812 0.833736
0.19862 0.436042 -0 0.298852 0.822504
0.212012 0.518774 -0 0.273103 0.792561
0.19862 0.436042 -0 0.298852 0.822504
0.226993 0.498334 -0 0.284918 0.780813
0.212012 0.518774 -0 0.273103 0.792561
0.212012 0.518774 -0 0.273103 0.792561
0.226993 0.498334 -0 0.284918 0.780813
0.238513 0.583619 -0 0.261286 0.756043
0.226993 0.498334 -0 0.284918 0.780813
0.255369 0.560627 -0 0.273743 0.743922
0.238513 0.583619 -0 0.261286 0.756043
0.11975 0.134447 -0 0.437102 0.990223
0.11975 0.129693 -0 0.440246 0.99092
0.11975 0.20167 -0 0.394234 0.978086
0.11975 0.129693 -0 0.440246 0.99092
0.11975 0.19454 -0 0.398626 0.979557
0.11975 0.20167 -0 0.394234 0.978086
0.11975 0.20167 -0 0.394234 0.978086
0.11975 0.19454 -0 0.398626 0.979557
0.11975 0.268894 -0 0.354889 0.962522
0.11975 0.19454 -0 0.398626 0.979557
0.11975 0.259387 -0 0.360218 0.964886
0.11975 0.268894 -0 0.354889 0.962522
0.11975 0.268894 -0 0.354889 0.962522
0.11975 0.259387 -0 0.360218 0.964886
0.122781 0.336118 -0 0.320357 0.940585
0.11975 0.259387 -0 0.360218 0.964886
0.132508 0.324233 -0 0.328937 0.930472
0.122781 0.336118 -0 0.320357 0.940585
0.122781 0.336118 -0 0.320357 0.940585
0.132508 0.324233 -0 0.328937 0.930472
0.147337 0.403339 -0 0.296464 0.890856
0.132508 0.324233 -0 0.328937 0.930472
0.159009 0.389079 -0 0.30615 0.87977
0.147337 0.403339 -0 0.296464 0.890856
0.147337 0.403339 -0 0.296464 0.890856
0.159009 0.389079 -0 0.30615 0.87977
0.171893 0.470565 -0 0.277201 0.845559
0.159009 0.389079 -0 0.30615 0.87977
0.185511 0.453925 -0 0.287812 0.833736
0.171893 0.470565 -0 0.277201 0.845559
0.171893 0.470565 -0 0.277201 0.845559
0.185511 0.453925 -0 0.287812 0.833736
0.196449 0.537787 -0 0.261722 0.804933
0.185511 0.453925 -0 0.287812 0.833736
0.212012 0.518774 -0 0.273103 0.792561
0.196449 0.537787 -0 0.261722 0.804933
0.196449 0.537787 -0 0.261722 0.804933
0.212012 0.518774 -0 0.273103 0.792561
0.221006 0.605012 -0 0.249262 0.768815
0.212012 0.518774 -0 0.273103 0.792561
0.238513 0.583619 -0 0.261286 0.756043
0.221006 0.605012 -0 0.249262 0.768815
0.11975 0.138832 -0 0.434214 0.989558
0.11975 0.134447 -0 0.437102 0.990223
0.11975 0.208248 -0 0.390218 0.976695
0.11975 0.134447 -0 0.437102 0.990223
0.11975 0.20167 -0 0.394234 0.978086
0.11975 0.208248 -0 0.390218 0.976695
0.11975 0.208248 -0 0.390218 0.976695
0.11975 0.20167 -0 0.394234 0.978086
0.11975 0.277664 -0 0.350045 0.960301
0.11975 0.20167 -0 0.394234 0.978086
0.11975 0.268894 -0 0.354889 0.962522
0.11975 0.277664 -0 0.350045 0.960301
0.11975 0.277664 -0 0.350045 0.960301
0.11975 0.268894 -0 0.354889 0.962522
0.11975 0.34708 -0 0.314143 0.941673
0.11975 0.268894 -0 0.354889 0.962522
0.122781 0.336118 -0 0.320357 0.940585
0.11975 0.34708 -0 0.314143 0.941673
0.11975 0.34708 -0 0.314143 0.941673
0.122781 0.336118 -0 0.320357 0.940585
0.135261 0.416496 -0 0.287214 0.902492
0.122781 0.336118 -0 0.320357 0.940585
0.147337 0.403339 -0 0.296464 0.890856
0.135261 0.416496 -0 0.287214 0.902492
0.135261 0.416496 -0 0.287214 0.902492
0.147337 0.403339 -0 0.296464 0.890856
0.157805 0.485914 -0 0.267039 0.857978
0.147337 0.403339 -0 0.296464 0.890856
0.171893 0.470565 -0 0.277201 0.845559
0.157805 0.485914 -0 0.267039 0.857978
0.157805 0.485914 -0 0.267039 0.857978
0.171893 0.470565 -0 0.277201 0.845559
0.180348 0.555328 -0 0.250792 0.817934
0.171893 0.470565 -0 0.277201 0.845559
0.196449 0.537787 -0 0.261722 0.804933
0.180348 0.555328 -0 0.250792 0.817934
0.180348 0.555328 -0 0.250792 0.817934
0.196449 0.537787 -0 0.261722 0.804933
0.202892 0.624746 -0 0.237686 0.782243
0.196449 0.537787 -0 0.261722 0.804933
0.221006 0.605012 -0 0.249262 0.768815
0.202892 0.624746 -0 0.237686 0.782243
0.11975 0.142837 -0 0.431586 0.988935
0.11975 0.138832 -0 0.434214 0.989558
0.11975 0.214255 -0 0.38658 0.975397
0.11975 0.138832 -0 0.434214 0.989558
0.11975 0.208248 -0 0.390218 0.976695
0.11975 0.214255 -0 0.38658 0.975397
0.11975 0.214255 -0 0.38658 0.975397
0.11975 0.208248 -0 0.390218 0.976695
0.11975 0.285674 -0 0.345681 0.958242
0.11975 0.208248 -0 0.390218 0.976695
0.11975 0.277664 -0 0.350045 0.960301
0.11975 0.285674 -0 0.345681 0.958242
0.11975 0.285674 -0 0.345681 0.958242
0.11975 0.277664 -0 0.350045 0.960301
0.11975 0.357092 -0 0.309323 0.938872
0.11975 0.277664 -0 0.350045 0.960301
0.11975 0.34708 -0 0.314143 0.941673
0.11975 0.357092 -0 0.309323 0.938872
0.11975 0.357092 -0 0.309323 0.938872
0.11975 0.34708 -0 0.314143 0.941673
0.122815 0.428512 -0 0.278418 0.914678
0.11975 0.34708 -0 0.314143 0.941673
0.135261 0.416496 -0 0.287214 0.902492
0.122815 0.428512 -0 0.278418 0.914678
0.122815 0.428512 -0 0.278418 0.914678
0.135261 0.416496 -0 0.287214 0.902492
0.143284 0.499929 -0 0.25734 0.870993
0.135261 0.416496 -0 0.287214 0.902492
0.157805 0.485914 -0 0.267039 0.857978
0.143284 0.499929 -0 0.25734 0.870993
0.143284 0.499929 -0 0.25734 0.870993
0.157805 0.485914 -0 0.267039 0.857978
0.163753 0.571347 -0 0.240328 0.831569
0.157805 0.485914 -0 0.267039 0.857978
0.180348 0.555328 -0 0.250792 0.817934
0.163753 0.571347 -0 0.240328 0.831569
0.163753 0.571347 -0 0.240328 0.831569
0.180348 0.555328 -0 0.250792 0.817934
0.184222 0.642765 -0 0.226571 0.796332
0.180348 0.555328 -0 0.250792 0.817934
0.202892 0.624746 -0 0.237686 0.782243
0.184222 0.642765 -0 0.226571 0.796332
0.11975 0.14645 -0 0.429224 0.988359
0.11975 0.142837 -0 0.431586 0.988935
0.11975 0.219675 -0 0.383324 0.974204
0.11975 0.142837 -0 0.431586 0.988935
0.11975 0.214255 -0 0.38658 0.975397
0.11975 0.219675 -0 0.383324 0.974204
0.11975 0.219675 -0 0.383324 0.974204
0.11975 0.214255 -0 0.38658 0.975397
0.11975 0.2929 -0 0.341793 0.956361
0.11975 0.214255 -0 0.38658 0.975397
0.11975 0.285674 -0 0.345681 0.958242
0.11975 0.2929 -0 0.341793 0.956361
0.11975 0.2929 -0 0.341793 0.956361
0.11975 0.285674 -0 0.345681 0.958242
0.11975 0.366125 -0 0.305051 0.936329
0.11975 0.285674 -0 0.345681 0.958242
0.11975 0.357092 -0 0.309323 0.938872
0.11975 0.366125 -0 0.305051 0.936329
0.11975 0.366125 -0 0.305051 0.936329
0.11975 0.357092 -0 0.309323 0.938872
0.11975 0.439348 -0 0.273037 0.915377
0.11975 0.357092 -0 0.309323 0.938872
0.122815 0.428512 -0 0.278418 0.914678
0.11975 0.439348 -0 0.273037 0.915377
0.11975 0.439348 -0 0.273037 0.915377
0.122815 0.428512 -0 0.278418 0.914678
0.12837 0.512574 -0 0.248121 0.884607
0.122815 0.428512 -0 0.278418 0.914678
0.143284 0.499929 -0 0.25734 0.870993
0.12837 0.512574 -0 0.248121 0.884607
0.12837 0.512574 -0 0.248121 0.884607
0.143284 0.499929 -0 0.25734 0.870993
0.146709 0.585799 -0 0.230344 0.845843
0.143284 0.499929 -0 0.25734 0.870993
0.163753 0.571347 -0 0.240328 0.831569
0.146709 0.585799 -0 0.230344 0.845843
0.146709 0.585799 -0 0.230344 0.845843
0.163753 0.571347 -0 0.240328 0.831569
0.165047 0.659025 -0 0.215933 0.811092
0.163753 0.571347 -0 0.240328 0.831569
0.184222 0.642765 -0 0.226571 0.796332
0.165047 0.659025 -0 0.215933 0.811092
0.165047 0.659025 -0 0.215933 0.811092
0.184222 0.642765 -0 0.226571 0.796332
0.183386 0.73225 -0 0.204192 0.780101
0.11975 0.149662 -0 0.427131 0.987836
0.11975 0.14645 -0 0.429224 0.988359
0.11975 0.224493 -0 0.380449 0.973127
0.11975 0.14645 -0 0.429224 0.988359
0.11975 0.219675 -0 0.383324 0.974204
0.11975 0.224493 -0 0.380449 0.973127
0.11975 0.224493 -0 0.380449 0.973127
0.11975 0.219675 -0 0.383324 0.974204
0.11975 0.299324 -0 0.338376 0.95467
0.11975 0.219675 -0 0.383324 0.974204
0.11975 0.2929 -0 0.341793 0.956361
0.11975 0.299324 -0 0.338376 0.95467
0.11975 0.299324 -0 0.338376 0.95467
0.11975 0.2929 -0 0.341793 0.956361
0.11975 0.374155 -0 0.301315 0.934056
0.11975 0.2929 -0 0.341793 0.956361
0.11975 0.366125 -0 0.305051 0.936329
0.11975 0.374155 -0 0.301315 0.934056
0.11975 0.374155 -0 0.301315 0.934056
0.11975 0.366125 -0 0.305051 0.936329
0.11975 0.448987 -0 0.269159 0.912605
0.11975 0.366125 -0 0.305051 0.936329
0.11975 0.439348 -0 0.273037 0.915377
0.11975 0.448987 -0 0.269159 0.912605
0.11975 0.448987 -0 0.269159 0.912605
0.11975 0.439348 -0 0.273037 0.915377
0.11975 0.523816 -0 0.241498 0.891279
0.11975 0.439348 -0 0.273037 0.915377
0.12837 0.512574 -0 0.248121 0.884607
0.11975 0.523816 -0 0.241498 0.891279
0.11975 0.523816 -0 0.241498 0.891279
0.12837 0.512574 -0 0.248121 0.884607
0.129262 0.598648 -0 0.220857 0.860762
0.12837 0.512574 -0 0.248121 0.884607
0.146709 0.585799 -0 0.230344 0.845843
0.129262 0.598648 -0 0.220857 0.860762
0.129262 0.598648 -0 0.220857 0.860762
0.146709 0.585799 -0 0.230344 0.845843
0.14542 0.673477 -0 0.205786 0.826532
0.146709 0.585799 -0 0.230344 0.845843
0.165047 0.659025 -0 0.215933 0.811092
0.14542 0.673477 -0 0.205786 0.826532
0.14542 0.673477 -0 0.205786 0.826532
0.165047 0.659025 -0 0.215933 0.811092
0.161578 0.748309 -0 0.193475 0.79592
0.165047 0.659025 -0 0.215933 0.811092
0.183386 0.73225 -0 0.204192 0.780101
0.161578 0.748309 -0 0.193475 0.79592
0.11975 0.152464 -0 0.42531 0.987373
0.11975 0.149662 -0 0.427131 0.987836
0.11975 0.228695 -0 0.377958 0.972174
0.11975 0.149662 -0 0.427131 0.987836
0.11975 0.224493 -0 0.380449 0.973127
0.11975 0.228695 -0 0.377958 0.972174
0.11975 0.228695 -0 0.377958 0.972174
0.11975 0.224493 -0 0.380449 0.973127
0.11975 0.304927 -0 0.335426 0.953183
0.11975 0.224493 -0 0.380449 0.973127
0.11975 0.299324 -0 0.338376 0.95467
0.11975 0.304927 -0 0.335426 0.953183
0.11975 0.304927 -0 0.335426 0.953183
0.11975 0.299324 -0 0.338376 0.95467
0.11975 0.381159 -0 0.298102 0.932066
0.11975 0.299324 -0 0.338376 0.95467
0.11975 0.374155 -0 0.301315 0.934056
0.11975 0.381159 -0 0.298102 0.932066
0.11975 0.381159 -0 0.298102 0.932066
0.11975 0.374155 -0 0.301315 0.934056
0.11975 0.457391 -0 0.265838 0.91019
0.11975 0.374155 -0 0.301315 0.934056
0.11975 0.448987 -0 0.269159 0.912605
0.11975 0.457391 -0 0.265838 0.91019
0.11975 0.457391 -0 0.265838 0.91019
0.11975 0.448987 -0 0.269159 0.912605
0.11975 0.533623 -0 0.238178 0.888531
0.11975 0.448987 -0 0.269159 0.912605
0.11975 0.523816 -0 0.241498 0.891279
0.11975 0.533623 -0 0.238178 0.888531
0.11975 0.533623 -0 0.238178 0.888531
0.11975 0.523816 -0 0.241498 0.891279
0.11975 0.609854 -0 0.21454 0.86771
0.11975 0.523816 -0 0.241498 0.891279
0.129262 0.598648 -0 0.220857 0.860762
0.11975 0.609854 -0 0.21454 0.86771
0.11975 0.609854 -0 0.21454 0.86771
0.129262 0.598648 -0 0.220857 0.860762
0.125394 0.686085 -0 0.196145 0.842662
0.129262 0.598648 -0 0.220857 0.860762
0.14542 0.673477 -0 0.205786 0.826532
0.125394 0.686085 -0 0.196145 0.842662
0.125394 0.686085 -0 0.196145 0.842662
0.14542 0.673477 -0 0.205786 0.826532
0.139327 0.762316 -0 0.183253 0.812459
0.14542 0.673477 -0 0.205786 0.826532
0.161578 0.748309 -0 0.193475 0.79592
0.139327 0.762316 -0 0.183253 0.812459
0.11975 0.0774235 -0 0.475568 0.996995
0.11975 0.0762316 -0 0.476386 0.997097
0.11975 0.154847 -0 0.423766 0.986973
0.11975 0.0762316 -0 0.476386 0.997097
0.11975 0.152464 -0 0.42531 0.987373
0.11975 0.154847 -0 0.423766 0.986973
0.11975 0.154847 -0 0.423766 0.986973
0.11975 0.152464 -0 0.42531 0.987373
0.11975 0.232271 -0 0.37585 0.971354
0.11975 0.152464 -0 0.42531 0.987373
0.11975 0.228695 -0 0.377958 0.972174
0.11975 0.232271 -0 0.37585 0.971354
0.11975 0.232271 -0 0.37585 0.971354
0.11975 0.228695 -0 0.377958 0.972174
0.11975 0.309694 -0 0.332939 0.951909
0.11975 0.228695 -0 0.377958 0.972174
0.11975 0.304927 -0 0.335426 0.953183
0.11975 0.309694 -0 0.332939 0.951909
0.11975 0.309694 -0 0.332939 0.951909
0.11975 0.304927 -0 0.335426 0.953183
0.11975 0.387118 -0 0.295402 0.930369
0.11975 0.304927 -0 0.335426 0.953183
0.11975 0.381159 -0 0.298102 0.932066
0.11975 0.387118 -0 0.295402 0.930369
0.11975 0.387118 -0 0.295402 0.930369
0.11975 0.381159 -0 0.298102 0.932066
0.11975 0.464541 -0 0.263056 0.908136
0.11975 0.381159 -0 0.298102 0.932066
0.11975 0.457391 -0 0.265838 0.91019
0.11975 0.464541 -0 0.263056 0.908136
0.11975 0.464541 -0 0.263056 0.908136
0.11975 0.457391 -0 0.265838 0.91019
0.11975 0.541967 -0 0.235407 0.886203
0.11975 0.457391 -0 0.265838 0.91019
0.11975 0.533623 -0 0.238178 0.888531
0.11975 0.541967 -0 0.235407 0.886203
0.11975 0.541967 -0 0.235407 0.886203
0.11975 0.533623 -0 0.238178 0.888531
0.11975 0.619388 -0 0.211836 0.865184
0.11975 0.533623 -0 0.238178 0.888531
0.11975 0.609854 -0 0.21454 0.86771
0.11975 0.619388 -0 0.211836 0.865184
0.11975 0.619388 -0 0.211836 0.865184
0.11975 0.609854 -0 0.21454 0.86771
0.11975 0.696814 -0 0.191725 0.845415
0.11975 0.609854 -0 0.21454 0.86771
0.125394 0.686085 -0 0.196145 0.842662
0.11975 0.696814 -0 0.191725 0.845415
0.11975 0.696814 -0 0.191725 0.845415
0.125394 0.686085 -0 0.196145 0.842662
0.11975 0.774235 -0 0.174511 0.827036
0.125394 0.686085 -0 0.196145 0.842662
0.139327 0.762316 -0 0.183253 0.812459
0.11975 0.774235 -0 0.174511 0.827036
0.11975 0.0784034 -0 0.474895 0.996909
0.11975 0.0774235 -0 0.475568 0.996995
0.11975 0.156806 -0 0.422499 0.986639
0.11975 0.0774235 -0 0.475568 0.996995
0.11975 0.154847 -0 0.423766 0.986973
0.11975 0.156806 -0 0.422499 0.986639
0.11975 0.156806 -0 0.422499 0.986639
0.11975 0.154847 -0 0.423766 0.986973
0.11975 0.23521 -0 0.374125 0.970674
0.11975 0.154847 -0 0.423766 0.986973
0.11975 0.232271 -0 0.37585 0.971354
0.11975 0.23521 -0 0.374125 0.970674
0.11975 0.23521 -0 0.374125 0.970674
0.11975 0.232271 -0 0.37585 0.971354
0.11975 0.313613 -0 0.330909 0.950856
0.11975 0.232271 -0 0.37585 0.971354
0.11975 0.309694 -0 0.332939 0.951909
0.11975 0.313613 -0 0.330909 0.950856
0.11975 0.313613 -0 0.330909 0.950856
0.11975 0.309694 -0 0.332939 0.951909
0.11975 0.392016 -0 0.293206 0.92897
0.11975 0.309694 -0 0.332939 0.951909
0.11975 0.387118 -0 0.295402 0.930369
0.11975 0.392016 -0 0.293206 0.92897
0.11975 0.392016 -0 0.293206 0.92897
0.11975 0.387118 -0 0.295402 0.930369
0.11975 0.47042 -0 0.2608 0.906451
0.11975 0.387118 -0 0.295402 0.930369
0.11975 0.464541 -0 0.263056 0.908136
0.11975 0.47042 -0 0.2608 0.906451
0.11975 0.47042 -0 0.2608 0.906451
0.11975 0.464541 -0 0.263056 0.908136
0.11975 0.548824 -0 0.233164 0.884298
0.11975 0.464541 -0 0.263056 0.908136
0.11975 0.541967 -0 0.235407 0.886203
0.11975 0.548824 -0 0.233164 0.884298
0.11975 0.548824 -0 0.233164 0.884298
0.11975 0.541967 -0 0.235407 0.886203
0.11975 0.627227 -0 0.209653 0.863123
0.11975 0.541967 -0 0.235407 0.886203
0.11975 0.619388 -0 0.211836 0.865184
0.11975 0.627227 -0 0.209653 0.863123
0.11975 0.627227 -0 0.209653 0.863123
0.11975 0.619388 -0 0.211836 0.865184
0.11975 0.705631 -0 0.189629 0.84325
0.11975 0.619388 -0 0.211836 0.865184
0.11975 0.696814 -0 0.191725 0.845415
0.11975 0.705631 -0 0.189629 0.84325
0.11975 0.705631 -0 0.189629 0.84325
0.11975 0.696814 -0 0.191725 0.845415
0.11975 0.784034 -0 0.172514 0.824812
0.11975 0.696814 -0 0.191725 0.845415
0.11975 0.774235 -0 0.174511 0.827036
0.11975 0.784034 -0 0.172514 0.824812
0.11975 0.784034 -0 0.172514 0.824812
0.11975 0.774235 -0 0.174511 0.827036
0.11975 0.862434 -0 0.157813 0.80782
