-0.110752 0.0774235 -0 0.542434 0.998255
-0.110752 0.0784034 -0 0.543104 0.998189
-0.110752 0.154847 -0 0.593941 0.989708
-0.110752 0.0784034 -0 0.543104 0.998189
-0.110752 0.156806 -0 0.595198 0.989411
-0.110752 0.154847 -0 0.593941 0.989708
-0.110752 0.154847 -0 0.593941 0.989708
-0.110752 0.156806 -0 0.595198 0.989411
-0.110752 0.232271 -0 0.641394 0.975428
-0.110752 0.156806 -0 0.595198 0.989411
-0.110752 0.23521 -0 0.6431 0.974796
-0.110752 0.232271 -0 0.641394 0.975428
-0.110752 0.232271 -0 0.641394 0.975428
-0.110752 0.23521 -0 0.6431 0.974796
-0.110752 0.309694 -0 0.683775 0.95716
-0.110752 0.23521 -0 0.6431 0.974796
-0.110752 0.313613 -0 0.685777 0.956162
-0.110752 0.309694 -0 0.683775 0.95716
-0.110752 0.309694 -0 0.683775 0.95716
-0.110752 0.313613 -0 0.685777 0.956162
-0.110752 0.387118 -0 0.720789 0.936613
-0.110752 0.313613 -0 0.685777 0.956162
-0.110752 0.392016 -0 0.722954 0.935271
-0.110752 0.387118 -0 0.720789 0.936613
-0.110752 0.387118 -0 0.720789 0.936613
-0.110752 0.392016 -0 0.722954 0.935271
-0.110752 0.464541 -0 0.752666 0.915181
-0.110752 0.392016 -0 0.722954 0.935271
-0.110752 0.47042 -0 0.75489 0.913549
-0.110752 0.464541 -0 0.752666 0.915181
-0.110752 0.464541 -0 0.752666 0.915181
-0.110752 0.47042 -0 0.75489 0.913549
-0.110752 0.541967 -0 0.779917 0.893858
-0.110752 0.47042 -0 0.75489 0.913549
-0.110752 0.548824 -0 0.782127 0.891998
-0.110752 0.541967 -0 0.779917 0.893858
-0.110752 0.541967 -0 0.779917 0.893858
-0.110752 0.548824 -0 0.782127 0.891998
-0.110752 0.619388 -0 0.803156 0.873277
-0.110752 0.548824 -0 0.782127 0.891998
-0.110752 0.627227 -0 0.805309 0.87125
-0.110752 0.619388 -0 0.803156 0.873277
-0.110752 0.619388 -0 0.803156 0.873277
-0.110752 0.627227 -0 0.805309 0.87125
-0.110752 0.696814 -0 0.822995 0.853796
-0.110752 0.627227 -0 0.805309 0.87125
-0.110752 0.705631 -0 0.825064 0.851657
-0.110752 0.696814 -0 0.822995 0.853796
-0.110752 0.696814 -0 0.822995 0.853796
-0.110752 0.705631 -0 0.825064 0.851657
-0.116694 0.774235 -0 0.83826 0.830171
-0.110752 0.705631 -0 0.825064 0.851657
-0.110752 0.784034 -0 0.841958 0.833376
-0.116694 0.774235 -0 0.83826 0.830171
-0.110752 0.0774235 -0 0.542434 0.998255
-0.110752 0.154847 -0 0.593941 0.989708
-0.110752 0.152464 -0 0.592408 0.990065
-0.110752 0.152464 -0 0.592408 0.990065
-0.110752 0.154847 -0 0.593941 0.989708
-0.110752 0.228695 -0 0.63931 0.976189
-0.110752 0.154847 -0 0.593941 0.989708
-0.110752 0.232271 -0 0.641394 0.975428
-0.110752 0.228695 -0 0.63931 0.976189
-0.110752 0.228695 -0 0.63931 0.976189
-0.110752 0.232271 -0 0.641394 0.975428
-0.110752 0.304927 -0 0.68132 0.958367
-0.110752 0.232271 -0 0.641394 0.975428
-0.110752 0.309694 -0 0.683775 0.95716
-0.110752 0.304927 -0 0.68132 0.958367
-0.110752 0.304927 -0 0.68132 0.958367
-0.110752 0.309694 -0 0.683775 0.95716
-0.110752 0.381159 -0 0.718128 0.938242
-0.110752 0.309694 -0 0.683775 0.95716
-0.110752 0.387118 -0 0.720789 0.936613
-0.110752 0.381159 -0 0.718128 0.938242
-0.110752 0.381159 -0 0.718128 0.938242
-0.110752 0.387118 -0 0.720789 0.936613
-0.110752 0.457391 -0 0.749925 0.917169
-0.110752 0.387118 -0 0.720789 0.936613
-0.110752 0.464541 -0 0.752666 0.915181
-0.110752 0.457391 -0 0.749925 0.917169
-0.110752 0.457391 -0 0.749925 0.917169
-0.110752 0.464541 -0 0.752666 0.915181
-0.110752 0.533623 -0 0.777184 0.896128
-0.110752 0.464541 -0 0.752666 0.915181
-0.110752 0.541967 -0 0.779917 0.893858
-0.110752 0.533623 -0 0.777184 0.896128
-0.110752 0.533623 -0 0.777184 0.896128
-0.110752 0.541967 -0 0.779917 0.893858
-0.111461 0.609854 -0 0.800285 0.874997
-0.110752 0.541967 -0 0.779917 0.893858
-0.110752 0.619388 -0 0.803156 0.873277
-0.111461 0.609854 -0 0.800285 0.874997
-0.111461 0.609854 -0 0.800285 0.874997
-0.110752 0.619388 -0 0.803156 0.873277
-0.125394 0.686085 -0 0.816131 0.841959
-0.110752 0.619388 -0 0.803156 0.873277
-0.110752 0.696814 -0 0.822995 0.853796
-0.125394 0.686085 -0 0.816131 0.841959
-0.125394 0.686085 -0 0.816131 0.841959
-0.110752 0.696814 -0 0.822995 0.853796
-0.139327 0.762316 -0 0.829116 0.812239
-0.110752 0.696814 -0 0.822995 0.853796
-0.116694 0.774235 -0 0.83826 0.830171
-0.139327 0.762316 -0 0.829116 0.812239
-0.110752 0.149662 -0 0.590602 0.990478
-0.110752 0.152464 -0 0.592408 0.990065
-0.110752 0.224493 -0 0.636846 0.977073
-0.110752 0.152464 -0 0.592408 0.990065
-0.110752 0.228695 -0 0.63931 0.976189
-0.110752 0.224493 -0 0.636846 0.977073
-0.110752 0.224493 -0 0.636846 0.977073
-0.110752 0.228695 -0 0.63931 0.976189
-0.110752 0.299324 -0 0.678409 0.959774
-0.110752 0.228695 -0 0.63931 0.976189
-0.110752 0.304927 -0 0.68132 0.958367
-0.110752 0.299324 -0 0.678409 0.959774
-0.110752 0.299324 -0 0.678409 0.959774
-0.110752 0.304927 -0 0.68132 0.958367
-0.110752 0.374155 -0 0.714961 0.940148
-0.110752 0.304927 -0 0.68132 0.958367
-0.110752 0.381159 -0 0.718128 0.938242
-0.110752 0.374155 -0 0.714961 0.940148
-0.110752 0.374155 -0 0.714961 0.940148
-0.110752 0.381159 -0 0.718128 0.938242
-0.110752 0.448987 -0 0.746652 0.919505
-0.110752 0.381159 -0 0.718128 0.938242
-0.110752 0.457391 -0 0.749925 0.917169
-0.110752 0.448987 -0 0.746652 0.919505
-0.110752 0.448987 -0 0.746652 0.919505
-0.110752 0.457391 -0 0.749925 0.917169
-0.113104 0.523816 -0 0.773254 0.896064
-0.110752 0.457391 -0 0.749925 0.917169
-0.110752 0.533623 -0 0.777184 0.896128
-0.113104 0.523816 -0 0.773254 0.896064
-0.113104 0.523816 -0 0.773254 0.896064
-0.110752 0.533623 -0 0.777184 0.896128
-0.129262 0.598648 -0 0.791895 0.8588
-0.110752 0.533623 -0 0.777184 0.896128
-0.111461 0.609854 -0 0.800285 0.874997
-0.129262 0.598648 -0 0.791895 0.8588
-0.129262 0.598648 -0 0.791895 0.8588
-0.111461 0.609854 -0 0.800285 0.874997
-0.14542 0.673477 -0 0.807042 0.8252
-0.111461 0.609854 -0 0.800285 0.874997
-0.125394 0.686085 -0 0.816131 0.841959
-0.14542 0.673477 -0 0.807042 0.8252
-0.14542 0.673477 -0 0.807042 0.8252
-0.125394 0.686085 -0 0.816131 0.841959
-0.161578 0.748309 -0 0.819413 0.795075
-0.125394 0.686085 -0 0.816131 0.841959
-0.139327 0.762316 -0 0.829116 0.812239
-0.161578 0.748309 -0 0.819413 0.795075
-0.110752 0.14645 -0 0.588525 0.990941
-0.110752 0.149662 -0 0.590602 0.990478
-0.110752 0.219675 -0 0.634003 0.97807
-0.110752 0.149662 -0 0.590602 0.990478
-0.110752 0.224493 -0 0.636846 0.977073
-0.110752 0.219675 -0 0.634003 0.97807
-0.110752 0.219675 -0 0.634003 0.97807
-0.110752 0.224493 -0 0.636846 0.977073
-0.110752 0.2929 -0 0.675037 0.961371
-0.110752 0.224493 -0 0.636846 0.977073
-0.110752 0.299324 -0 0.678409 0.959774
-0.110752 0.2929 -0 0.675037 0.961371
-0.110752 0.2929 -0 0.675037 0.961371
-0.110752 0.299324 -0 0.678409 0.959774
-0.110752 0.366125 -0 0.711277 0.942323
-0.110752 0.299324 -0 0.678409 0.959774
-0.110752 0.374155 -0 0.714961 0.940148
-0.110752 0.366125 -0 0.711277 0.942323
-0.110752 0.366125 -0 0.711277 0.942323
-0.110752 0.374155 -0 0.714961 0.940148
-0.110752 0.439348 -0 0.742831 0.922183
-0.110752 0.374155 -0 0.714961 0.940148
-0.110752 0.448987 -0 0.746652 0.919505
-0.110752 0.439348 -0 0.742831 0.922183
-0.110752 0.439348 -0 0.742831 0.922183
-0.110752 0.448987 -0 0.746652 0.919505
-0.12837 0.512574 -0 0.765111 0.881249
-0.110752 0.448987 -0 0.746652 0.919505
-0.113104 0.523816 -0 0.773254 0.896064
-0.12837 0.512574 -0 0.765111 0.881249
-0.12837 0.512574 -0 0.765111 0.881249
-0.113104 0.523816 -0 0.773254 0.896064
-0.146709 0.585799 -0 0.782957 0.843274
-0.113104 0.523816 -0 0.773254 0.896064
-0.129262 0.598648 -0 0.791895 0.8588
-0.146709 0.585799 -0 0.782957 0.843274
-0.146709 0.585799 -0 0.782957 0.843274
-0.129262 0.598648 -0 0.791895 0.8588
-0.165047 0.659025 -0 0.797409 0.809158
-0.129262 0.598648 -0 0.791895 0.8588
-0.14542 0.673477 -0 0.807042 0.8252
-0.165047 0.659025 -0 0.797409 0.809158
-0.165047 0.659025 -0 0.797409 0.809158
-0.14542 0.673477 -0 0.807042 0.8252
-0.183386 0.73225 -0 0.809174 0.778664
-0.14542 0.673477 -0 0.807042 0.8252
-0.161578 0.748309 -0 0.819413 0.795075
-0.183386 0.73225 -0 0.809174 0.778664
-0.110752 0.142837 -0 0.58618 0.991451
-0.110752 0.14645 -0 0.588525 0.990941
-0.110752 0.214255 -0 0.630781 0.979173
-0.110752 0.14645 -0 0.588525 0.990941
-0.110752 0.219675 -0 0.634003 0.97807
-0.110752 0.214255 -0 0.630781 0.979173
-0.110752 0.214255 -0 0.630781 0.979173
-0.110752 0.219675 -0 0.634003 0.97807
-0.110752 0.285674 -0 0.671199 0.963147
-0.110752 0.219675 -0 0.634003 0.97807
-0.110752 0.2929 -0 0.675037 0.961371
-0.110752 0.285674 -0 0.671199 0.963147
-0.110752 0.285674 -0 0.671199 0.963147
-0.110752 0.2929 -0 0.675037 0.961371
-0.110752 0.357092 -0 0.707066 0.944754
-0.110752 0.2929 -0 0.675037 0.961371
-0.110752 0.366125 -0 0.711277 0.942323
-0.110752 0.357092 -0 0.707066 0.944754
-0.110752 0.357092 -0 0.707066 0.944754
-0.110752 0.366125 -0 0.711277 0.942323
-0.122815 0.428512 -0 0.735272 0.909796
-0.110752 0.366125 -0 0.711277 0.942323
-0.110752 0.439348 -0 0.742831 0.922183
-0.122815 0.428512 -0 0.735272 0.909796
-0.122815 0.428512 -0 0.735272 0.909796
-0.110752 0.439348 -0 0.742831 0.922183
-0.143284 0.499929 -0 0.756445 0.867049
-0.110752 0.439348 -0 0.742831 0.922183
-0.12837 0.512574 -0 0.765111 0.881249
-0.143284 0.499929 -0 0.756445 0.867049
-0.143284 0.499929 -0 0.756445 0.867049
-0.12837 0.512574 -0 0.765111 0.881249
-0.163753 0.571347 -0 0.773493 0.828414
-0.12837 0.512574 -0 0.765111 0.881249
-0.146709 0.585799 -0 0.782957 0.843274
-0.163753 0.571347 -0 0.773493 0.828414
-0.163753 0.571347 -0 0.773493 0.828414
-0.146709 0.585799 -0 0.782957 0.843274
-0.184222 0.642765 -0 0.787255 0.793823
-0.146709 0.585799 -0 0.782957 0.843274
-0.165047 0.659025 -0 0.797409 0.809158
-0.184222 0.642765 -0 0.787255 0.793823
-0.110752 0.138832 -0 0.583571 0.992
-0.110752 0.142837 -0 0.58618 0.991451
-0.110752 0.208248 -0 0.627182 0.98037
-0.110752 0.142837 -0 0.58618 0.991451
-0.110752 0.214255 -0 0.630781 0.979173
-0.110752 0.208248 -0 0.627182 0.98037
-0.110752 0.208248 -0 0.627182 0.98037
-0.110752 0.214255 -0 0.630781 0.979173
-0.110752 0.277664 -0 0.66689 0.965086
-0.110752 0.214255 -0 0.630781 0.979173
-0.110752 0.285674 -0 0.671199 0.963147
-0.110752 0.277664 -0 0.66689 0.965086
-0.110752 0.277664 -0 0.66689 0.965086
-0.110752 0.285674 -0 0.671199 0.963147
-0.112718 0.34708 -0 0.701857 0.944708
-0.110752 0.285674 -0 0.671199 0.963147
-0.110752 0.357092 -0 0.707066 0.944754
-0.112718 0.34708 -0 0.701857 0.944708
-0.112718 0.34708 -0 0.701857 0.944708
-0.110752 0.357092 -0 0.707066 0.944754
-0.135261 0.416496 -0 0.727031 0.89705
-0.110752 0.357092 -0 0.707066 0.944754
-0.122815 0.428512 -0 0.735272 0.909796
-0.135261 0.416496 -0 0.727031 0.89705
-0.135261 0.416496 -0 0.727031 0.89705
-0.122815 0.428512 -0 0.735272 0.909796
-0.157805 0.485914 -0 0.747276 0.853463
-0.122815 0.428512 -0 0.735272 0.909796
-0.143284 0.499929 -0 0.756445 0.867049
-0.157805 0.485914 -0 0.747276 0.853463
-0.157805 0.485914 -0 0.747276 0.853463
-0.143284 0.499929 -0 0.756445 0.867049
-0.180348 0.555328 -0 0.763525 0.814216
-0.143284 0.499929 -0 0.756445 0.867049
-0.163753 0.571347 -0 0.773493 0.828414
-0.180348 0.555328 -0 0.763525 0.814216
-0.180348 0.555328 -0 0.763525 0.814216
-0.163753 0.571347 -0 0.773493 0.828414
-0.202892 0.624746 -0 0.776599 0.77919
-0.163753 0.571347 -0 0.773493 0.828414
-0.184222 0.642765 -0 0.787255 0.793823
-0.202892 0.624746 -0 0.776599 0.77919
-0.110752 0.134447 -0 0.580702 0.992583
-0.110752 0.138832 -0 0.583571 0.992
-0.110752 0.20167 -0 0.623207 0.981649
-0.110752 0.138832 -0 0.583571 0.992
-0.110752 0.208248 -0 0.627182 0.98037
-0.110752 0.20167 -0 0.623207 0.981649
-0.110752 0.20167 -0 0.623207 0.981649
-0.110752 0.208248 -0 0.627182 0.98037
-0.110752 0.268894 -0 0.662106 0.967174
-0.110752 0.208248 -0 0.627182 0.98037
-0.110752 0.277664 -0 0.66689 0.965086
-0.110752 0.268894 -0 0.662106 0.967174
-0.110752 0.268894 -0 0.662106 0.967174
-0.110752 0.277664 -0 0.66689 0.965086
-0.122781 0.336118 -0 0.69424 0.933581
-0.110752 0.277664 -0 0.66689 0.965086
-0.112718 0.34708 -0 0.701857 0.944708
-0.122781 0.336118 -0 0.69424 0.933581
-0.122781 0.336118 -0 0.69424 0.933581
-0.112718 0.34708 -0 0.701857 0.944708
-0.147337 0.403339 -0 0.71832 0.884863
-0.112718 0.34708 -0 0.701857 0.944708
-0.135261 0.416496 -0 0.727031 0.89705
-0.147337 0.403339 -0 0.71832 0.884863
-0.147337 0.403339 -0 0.71832 0.884863
-0.135261 0.416496 -0 0.727031 0.89705
-0.171893 0.470565 -0 0.737626 0.84049
-0.135261 0.416496 -0 0.727031 0.89705
-0.157805 0.485914 -0 0.747276 0.853463
-0.171893 0.470565 -0 0.737626 0.84049
-0.171893 0.470565 -0 0.737626 0.84049
-0.157805 0.485914 -0 0.747276 0.853463
-0.196449 0.537787 -0 0.753073 0.800677
-0.157805 0.485914 -0 0.747276 0.853463
-0.180348 0.555328 -0 0.763525 0.814216
-0.196449 0.537787 -0 0.753073 0.800677
-0.196449 0.537787 -0 0.753073 0.800677
-0.180348 0.555328 -0 0.763525 0.814216
-0.221006 0.605012 -0 0.765465 0.76525
-0.180348 0.555328 -0 0.763525 0.814216
-0.202892 0.624746 -0 0.776599 0.77919
-0.221006 0.605012 -0 0.765465 0.76525
-0.110752 0.129693 -0 0.577579 0.993192
-0.110752 0.134447 -0 0.580702 0.992583
-0.110752 0.19454 -0 0.618858 0.982998
-0.110752 0.134447 -0 0.580702 0.992583
-0.110752 0.20167 -0 0.623207 0.981649
-0.110752 0.19454 -0 0.618858 0.982998
-0.110752 0.19454 -0 0.618858 0.982998
-0.110752 0.20167 -0 0.623207 0.981649
-0.110752 0.259387 -0 0.656843 0.969392
-0.110752 0.20167 -0 0.623207 0.981649
-0.110752 0.268894 -0 0.662106 0.967174
-0.110752 0.259387 -0 0.656843 0.969392
-0.110752 0.259387 -0 0.656843 0.969392
-0.110752 0.268894 -0 0.662106 0.967174
-0.132508 0.324233 -0 0.686194 0.922952
-0.110752 0.268894 -0 0.662106 0.967174
-0.122781 0.336118 -0 0.69424 0.933581
-0.132508 0.324233 -0 0.686194 0.922952
-0.132508 0.324233 -0 0.686194 0.922952
-0.122781 0.336118 -0 0.69424 0.933581
-0.159009 0.389079 -0 0.709158 0.873237
-0.122781 0.336118 -0 0.69424 0.933581
-0.147337 0.403339 -0 0.71832 0.884863
-0.159009 0.389079 -0 0.709158 0.873237
-0.159009 0.389079 -0 0.709158 0.873237
-0.147337 0.403339 -0 0.71832 0.884863
-0.185511 0.453925 -0 0.727515 0.828131
-0.147337 0.403339 -0 0.71832 0.884863
-0.171893 0.470565 -0 0.737626 0.84049
-0.185511 0.453925 -0 0.727515 0.828131
-0.185511 0.453925 -0 0.727515 0.828131
-0.171893 0.470565 -0 0.737626 0.84049
-0.212012 0.518774 -0 0.742159 0.787792
-0.171893 0.470565 -0 0.737626 0.84049
-0.196449 0.537787 -0 0.753073 0.800677
-0.212012 0.518774 -0 0.742159 0.787792
-0.212012 0.518774 -0 0.742159 0.787792
-0.196449 0.537787 -0 0.753073 0.800677
-0.238513 0.583619 -0 0.753873 0.751998
-0.196449 0.537787 -0 0.753073 0.800677
-0.221006 0.605012 -0 0.765465 0.76525
-0.238513 0.583619 -0 0.753873 0.751998
-0.110752 0.124584 -0 0.574207 0.99382
-0.110752 0.129693 -0 0.577579 0.993192
-0.110752 0.186876 -0 0.61414 0.9844
-0.110752 0.129693 -0 0.577579 0.993192
-0.110752 0.19454 -0 0.618858 0.982998
-0.110752 0.186876 -0 0.61414 0.9844
-0.110752 0.186876 -0 0.61414 0.9844
-0.110752 0.19454 -0 0.618858 0.982998
-0.113497 0.249168 -0 0.650601 0.967597
-0.110752 0.19454 -0 0.618858 0.982998
-0.110752 0.259387 -0 0.656843 0.969392
-0.113497 0.249168 -0 0.650601 0.967597
-0.113497 0.249168 -0 0.650601 0.967597
-0.110752 0.259387 -0 0.656843 0.969392
-0.141871 0.31146 -0 0.677739 0.912826
-0.110752 0.259387 -0 0.656843 0.969392
-0.132508 0.324233 -0 0.686194 0.922952
-0.141871 0.31146 -0 0.677739 0.912826
-0.141871 0.31146 -0 0.677739 0.912826
-0.132508 0.324233 -0 0.686194 0.922952
-0.170245 0.373752 -0 0.699566 0.862176
-0.132508 0.324233 -0 0.686194 0.922952
-0.159009 0.389079 -0 0.709158 0.873237
-0.170245 0.373752 -0 0.699566 0.862176
-0.170245 0.373752 -0 0.699566 0.862176
-0.159009 0.389079 -0 0.709158 0.873237
-0.19862 0.436042 -0 0.716965 0.816386
-0.159009 0.389079 -0 0.709158 0.873237
-0.185511 0.453925 -0 0.727515 0.828131
-0.19862 0.436042 -0 0.716965 0.816386
-0.19862 0.436042 -0 0.716965 0.816386
-0.185511 0.453925 -0 0.727515 0.828131
-0.226993 0.498334 -0 0.730805 0.775559
-0.185511 0.453925 -0 0.727515 0.828131
-0.212012 0.518774 -0 0.742159 0.787792
-0.226993 0.498334 -0 0.730805 0.775559
-0.226993 0.498334 -0 0.730805 0.775559
-0.212012 0.518774 -0 0.742159 0.787792
-0.255369 0.560627 -0 0.741845 0.73943
-0.212012 0.518774 -0 0.742159 0.787792
-0.238513 0.583619 -0 0.753873 0.751998
-0.255369 0.560627 -0 0.741845 0.73943
-0.110752 0.119133 -0 0.570594 0.994459
-0.110752 0.124584 -0 0.574207 0.99382
-0.110752 0.1787 -0 0.609055 0.985842
-0.110752 0.124584 -0 0.574207 0.99382
-0.110752 0.186876 -0 0.61414 0.9844
-0.110752 0.1787 -0 0.609055 0.985842
-0.110752 0.1787 -0 0.609055 0.985842
-0.110752 0.186876 -0 0.61414 0.9844
-0.120676 0.238267 -0 0.643125 0.959149
-0.110752 0.186876 -0 0.61414 0.9844
-0.113497 0.249168 -0 0.650601 0.967597
-0.120676 0.238267 -0 0.643125 0.959149
-0.120676 0.238267 -0 0.643125 0.959149
-0.113497 0.249168 -0 0.650601 0.967597
-0.150846 0.297833 -0 0.668894 0.903208
-0.113497 0.249168 -0 0.650601 0.967597
-0.141871 0.31146 -0 0.677739 0.912826
-0.150846 0.297833 -0 0.668894 0.903208
-0.150846 0.297833 -0 0.668894 0.903208
-0.141871 0.31146 -0 0.677739 0.912826
-0.181015 0.3574 -0 0.689566 0.851681
-0.141871 0.31146 -0 0.677739 0.912826
-0.170245 0.373752 -0 0.699566 0.862176
-0.181015 0.3574 -0 0.689566 0.851681
-0.181015 0.3574 -0 0.689566 0.851681
-0.170245 0.373752 -0 0.699566 0.862176
-0.211184 0.416965 -0 0.705998 0.805253
-0.170245 0.373752 -0 0.699566 0.862176
-0.19862 0.436042 -0 0.716965 0.816386
-0.211184 0.416965 -0 0.705998 0.805253
-0.211184 0.416965 -0 0.705998 0.805253
-0.19862 0.436042 -0 0.716965 0.816386
-0.241353 0.476532 -0 0.719034 0.763977
-0.19862 0.436042 -0 0.716965 0.816386
-0.226993 0.498334 -0 0.730805 0.775559
-0.241353 0.476532 -0 0.719034 0.763977
-0.241353 0.476532 -0 0.719034 0.763977
-0.226993 0.498334 -0 0.730805 0.775559
-0.271523 0.536099 -0 0.729403 0.72754
-0.226993 0.498334 -0 0.730805 0.775559
-0.255369 0.560627 -0 0.741845 0.73943
-0.271523 0.536099 -0 0.729403 0.72754
-0.110752 0.113356 -0 0.566745 0.995102
-0.110752 0.119133 -0 0.570594 0.994459
-0.110752 0.170034 -0 0.603612 0.987307
-0.110752 0.119133 -0 0.570594 0.994459
-0.110752 0.1787 -0 0.609055 0.985842
-0.110752 0.170034 -0 0.603612 0.987307
-0.110752 0.170034 -0 0.603612 0.987307
-0.110752 0.1787 -0 0.609055 0.985842
-0.127525 0.226712 -0 0.635311 0.951142
-0.110752 0.1787 -0 0.609055 0.985842
-0.120676 0.238267 -0 0.643125 0.959149
-0.127525 0.226712 -0 0.635311 0.951142
-0.127525 0.226712 -0 0.635311 0.951142
-0.120676 0.238267 -0 0.643125 0.959149
-0.159407 0.28339 -0 0.659679 0.894104
-0.120676 0.238267 -0 0.643125 0.959149
-0.150846 0.297833 -0 0.668894 0.903208
-0.159407 0.28339 -0 0.659679 0.894104
-0.159407 0.28339 -0 0.659679 0.894104
-0.150846 0.297833 -0 0.668894 0.903208
-0.191288 0.340068 -0 0.679178 0.841757
-0.150846 0.297833 -0 0.668894 0.903208
-0.181015 0.3574 -0 0.689566 0.851681
-0.191288 0.340068 -0 0.679178 0.841757
-0.191288 0.340068 -0 0.679178 0.841757
-0.181015 0.3574 -0 0.689566 0.851681
-0.22317 0.396746 -0 0.694637 0.794737
-0.181015 0.3574 -0 0.689566 0.851681
-0.211184 0.416965 -0 0.705998 0.805253
-0.22317 0.396746 -0 0.694637 0.794737
-0.22317 0.396746 -0 0.694637 0.794737
-0.211184 0.416965 -0 0.705998 0.805253
-0.255051 0.453424 -0 0.706867 0.753045
-0.211184 0.416965 -0 0.705998 0.805253
-0.241353 0.476532 -0 0.719034 0.763977
-0.255051 0.453424 -0 0.706867 0.753045
-0.255051 0.453424 -0 0.706867 0.753045
-0.241353 0.476532 -0 0.719034 0.763977
-0.286932 0.510101 -0 0.716571 0.716328
-0.241353 0.476532 -0 0.719034 0.763977
-0.271523 0.536099 -0 0.729403 0.72754
-0.286932 0.510101 -0 0.716571 0.716328
-0.110752 0.107268 -0 0.56267 0.99574
-0.110752 0.113356 -0 0.566745 0.995102
-0.110752 0.160902 -0 0.597816 0.988777
-0.110752 0.113356 -0 0.566745 0.995102
-0.110752 0.170034 -0 0.603612 0.987307
-0.110752 0.160902 -0 0.597816 0.988777
-0.110752 0.160902 -0 0.597816 0.988777
-0.110752 0.170034 -0 0.603612 0.987307
-0.134025 0.214536 -0 0.627177 0.943586
-0.110752 0.170034 -0 0.603612 0.987307
-0.127525 0.226712 -0 0.635311 0.951142
-0.134025 0.214536 -0 0.627177 0.943586
-0.134025 0.214536 -0 0.627177 0.943586
-0.127525 0.226712 -0 0.635311 0.951142
-0.167531 0.26817 -0 0.650116 0.885519
-0.127525 0.226712 -0 0.635311 0.951142
-0.159407 0.28339 -0 0.659679 0.894104
-0.167531 0.26817 -0 0.650116 0.885519
-0.167531 0.26817 -0 0.650116 0.885519
-0.159407 0.28339 -0 0.659679 0.894104
-0.201037 0.321804 -0 0.668426 0.832407
-0.159407 0.28339 -0 0.659679 0.894104
-0.191288 0.340068 -0 0.679178 0.841757
-0.201037 0.321804 -0 0.668426 0.832407
-0.201037 0.321804 -0 0.668426 0.832407
-0.191288 0.340068 -0 0.679178 0.841757
-0.234543 0.375438 -0 0.682905 0.784835
-0.191288 0.340068 -0 0.679178 0.841757
-0.22317 0.396746 -0 0.694637 0.794737
-0.234543 0.375438 -0 0.682905 0.784835
-0.234543 0.375438 -0 0.682905 0.784835
-0.22317 0.396746 -0 0.694637 0.794737
-0.268049 0.429073 -0 0.69433 0.742763
-0.22317 0.396746 -0 0.694637 0.794737
-0.255051 0.453424 -0 0.706867 0.753045
-0.268049 0.429073 -0 0.69433 0.742763
-0.268049 0.429073 -0 0.69433 0.742763
-0.255051 0.453424 -0 0.706867 0.753045
-0.301556 0.482708 -0 0.703373 0.70579
-0.255051 0.453424 -0 0.706867 0.753045
-0.286932 0.510101 -0 0.716571 0.716328
-0.301556 0.482708 -0 0.703373 0.70579
-0.110752 0.100886 -0 0.558377 0.996364
-0.110752 0.107268 -0 0.56267 0.99574
-0.110752 0.151329 -0 0.591678 0.990233
-0.110752 0.107268 -0 0.56267 0.99574
-0.110752 0.160902 -0 0.597816 0.988777
-0.110752 0.151329 -0 0.591678 0.990233
-0.134025 0.214536 -0 0.627177 0.943586
-0.167531 0.26817 -0 0.650116 0.885519
-0.175196 0.252215 -0 0.640225 0.877458
-0.175196 0.252215 -0 0.640225 0.877458
-0.167531 0.26817 -0 0.650116 0.885519
-0.210235 0.302658 -0 0.657332 0.823633
-0.167531 0.26817 -0 0.650116 0.885519
-0.201037 0.321804 -0 0.668426 0.832407
-0.210235 0.302658 -0 0.657332 0.823633
-0.210235 0.302658 -0 0.657332 0.823633
-0.201037 0.321804 -0 0.668426 0.832407
-0.245274 0.353101 -0 0.670825 0.775552
-0.201037 0.321804 -0 0.668426 0.832407
-0.234543 0.375438 -0 0.682905 0.784835
-0.245274 0.353101 -0 0.670825 0.775552
-0.245274 0.353101 -0 0.670825 0.775552
-0.234543 0.375438 -0 0.682905 0.784835
-0.280313 0.403543 -0 0.681447 0.73313
-0.234543 0.375438 -0 0.682905 0.784835
-0.268049 0.429073 -0 0.69433 0.742763
-0.280313 0.403543 -0 0.681447 0.73313
-0.280313 0.403543 -0 0.681447 0.73313
-0.268049 0.429073 -0 0.69433 0.742763
-0.315352 0.453989 -0 0.689834 0.695928
-0.268049 0.429073 -0 0.69433 0.742763
-0.301556 0.482708 -0 0.703373 0.70579
-0.315352 0.453989 -0 0.689834 0.695928
-0.110752 0.0942276 -0 0.553878 0.996965
-0.110752 0.100886 -0 0.558377 0.996364
-0.110752 0.141341 -0 0.585207 0.991658
-0.110752 0.100886 -0 0.558377 0.996364
-0.110752 0.151329 -0 0.591678 0.990233
-0.110752 0.141341 -0 0.585207 0.991658
-0.182381 0.235569 -0 0.630028 0.869928
-0.175196 0.252215 -0 0.640225 0.877458
-0.218857 0.282683 -0 0.645918 0.815441
-0.175196 0.252215 -0 0.640225 0.877458
-0.210235 0.302658 -0 0.657332 0.823633
-0.218857 0.282683 -0 0.645918 0.815441
-0.218857 0.282683 -0 0.645918 0.815441
-0.210235 0.302658 -0 0.657332 0.823633
-0.255333 0.329796 -0 0.658423 0.766891
-0.210235 0.302658 -0 0.657332 0.823633
-0.245274 0.353101 -0 0.670825 0.775552
-0.255333 0.329796 -0 0.658423 0.766891
-0.255333 0.329796 -0 0.658423 0.766891
-0.245274 0.353101 -0 0.670825 0.775552
-0.29181 0.37691 -0 0.668243 0.724148
-0.245274 0.353101 -0 0.670825 0.775552
-0.280313 0.403543 -0 0.681447 0.73313
-0.29181 0.37691 -0 0.668243 0.724148
-0.29181 0.37691 -0 0.668243 0.724148
-0.280313 0.403543 -0 0.681447 0.73313
-0.328286 0.424023 -0 0.675978 0.686738
-0.280313 0.403543 -0 0.681447 0.73313
-0.315352 0.453989 -0 0.689834 0.695928
-0.328286 0.424023 -0 0.675978 0.686738
-0.189066 0.218277 -0 0.619547 0.862931
-0.182381 0.235569 -0 0.630028 0.869928
-0.226878 0.261933 -0 0.634211 0.807834
-0.182381 0.235569 -0 0.630028 0.869928
-0.218857 0.282683 -0 0.645918 0.815441
-0.226878 0.261933 -0 0.634211 0.807834
-0.226878 0.261933 -0 0.634211 0.807834
-0.218857 0.282683 -0 0.645918 0.815441
-0.264693 0.305588 -0 0.645724 0.758853
-0.218857 0.282683 -0 0.645918 0.815441
-0.255333 0.329796 -0 0.658423 0.766891
-0.264693 0.305588 -0 0.645724 0.758853
-0.264693 0.305588 -0 0.645724 0.758853
-0.255333 0.329796 -0 0.658423 0.766891
-0.302505 0.349243 -0 0.654744 0.715819
-0.255333 0.329796 -0 0.658423 0.766891
-0.29181 0.37691 -0 0.668243 0.724148
-0.302505 0.349243 -0 0.654744 0.715819
-0.302505 0.349243 -0 0.654744 0.715819
-0.29181 0.37691 -0 0.668243 0.724148
-0.340319 0.392899 -0 0.661833 0.678224
-0.29181 0.37691 -0 0.668243 0.724148
-0.328286 0.424023 -0 0.675978 0.686738
-0.340319 0.392899 -0 0.661833 0.678224
-0.189066 0.218277 -0 0.619547 0.862931
-0.226878 0.261933 -0 0.634211 0.807834
-0.234279 0.240464 -0 0.622233 0.800819
-0.234279 0.240464 -0 0.622233 0.800819
-0.226878 0.261933 -0 0.634211 0.807834
-0.273327 0.280542 -0 0.632753 0.751443
-0.226878 0.261933 -0 0.634211 0.807834
-0.264693 0.305588 -0 0.645724 0.758853
-0.273327 0.280542 -0 0.632753 0.751443
-0.273327 0.280542 -0 0.632753 0.751443
-0.264693 0.305588 -0 0.645724 0.758853
-0.312372 0.320619 -0 0.640977 0.708147
-0.264693 0.305588 -0 0.645724 0.758853
-0.302505 0.349243 -0 0.654744 0.715819
-0.312372 0.320619 -0 0.640977 0.708147
-0.312372 0.320619 -0 0.640977 0.708147
-0.302505 0.349243 -0 0.654744 0.715819
-0.35142 0.360697 -0 0.647428 0.670387
-0.302505 0.349243 -0 0.654744 0.715819
-0.340319 0.392899 -0 0.661833 0.678224
-0.35142 0.360697 -0 0.647428 0.670387
-0.241038 0.218337 -0 0.61001 0.794397
-0.234279 0.240464 -0 0.622233 0.800819
-0.28121 0.254727 -0 0.619536 0.744665
-0.234279 0.240464 -0 0.622233 0.800819
-0.273327 0.280542 -0 0.632753 0.751443
-0.28121 0.254727 -0 0.619536 0.744665
-0.28121 0.254727 -0 0.619536 0.744665
-0.273327 0.280542 -0 0.632753 0.751443
-0.321383 0.291116 -0 0.626968 0.701132
-0.273327 0.280542 -0 0.632753 0.751443
-0.312372 0.320619 -0 0.640977 0.708147
-0.321383 0.291116 -0 0.626968 0.701132
-0.321383 0.291116 -0 0.626968 0.701132
-0.312372 0.320619 -0 0.640977 0.708147
-0.361555 0.327506 -0 0.632786 0.663226
-0.312372 0.320619 -0 0.640977 0.708147
-0.35142 0.360697 -0 0.647428 0.670387
-0.361555 0.327506 -0 0.632786 0.663226
-0.241038 0.218337 -0 0.61001 0.794397
-0.28121 0.254727 -0 0.619536 0.744665
-0.288323 0.228213 -0 0.606099 0.738521
-0.288323 0.228213 -0 0.606099 0.738521
-0.28121 0.254727 -0 0.619536 0.744665
-0.329512 0.260815 -0 0.612743 0.694777
-0.28121 0.254727 -0 0.619536 0.744665
-0.321383 0.291116 -0 0.626968 0.701132
-0.329512 0.260815 -0 0.612743 0.694777
-0.329512 0.260815 -0 0.612743 0.694777
-0.321383 0.291116 -0 0.626968 0.701132
-0.370701 0.293417 -0 0.617937 0.656744
-0.321383 0.291116 -0 0.626968 0.701132
-0.361555 0.327506 -0 0.632786 0.663226
-0.370701 0.293417 -0 0.617937 0.656744
-0.370701 0.293417 -0 0.617937 0.656744
-0.361555 0.327506 -0 0.632786 0.663226
-0.411891 0.326019 -0 0.622026 0.623705
-0.288323 0.228213 -0 0.606099 0.738521
-0.329512 0.260815 -0 0.612743 0.694777
-0.33674 0.229799 -0 0.598331 0.689088
-0.33674 0.229799 -0 0.598331 0.689088
-0.329512 0.260815 -0 0.612743 0.694777
-0.378831 0.258524 -0 0.602908 0.650944
-0.329512 0.260815 -0 0.612743 0.694777
-0.370701 0.293417 -0 0.617937 0.656744
-0.378831 0.258524 -0 0.602908 0.650944
-0.378831 0.258524 -0 0.602908 0.650944
-0.370701 0.293417 -0 0.617937 0.656744
-0.420924 0.287249 -0 0.606506 0.617847
-0.370701 0.293417 -0 0.617937 0.656744
-0.411891 0.326019 -0 0.622026 0.623705
-0.420924 0.287249 -0 0.606506 0.617847
-0.33674 0.229799 -0 0.598331 0.689088
-0.378831 0.258524 -0 0.602908 0.650944
-0.385923 0.222923 -0 0.587723 0.645827
-0.385923 0.222923 -0 0.587723 0.645827
-0.378831 0.258524 -0 0.602908 0.650944
-0.428803 0.247692 -0 0.590839 0.612683
-0.378831 0.258524 -0 0.602908 0.650944
-0.420924 0.287249 -0 0.606506 0.617847
-0.428803 0.247692 -0 0.590839 0.612683
-0.385923 -0.222923 -0 0.401182 0.638306
-0.391958 -0.18671 -0 0.416632 0.635118
-0.428803 -0.247692 -0 0.398839 0.605042
-0.391958 -0.18671 -0 0.416632 0.635118
-0.435507 -0.207456 -0 0.414752 0.60184
-0.428803 -0.247692 -0 0.398839 0.605042
-0.33674 -0.229799 -0 0.389446 0.68056
-0.343043 -0.198153 -0 0.404198 0.676738
-0.378831 -0.258524 -0 0.385831 0.642186
-0.343043 -0.198153 -0 0.404198 0.676738
-0.385923 -0.222923 -0 0.401182 0.638306
-0.378831 -0.258524 -0 0.385831 0.642186
-0.378831 -0.258524 -0 0.385831 0.642186
-0.385923 -0.222923 -0 0.401182 0.638306
-0.420924 -0.287249 -0 0.383018 0.608944
-0.385923 -0.222923 -0 0.401182 0.638306
-0.428803 -0.247692 -0 0.398839 0.605042
-0.420924 -0.287249 -0 0.383018 0.608944
-0.288323 -0.228213 -0 0.380272 0.729203
-0.294646 -0.201074 -0 0.394123 0.724837
-0.329512 -0.260815 -0 0.374823 0.685058
-0.294646 -0.201074 -0 0.394123 0.724837
-0.33674 -0.229799 -0 0.389446 0.68056
-0.329512 -0.260815 -0 0.374823 0.685058
-0.329512 -0.260815 -0 0.374823 0.685058
-0.33674 -0.229799 -0 0.389446 0.68056
-0.370701 -0.293417 -0 0.370603 0.646755
-0.33674 -0.229799 -0 0.389446 0.68056
-0.378831 -0.258524 -0 0.385831 0.642186
-0.370701 -0.293417 -0 0.370603 0.646755
-0.241038 -0.218337 -0 0.374631 0.784603
-0.247134 -0.195611 -0 0.387332 0.779834
-0.28121 -0.254727 -0 0.366581 0.73422
-0.247134 -0.195611 -0 0.387332 0.779834
-0.288323 -0.228213 -0 0.380272 0.729203
-0.28121 -0.254727 -0 0.366581 0.73422
-0.28121 -0.254727 -0 0.366581 0.73422
-0.288323 -0.228213 -0 0.380272 0.729203
-0.321383 -0.291116 -0 0.360355 0.690229
-0.288323 -0.228213 -0 0.380272 0.729203
-0.329512 -0.260815 -0 0.374823 0.685058
-0.321383 -0.291116 -0 0.360355 0.690229
-0.321383 -0.291116 -0 0.360355 0.690229
-0.329512 -0.260815 -0 0.374823 0.685058
-0.361555 -0.327506 -0 0.355521 0.652014
-0.329512 -0.260815 -0 0.374823 0.685058
-0.370701 -0.293417 -0 0.370603 0.646755
-0.361555 -0.327506 -0 0.355521 0.652014
-0.234279 -0.240464 -0 0.362117 0.789987
-0.241038 -0.218337 -0 0.374631 0.784603
-0.273327 -0.280542 -0 0.353077 0.739886
-0.241038 -0.218337 -0 0.374631 0.784603
-0.28121 -0.254727 -0 0.366581 0.73422
-0.273327 -0.280542 -0 0.353077 0.739886
-0.273327 -0.280542 -0 0.353077 0.739886
-0.28121 -0.254727 -0 0.366581 0.73422
-0.312372 -0.320619 -0 0.346065 0.696074
-0.28121 -0.254727 -0 0.366581 0.73422
-0.321383 -0.291116 -0 0.360355 0.690229
-0.312372 -0.320619 -0 0.346065 0.696074
-0.312372 -0.320619 -0 0.346065 0.696074
-0.321383 -0.291116 -0 0.360355 0.690229
-0.35142 -0.360697 -0 0.340611 0.657961
-0.321383 -0.291116 -0 0.360355 0.690229
-0.361555 -0.327506 -0 0.355521 0.652014
-0.35142 -0.360697 -0 0.340611 0.657961
-0.189066 -0.218277 -0 0.362692 0.852163
-0.195233 -0.200387 -0 0.373748 0.846632
-0.226878 -0.261933 -0 0.349816 0.79598
-0.195233 -0.200387 -0 0.373748 0.846632
-0.234279 -0.240464 -0 0.362117 0.789987
-0.226878 -0.261933 -0 0.349816 0.79598
-0.226878 -0.261933 -0 0.349816 0.79598
-0.234279 -0.240464 -0 0.362117 0.789987
-0.264693 -0.305588 -0 0.339782 0.746195
-0.234279 -0.240464 -0 0.362117 0.789987
-0.273327 -0.280542 -0 0.353077 0.739886
-0.264693 -0.305588 -0 0.339782 0.746195
-0.264693 -0.305588 -0 0.339782 0.746195
-0.273327 -0.280542 -0 0.353077 0.739886
-0.302505 -0.349243 -0 0.331982 0.702587
-0.273327 -0.280542 -0 0.353077 0.739886
-0.312372 -0.320619 -0 0.346065 0.696074
-0.302505 -0.349243 -0 0.331982 0.702587
-0.302505 -0.349243 -0 0.331982 0.702587
-0.312372 -0.320619 -0 0.346065 0.696074
-0.340319 -0.392899 -0 0.3259 0.664594
-0.312372 -0.320619 -0 0.346065 0.696074
-0.35142 -0.360697 -0 0.340611 0.657961
-0.340319 -0.392899 -0 0.3259 0.664594
-0.110752 -0.0942276 -0 0.423477 0.991448
-0.110752 -0.087311 -0 0.428168 0.992417
-0.110752 -0.141341 -0 0.3922 0.983472
-0.182381 -0.235569 -0 0.351868 0.858251
-0.189066 -0.218277 -0 0.362692 0.852163
-0.218857 -0.282683 -0 0.337752 0.802578
-0.189066 -0.218277 -0 0.362692 0.852163
-0.226878 -0.261933 -0 0.349816 0.79598
-0.218857 -0.282683 -0 0.337752 0.802578
-0.218857 -0.282683 -0 0.337752 0.802578
-0.226878 -0.261933 -0 0.349816 0.79598
-0.255333 -0.329796 -0 0.326725 0.753146
-0.226878 -0.261933 -0 0.349816 0.79598
-0.264693 -0.305588 -0 0.339782 0.746195
-0.255333 -0.329796 -0 0.326725 0.753146
-0.255333 -0.329796 -0 0.326725 0.753146
-0.264693 -0.305588 -0 0.339782 0.746195
-0.29181 -0.37691 -0 0.318131 0.709769
-0.264693 -0.305588 -0 0.339782 0.746195
-0.302505 -0.349243 -0 0.331982 0.702587
-0.29181 -0.37691 -0 0.318131 0.709769
-0.29181 -0.37691 -0 0.318131 0.709769
-0.302505 -0.349243 -0 0.331982 0.702587
-0.328286 -0.424023 -0 0.311412 0.671915
-0.302505 -0.349243 -0 0.331982 0.702587
-0.340319 -0.392899 -0 0.3259 0.664594
-0.328286 -0.424023 -0 0.311412 0.671915
-0.110752 -0.100886 -0 0.418983 0.990464
-0.110752 -0.0942276 -0 0.423477 0.991448
-0.110752 -0.151329 -0 0.385743 0.981494
-0.110752 -0.0942276 -0 0.423477 0.991448
-0.110752 -0.141341 -0 0.3922 0.983472
-0.110752 -0.151329 -0 0.385743 0.981494
-0.110752 -0.151329 -0 0.385743 0.981494
-0.110752 -0.141341 -0 0.3922 0.983472
-0.140157 -0.201772 -0 0.360698 0.925582
-0.110752 -0.141341 -0 0.3922 0.983472
-0.145905 -0.188455 -0 0.369757 0.919714
-0.140157 -0.201772 -0 0.360698 0.925582
-0.140157 -0.201772 -0 0.360698 0.925582
-0.145905 -0.188455 -0 0.369757 0.919714
-0.175196 -0.252215 -0 0.341297 0.864889
-0.145905 -0.188455 -0 0.369757 0.919714
-0.182381 -0.235569 -0 0.351868 0.858251
-0.175196 -0.252215 -0 0.341297 0.864889
-0.175196 -0.252215 -0 0.341297 0.864889
-0.182381 -0.235569 -0 0.351868 0.858251
-0.210235 -0.302658 -0 0.325949 0.809777
-0.182381 -0.235569 -0 0.351868 0.858251
-0.218857 -0.282683 -0 0.337752 0.802578
-0.210235 -0.302658 -0 0.325949 0.809777
-0.210235 -0.302658 -0 0.325949 0.809777
-0.218857 -0.282683 -0 0.337752 0.802578
-0.245274 -0.353101 -0 0.31393 0.760736
-0.218857 -0.282683 -0 0.337752 0.802578
-0.255333 -0.329796 -0 0.326725 0.753146
-0.245274 -0.353101 -0 0.31393 0.760736
-0.245274 -0.353101 -0 0.31393 0.760736
-0.255333 -0.329796 -0 0.326725 0.753146
-0.280313 -0.403543 -0 0.304538 0.717617
-0.255333 -0.329796 -0 0.326725 0.753146
-0.29181 -0.37691 -0 0.318131 0.709769
-0.280313 -0.403543 -0 0.304538 0.717617
-0.280313 -0.403543 -0 0.304538 0.717617
-0.29181 -0.37691 -0 0.318131 0.709769
-0.315352 -0.453989 -0 0.297177 0.679921
-0.29181 -0.37691 -0 0.318131 0.709769
-0.328286 -0.424023 -0 0.311412 0.671915
-0.315352 -0.453989 -0 0.297177 0.679921
-0.110752 -0.107268 -0 0.414697 0.989475
-0.110752 -0.100886 -0 0.418983 0.990464
-0.110752 -0.160902 -0 0.379619 0.979512
-0.110752 -0.100886 -0 0.418983 0.990464
-0.110752 -0.151329 -0 0.385743 0.981494
-0.110752 -0.160902 -0 0.379619 0.979512
-0.110752 -0.160902 -0 0.379619 0.979512
-0.110752 -0.151329 -0 0.385743 0.981494
-0.134025 -0.214536 -0 0.351895 0.931931
-0.110752 -0.151329 -0 0.385743 0.981494
-0.140157 -0.201772 -0 0.360698 0.925582
-0.134025 -0.214536 -0 0.351895 0.931931
-0.134025 -0.214536 -0 0.351895 0.931931
-0.140157 -0.201772 -0 0.360698 0.925582
-0.167531 -0.26817 -0 0.331001 0.872073
-0.140157 -0.201772 -0 0.360698 0.925582
-0.175196 -0.252215 -0 0.341297 0.864889
-0.167531 -0.26817 -0 0.331001 0.872073
-0.167531 -0.26817 -0 0.331001 0.872073
-0.175196 -0.252215 -0 0.341297 0.864889
-0.201037 -0.321804 -0 0.314433 0.817575
-0.175196 -0.252215 -0 0.341297 0.864889
-0.210235 -0.302658 -0 0.325949 0.809777
-0.201037 -0.321804 -0 0.314433 0.817575
-0.201037 -0.321804 -0 0.314433 0.817575
-0.210235 -0.302658 -0 0.325949 0.809777
-0.234543 -0.375438 -0 0.301422 0.768963
-0.210235 -0.302658 -0 0.325949 0.809777
-0.245274 -0.353101 -0 0.31393 0.760736
-0.234543 -0.375438 -0 0.301422 0.768963
-0.234543 -0.375438 -0 0.301422 0.768963
-0.245274 -0.353101 -0 0.31393 0.760736
-0.268049 -0.429073 -0 0.291228 0.726131
-0.245274 -0.353101 -0 0.31393 0.760736
-0.280313 -0.403543 -0 0.304538 0.717617
-0.268049 -0.429073 -0 0.291228 0.726131
-0.268049 -0.429073 -0 0.291228 0.726131
-0.280313 -0.403543 -0 0.304538 0.717617
-0.301556 -0.482708 -0 0.28322 0.688615
-0.280313 -0.403543 -0 0.304538 0.717617
-0.315352 -0.453989 -0 0.297177 0.679921
-0.301556 -0.482708 -0 0.28322 0.688615
-0.110752 -0.113356 -0 0.410628 0.988491
-0.110752 -0.107268 -0 0.414697 0.989475
-0.110752 -0.170034 -0 0.373838 0.977545
-0.110752 -0.107268 -0 0.414697 0.989475
-0.110752 -0.160902 -0 0.379619 0.979512
-0.110752 -0.170034 -0 0.373838 0.977545
-0.110752 -0.170034 -0 0.373838 0.977545
-0.110752 -0.160902 -0 0.379619 0.979512
-0.127525 -0.226712 -0 0.343366 0.938752
-0.110752 -0.160902 -0 0.379619 0.979512
-0.134025 -0.214536 -0 0.351895 0.931931
-0.127525 -0.226712 -0 0.343366 0.938752
-0.127525 -0.226712 -0 0.343366 0.938752
-0.134025 -0.214536 -0 0.351895 0.931931
-0.159407 -0.28339 -0 0.321004 0.879801
-0.134025 -0.214536 -0 0.351895 0.931931
-0.167531 -0.26817 -0 0.331001 0.872073
-0.159407 -0.28339 -0 0.321004 0.879801
-0.159407 -0.28339 -0 0.321004 0.879801
-0.167531 -0.26817 -0 0.331001 0.872073
-0.191288 -0.340068 -0 0.303226 0.825966
-0.167531 -0.26817 -0 0.331001 0.872073
-0.201037 -0.321804 -0 0.314433 0.817575
-0.191288 -0.340068 -0 0.303226 0.825966
-0.191288 -0.340068 -0 0.303226 0.825966
-0.201037 -0.321804 -0 0.314433 0.817575
-0.22317 -0.396746 -0 0.289227 0.777824
-0.201037 -0.321804 -0 0.314433 0.817575
-0.234543 -0.375438 -0 0.301422 0.768963
-0.22317 -0.396746 -0 0.289227 0.777824
-0.22317 -0.396746 -0 0.289227 0.777824
-0.234543 -0.375438 -0 0.301422 0.768963
-0.255051 -0.453424 -0 0.27823 0.735308
-0.234543 -0.375438 -0 0.301422 0.768963
-0.268049 -0.429073 -0 0.291228 0.726131
-0.255051 -0.453424 -0 0.27823 0.735308
-0.255051 -0.453424 -0 0.27823 0.735308
-0.268049 -0.429073 -0 0.291228 0.726131
-0.286932 -0.510101 -0 0.269567 0.697996
-0.268049 -0.429073 -0 0.291228 0.726131
-0.301556 -0.482708 -0 0.28322 0.688615
-0.286932 -0.510101 -0 0.269567 0.697996
-0.110752 -0.119133 -0 0.406785 0.98752
-0.110752 -0.113356 -0 0.410628 0.988491
-0.110752 -0.1787 -0 0.36841 0.975612
-0.110752 -0.113356 -0 0.410628 0.988491
-0.110752 -0.170034 -0 0.373838 0.977545
-0.110752 -0.1787 -0 0.36841 0.975612
-0.110752 -0.1787 -0 0.36841 0.975612
-0.110752 -0.170034 -0 0.373838 0.977545
-0.120676 -0.238267 -0 0.335131 0.946041
-0.110752 -0.170034 -0 0.373838 0.977545
-0.127525 -0.226712 -0 0.343366 0.938752
-0.120676 -0.238267 -0 0.335131 0.946041
-0.120676 -0.238267 -0 0.335131 0.946041
-0.127525 -0.226712 -0 0.343366 0.938752
-0.150846 -0.297833 -0 0.311326 0.888065
-0.127525 -0.226712 -0 0.343366 0.938752
-0.159407 -0.28339 -0 0.321004 0.879801
-0.150846 -0.297833 -0 0.311326 0.888065
-0.150846 -0.297833 -0 0.311326 0.888065
-0.159407 -0.28339 -0 0.321004 0.879801
-0.181015 -0.3574 -0 0.292351 0.834951
-0.159407 -0.28339 -0 0.321004 0.879801
-0.191288 -0.340068 -0 0.303226 0.825966
-0.181015 -0.3574 -0 0.292351 0.834951
-0.181015 -0.3574 -0 0.292351 0.834951
-0.191288 -0.340068 -0 0.303226 0.825966
-0.211184 -0.416965 -0 0.277369 0.787319
-0.191288 -0.340068 -0 0.303226 0.825966
-0.22317 -0.396746 -0 0.289227 0.777824
-0.211184 -0.416965 -0 0.277369 0.787319
-0.211184 -0.416965 -0 0.277369 0.787319
-0.22317 -0.396746 -0 0.289227 0.777824
-0.241353 -0.476532 -0 0.265567 0.745151
-0.22317 -0.396746 -0 0.289227 0.777824
-0.255051 -0.453424 -0 0.27823 0.735308
-0.241353 -0.476532 -0 0.265567 0.745151
-0.241353 -0.476532 -0 0.265567 0.745151
-0.255051 -0.453424 -0 0.27823 0.735308
-0.271523 -0.536099 -0 0.256243 0.708064
-0.255051 -0.453424 -0 0.27823 0.735308
-0.286932 -0.510101 -0 0.269567 0.697996
-0.271523 -0.536099 -0 0.256243 0.708064
-0.110752 -0.124584 -0 0.403178 0.986573
-0.110752 -0.119133 -0 0.406785 0.98752
-0.110752 -0.186876 -0 0.363341 0.973733
-0.110752 -0.119133 -0 0.406785 0.98752
-0.110752 -0.1787 -0 0.36841 0.975612
-0.110752 -0.186876 -0 0.363341 0.973733
-0.110752 -0.186876 -0 0.363341 0.973733
-0.110752 -0.1787 -0 0.36841 0.975612
-0.113497 -0.249168 -0 0.327209 0.953793
-0.110752 -0.1787 -0 0.36841 0.975612
-0.120676 -0.238267 -0 0.335131 0.946041
-0.113497 -0.249168 -0 0.327209 0.953793
-0.113497 -0.249168 -0 0.327209 0.953793
-0.120676 -0.238267 -0 0.335131 0.946041
-0.141871 -0.31146 -0 0.301989 0.896863
-0.120676 -0.238267 -0 0.335131 0.946041
-0.150846 -0.297833 -0 0.311326 0.888065
-0.141871 -0.31146 -0 0.301989 0.896863
-0.141871 -0.31146 -0 0.301989 0.896863
-0.150846 -0.297833 -0 0.311326 0.888065
-0.170245 -0.373752 -0 0.281833 0.844523
-0.150846 -0.297833 -0 0.311326 0.888065
-0.181015 -0.3574 -0 0.292351 0.834951
-0.170245 -0.373752 -0 0.281833 0.844523
-0.170245 -0.373752 -0 0.281833 0.844523
-0.181015 -0.3574 -0 0.292351 0.834951
-0.19862 -0.436042 -0 0.265872 0.797445
-0.181015 -0.3574 -0 0.292351 0.834951
-0.211184 -0.416965 -0 0.277369 0.787319
-0.19862 -0.436042 -0 0.265872 0.797445
-0.19862 -0.436042 -0 0.265872 0.797445
-0.211184 -0.416965 -0 0.277369 0.787319
-0.226993 -0.498334 -0 0.253263 0.755657
-0.211184 -0.416965 -0 0.277369 0.787319
-0.241353 -0.476532 -0 0.265567 0.745151
-0.226993 -0.498334 -0 0.253263 0.755657
-0.226993 -0.498334 -0 0.253263 0.755657
-0.241353 -0.476532 -0 0.265567 0.745151
-0.255369 -0.560627 -0 0.243274 0.718822
-0.241353 -0.476532 -0 0.265567 0.745151
-0.271523 -0.536099 -0 0.256243 0.708064
-0.255369 -0.560627 -0 0.243274 0.718822
-0.110752 -0.129693 -0 0.399812 0.985657
-0.110752 -0.124584 -0 0.403178 0.986573
-0.110752 -0.19454 -0 0.358638 0.971924
-0.110752 -0.124584 -0 0.403178 0.986573
-0.110752 -0.186876 -0 0.363341 0.973733
-0.110752 -0.19454 -0 0.358638 0.971924
-0.110752 -0.19454 -0 0.358638 0.971924
-0.110752 -0.186876 -0 0.363341 0.973733
-0.110752 -0.259387 -0 0.320814 0.955024
-0.110752 -0.186876 -0 0.363341 0.973733
-0.113497 -0.249168 -0 0.327209 0.953793
-0.110752 -0.259387 -0 0.320814 0.955024
-0.110752 -0.259387 -0 0.320814 0.955024
-0.113497 -0.249168 -0 0.327209 0.953793
-0.132508 -0.324233 -0 0.293015 0.906189
-0.113497 -0.249168 -0 0.327209 0.953793
-0.141871 -0.31146 -0 0.301989 0.896863
-0.132508 -0.324233 -0 0.293015 0.906189
-0.132508 -0.324233 -0 0.293015 0.906189
-0.141871 -0.31146 -0 0.301989 0.896863
-0.159009 -0.389079 -0 0.271692 0.854681
-0.141871 -0.31146 -0 0.301989 0.896863
-0.170245 -0.373752 -0 0.281833 0.844523
-0.159009 -0.389079 -0 0.271692 0.854681
-0.159009 -0.389079 -0 0.271692 0.854681
-0.170245 -0.373752 -0 0.281833 0.844523
-0.185511 -0.453925 -0 0.254759 0.808201
-0.170245 -0.373752 -0 0.281833 0.844523
-0.19862 -0.436042 -0 0.265872 0.797445
-0.185511 -0.453925 -0 0.254759 0.808201
-0.185511 -0.453925 -0 0.254759 0.808201
-0.19862 -0.436042 -0 0.265872 0.797445
-0.212012 -0.518774 -0 0.241343 0.76683
-0.19862 -0.436042 -0 0.265872 0.797445
-0.226993 -0.498334 -0 0.253263 0.755657
-0.212012 -0.518774 -0 0.241343 0.76683
-0.212012 -0.518774 -0 0.241343 0.76683
-0.226993 -0.498334 -0 0.253263 0.755657
-0.238513 -0.583619 -0 0.230684 0.730272
-0.226993 -0.498334 -0 0.253263 0.755657
-0.255369 -0.560627 -0 0.243274 0.718822
-0.238513 -0.583619 -0 0.230684 0.730272
-0.110752 -0.134447 -0 0.396695 0.984782
-0.110752 -0.129693 -0 0.399812 0.985657
-0.110752 -0.20167 -0 0.354304 0.9702
-0.110752 -0.129693 -0 0.399812 0.985657
-0.110752 -0.19454 -0 0.358638 0.971924
-0.110752 -0.20167 -0 0.354304 0.9702
-0.110752 -0.20167 -0 0.354304 0.9702
-0.110752 -0.19454 -0 0.358638 0.971924
-0.110752 -0.268894 -0 0.315579 0.952347
-0.110752 -0.19454 -0 0.358638 0.971924
-0.110752 -0.259387 -0 0.320814 0.955024
-0.110752 -0.268894 -0 0.315579 0.952347
-0.110752 -0.268894 -0 0.315579 0.952347
-0.110752 -0.259387 -0 0.320814 0.955024
-0.122781 -0.336118 -0 0.284422 0.91604
-0.110752 -0.259387 -0 0.320814 0.955024
-0.132508 -0.324233 -0 0.293015 0.906189
-0.122781 -0.336118 -0 0.284422 0.91604
-0.122781 -0.336118 -0 0.284422 0.91604
-0.132508 -0.324233 -0 0.293015 0.906189
-0.147337 -0.403339 -0 0.261951 0.865424
-0.132508 -0.324233 -0 0.293015 0.906189
-0.159009 -0.389079 -0 0.271692 0.854681
-0.147337 -0.403339 -0 0.261951 0.865424
-0.147337 -0.403339 -0 0.261951 0.865424
-0.159009 -0.389079 -0 0.271692 0.854681
-0.171893 -0.470565 -0 0.244053 0.81959
-0.159009 -0.389079 -0 0.271692 0.854681
-0.185511 -0.453925 -0 0.254759 0.808201
-0.171893 -0.470565 -0 0.244053 0.81959
-0.171893 -0.470565 -0 0.244053 0.81959
-0.185511 -0.453925 -0 0.254759 0.808201
-0.196449 -0.537787 -0 0.229829 0.77867
-0.185511 -0.453925 -0 0.254759 0.808201
-0.212012 -0.518774 -0 0.241343 0.76683
-0.196449 -0.537787 -0 0.229829 0.77867
-0.196449 -0.537787 -0 0.229829 0.77867
-0.212012 -0.518774 -0 0.241343 0.76683
-0.221006 -0.605012 -0 0.218495 0.742419
-0.212012 -0.518774 -0 0.241343 0.76683
-0.238513 -0.583619 -0 0.230684 0.730272
-0.221006 -0.605012 -0 0.218495 0.742419
-0.110752 -0.138832 -0 0.393832 0.983955
-0.110752 -0.134447 -0 0.396695 0.984782
-0.110752 -0.208248 -0 0.350343 0.968578
-0.110752 -0.134447 -0 0.396695 0.984782
-0.110752 -0.20167 -0 0.354304 0.9702
-0.110752 -0.208248 -0 0.350343 0.968578
-0.110752 -0.208248 -0 0.350343 0.968578
-0.110752 -0.20167 -0 0.354304 0.9702
-0.110752 -0.277664 -0 0.310822 0.949841
-0.110752 -0.20167 -0 0.354304 0.9702
-0.110752 -0.268894 -0 0.315579 0.952347
-0.110752 -0.277664 -0 0.310822 0.949841
-0.110752 -0.277664 -0 0.310822 0.949841
-0.110752 -0.268894 -0 0.315579 0.952347
-0.112718 -0.34708 -0 0.276232 0.926409
-0.110752 -0.268894 -0 0.315579 0.952347
-0.122781 -0.336118 -0 0.284422 0.91604
-0.112718 -0.34708 -0 0.276232 0.926409
-0.112718 -0.34708 -0 0.276232 0.926409
-0.122781 -0.336118 -0 0.284422 0.91604
-0.135261 -0.416496 -0 0.252632 0.876748
-0.122781 -0.336118 -0 0.284422 0.91604
-0.147337 -0.403339 -0 0.261951 0.865424
-0.135261 -0.416496 -0 0.252632 0.876748
-0.135261 -0.416496 -0 0.252632 0.876748
-0.147337 -0.403339 -0 0.261951 0.865424
-0.157805 -0.485914 -0 0.233776 0.831608
-0.147337 -0.403339 -0 0.261951 0.865424
-0.171893 -0.470565 -0 0.244053 0.81959
-0.157805 -0.485914 -0 0.233776 0.831608
-0.157805 -0.485914 -0 0.233776 0.831608
-0.171893 -0.470565 -0 0.244053 0.81959
-0.180348 -0.555328 -0 0.218745 0.791181
-0.171893 -0.470565 -0 0.244053 0.81959
-0.196449 -0.537787 -0 0.229829 0.77867
-0.180348 -0.555328 -0 0.218745 0.791181
-0.180348 -0.555328 -0 0.218745 0.791181
-0.196449 -0.537787 -0 0.229829 0.77867
-0.202892 -0.624746 -0 0.20673 0.755267
-0.196449 -0.537787 -0 0.229829 0.77867
-0.221006 -0.605012 -0 0.218495 0.742419
-0.202892 -0.624746 -0 0.20673 0.755267
-0.110752 -0.142837 -0 0.391229 0.983182
-0.110752 -0.138832 -0 0.393832 0.983955
-0.110752 -0.214255 -0 0.346757 0.967069
-0.110752 -0.138832 -0 0.393832 0.983955
-0.110752 -0.208248 -0 0.350343 0.968578
-0.110752 -0.214255 -0 0.346757 0.967069
-0.110752 -0.214255 -0 0.346757 0.967069
-0.110752 -0.208248 -0 0.350343 0.968578
-0.110752 -0.285674 -0 0.306539 0.947525
-0.110752 -0.208248 -0 0.350343 0.968578
-0.110752 -0.277664 -0 0.310822 0.949841
-0.110752 -0.285674 -0 0.306539 0.947525
-0.110752 -0.285674 -0 0.306539 0.947525
-0.110752 -0.277664 -0 0.310822 0.949841
-0.110752 -0.357092 -0 0.270945 0.925979
-0.110752 -0.277664 -0 0.310822 0.949841
-0.112718 -0.34708 -0 0.276232 0.926409
-0.110752 -0.357092 -0 0.270945 0.925979
-0.110752 -0.357092 -0 0.270945 0.925979
-0.112718 -0.34708 -0 0.276232 0.926409
-0.122815 -0.428512 -0 0.243755 0.888651
-0.112718 -0.34708 -0 0.276232 0.926409
-0.135261 -0.416496 -0 0.252632 0.876748
-0.122815 -0.428512 -0 0.243755 0.888651
-0.122815 -0.428512 -0 0.243755 0.888651
-0.135261 -0.416496 -0 0.252632 0.876748
-0.143284 -0.499929 -0 0.223951 0.844259
-0.135261 -0.416496 -0 0.252632 0.876748
-0.157805 -0.485914 -0 0.233776 0.831608
-0.143284 -0.499929 -0 0.223951 0.844259
-0.143284 -0.499929 -0 0.223951 0.844259
-0.157805 -0.485914 -0 0.233776 0.831608
-0.163753 -0.571347 -0 0.208111 0.804365
-0.157805 -0.485914 -0 0.233776 0.831608
-0.180348 -0.555328 -0 0.218745 0.791181
-0.163753 -0.571347 -0 0.208111 0.804365
-0.163753 -0.571347 -0 0.208111 0.804365
-0.180348 -0.555328 -0 0.218745 0.791181
-0.184222 -0.642765 -0 0.195412 0.768821
-0.180348 -0.555328 -0 0.218745 0.791181
-0.202892 -0.624746 -0 0.20673 0.755267
-0.184222 -0.642765 -0 0.195412 0.768821
-0.110752 -0.14645 -0 0.388889 0.982472
-0.110752 -0.142837 -0 0.391229 0.983182
-0.110752 -0.219675 -0 0.343548 0.965688
-0.110752 -0.142837 -0 0.391229 0.983182
-0.110752 -0.214255 -0 0.346757 0.967069
-0.110752 -0.219675 -0 0.343548 0.965688
-0.110752 -0.219675 -0 0.343548 0.965688
-0.110752 -0.214255 -0 0.346757 0.967069
-0.110752 -0.2929 -0 0.302726 0.945414
-0.110752 -0.214255 -0 0.346757 0.967069
-0.110752 -0.285674 -0 0.306539 0.947525
-0.110752 -0.2929 -0 0.302726 0.945414
-0.110752 -0.2929 -0 0.302726 0.945414
-0.110752 -0.285674 -0 0.306539 0.947525
-0.110752 -0.366125 -0 0.266772 0.923175
-0.110752 -0.285674 -0 0.306539 0.947525
-0.110752 -0.357092 -0 0.270945 0.925979
-0.110752 -0.366125 -0 0.266772 0.923175
-0.110752 -0.366125 -0 0.266772 0.923175
-0.110752 -0.357092 -0 0.270945 0.925979
-0.110752 -0.439348 -0 0.235571 0.900242
-0.110752 -0.357092 -0 0.270945 0.925979
-0.122815 -0.428512 -0 0.243755 0.888651
-0.110752 -0.439348 -0 0.235571 0.900242
-0.110752 -0.439348 -0 0.235571 0.900242
-0.122815 -0.428512 -0 0.243755 0.888651
-0.12837 -0.512574 -0 0.214597 0.857543
-0.122815 -0.428512 -0 0.243755 0.888651
-0.143284 -0.499929 -0 0.223951 0.844259
-0.12837 -0.512574 -0 0.214597 0.857543
-0.12837 -0.512574 -0 0.214597 0.857543
-0.143284 -0.499929 -0 0.223951 0.844259
-0.146709 -0.585799 -0 0.197951 0.818227
-0.143284 -0.499929 -0 0.223951 0.844259
-0.163753 -0.571347 -0 0.208111 0.804365
-0.146709 -0.585799 -0 0.197951 0.818227
-0.146709 -0.585799 -0 0.197951 0.818227
-0.163753 -0.571347 -0 0.208111 0.804365
-0.165047 -0.659025 -0 0.184561 0.783089
-0.163753 -0.571347 -0 0.208111 0.804365
-0.184222 -0.642765 -0 0.195412 0.768821
-0.165047 -0.659025 -0 0.184561 0.783089
-0.110752 -0.149662 -0 0.386816 0.981831
-0.110752 -0.14645 -0 0.388889 0.982472
-0.110752 -0.224493 -0 0.340717 0.964444
-0.110752 -0.14645 -0 0.388889 0.982472
-0.110752 -0.219675 -0 0.343548 0.965688
-0.110752 -0.224493 -0 0.340717 0.964444
-0.110752 -0.224493 -0 0.340717 0.964444
-0.110752 -0.219675 -0 0.343548 0.965688
-0.110752 -0.299324 -0 0.299376 0.943521
-0.110752 -0.219675 -0 0.343548 0.965688
-0.110752 -0.2929 -0 0.302726 0.945414
-0.110752 -0.299324 -0 0.299376 0.943521
-0.110752 -0.299324 -0 0.299376 0.943521
-0.110752 -0.2929 -0 0.302726 0.945414
-0.110752 -0.374155 -0 0.263124 0.920675
-0.110752 -0.2929 -0 0.302726 0.945414
-0.110752 -0.366125 -0 0.266772 0.923175
-0.110752 -0.374155 -0 0.263124 0.920675
-0.110752 -0.374155 -0 0.263124 0.920675
-0.110752 -0.366125 -0 0.266772 0.923175
-0.110752 -0.448987 -0 0.2318 0.897226
-0.110752 -0.366125 -0 0.266772 0.923175
-0.110752 -0.439348 -0 0.235571 0.900242
-0.110752 -0.448987 -0 0.2318 0.897226
-0.110752 -0.448987 -0 0.2318 0.897226
-0.110752 -0.439348 -0 0.235571 0.900242
-0.113104 -0.523816 -0 0.205736 0.871461
-0.110752 -0.439348 -0 0.235571 0.900242
-0.12837 -0.512574 -0 0.214597 0.857543
-0.113104 -0.523816 -0 0.205736 0.871461
-0.113104 -0.523816 -0 0.205736 0.871461
-0.12837 -0.512574 -0 0.214597 0.857543
-0.129262 -0.598648 -0 0.188284 0.832771
-0.12837 -0.512574 -0 0.214597 0.857543
-0.146709 -0.585799 -0 0.197951 0.818227
-0.129262 -0.598648 -0 0.188284 0.832771
-0.129262 -0.598648 -0 0.188284 0.832771
-0.146709 -0.585799 -0 0.197951 0.818227
-0.14542 -0.673477 -0 0.174198 0.798077
-0.146709 -0.585799 -0 0.197951 0.818227
-0.165047 -0.659025 -0 0.184561 0.783089
-0.14542 -0.673477 -0 0.174198 0.798077
-0.14542 -0.673477 -0 0.174198 0.798077
-0.165047 -0.659025 -0 0.184561 0.783089
-0.161578 -0.748309 -0 0.162769 0.767118
-0.110752 -0.152464 -0 0.385014 0.981264
-0.110752 -0.149662 -0 0.386816 0.981831
-0.110752 -0.228695 -0 0.338263 0.963347
-0.110752 -0.149662 -0 0.386816 0.981831
-0.110752 -0.224493 -0 0.340717 0.964444
-0.110752 -0.228695 -0 0.338263 0.963347
-0.110752 -0.228695 -0 0.338263 0.963347
-0.110752 -0.224493 -0 0.340717 0.964444
-0.110752 -0.304927 -0 0.296485 0.941858
-0.110752 -0.224493 -0 0.340717 0.964444
-0.110752 -0.299324 -0 0.299376 0.943521
-0.110752 -0.304927 -0 0.296485 0.941858
-0.110752 -0.304927 -0 0.296485 0.941858
-0.110752 -0.299324 -0 0.299376 0.943521
-0.110752 -0.381159 -0 0.259989 0.918488
-0.110752 -0.299324 -0 0.299376 0.943521
-0.110752 -0.374155 -0 0.263124 0.920675
-0.110752 -0.381159 -0 0.259989 0.918488
-0.110752 -0.381159 -0 0.259989 0.918488
-0.110752 -0.374155 -0 0.263124 0.920675
-0.110752 -0.457391 -0 0.228572 0.8946
-0.110752 -0.374155 -0 0.263124 0.920675
-0.110752 -0.448987 -0 0.2318 0.897226
-0.110752 -0.457391 -0 0.228572 0.8946
-0.110752 -0.457391 -0 0.228572 0.8946
-0.110752 -0.448987 -0 0.2318 0.897226
-0.110752 -0.533623 -0 0.201742 0.87115
-0.110752 -0.448987 -0 0.2318 0.897226
-0.113104 -0.523816 -0 0.205736 0.871461
-0.110752 -0.533623 -0 0.201742 0.87115
-0.110752 -0.533623 -0 0.201742 0.87115
-0.113104 -0.523816 -0 0.205736 0.871461
-0.111461 -0.609854 -0 0.179134 0.848004
-0.113104 -0.523816 -0 0.205736 0.871461
-0.129262 -0.598648 -0 0.188284 0.832771
-0.111461 -0.609854 -0 0.179134 0.848004
-0.111461 -0.609854 -0 0.179134 0.848004
-0.129262 -0.598648 -0 0.188284 0.832771
-0.125394 -0.686085 -0 0.164347 0.813796
-0.129262 -0.598648 -0 0.188284 0.832771
-0.14542 -0.673477 -0 0.174198 0.798077
-0.125394 -0.686085 -0 0.164347 0.813796
-0.125394 -0.686085 -0 0.164347 0.813796
-0.14542 -0.673477 -0 0.174198 0.798077
-0.139327 -0.762316 -0 0.152308 0.783177
-0.14542 -0.673477 -0 0.174198 0.798077
-0.161578 -0.748309 -0 0.162769 0.767118
-0.139327 -0.762316 -0 0.152308 0.783177
-0.110752 -0.154847 -0 0.383485 0.980775
-0.110752 -0.152464 -0 0.385014 0.981264
-0.110752 -0.232271 -0 0.336188 0.962405
-0.110752 -0.152464 -0 0.385014 0.981264
-0.110752 -0.228695 -0 0.338263 0.963347
-0.110752 -0.232271 -0 0.336188 0.962405
-0.110752 -0.232271 -0 0.336188 0.962405
-0.110752 -0.228695 -0 0.338263 0.963347
-0.110752 -0.309694 -0 0.294047 0.940435
-0.110752 -0.228695 -0 0.338263 0.963347
-0.110752 -0.304927 -0 0.296485 0.941858
-0.110752 -0.309694 -0 0.294047 0.940435
-0.110752 -0.309694 -0 0.294047 0.940435
-0.110752 -0.304927 -0 0.296485 0.941858
-0.110752 -0.387118 -0 0.257355 0.916625
-0.110752 -0.304927 -0 0.296485 0.941858
-0.110752 -0.381159 -0 0.259989 0.918488
-0.110752 -0.387118 -0 0.257355 0.916625
-0.110752 -0.387118 -0 0.257355 0.916625
-0.110752 -0.381159 -0 0.259989 0.918488
-0.110752 -0.464541 -0 0.225869 0.892369
-0.110752 -0.381159 -0 0.259989 0.918488
-0.110752 -0.457391 -0 0.228572 0.8946
-0.110752 -0.464541 -0 0.225869 0.892369
-0.110752 -0.464541 -0 0.225869 0.892369
-0.110752 -0.457391 -0 0.228572 0.8946
-0.110752 -0.541967 -0 0.199059 0.868638
-0.110752 -0.457391 -0 0.228572 0.8946
-0.110752 -0.533623 -0 0.201742 0.87115
-0.110752 -0.541967 -0 0.199059 0.868638
-0.110752 -0.541967 -0 0.199059 0.868638
-0.110752 -0.533623 -0 0.201742 0.87115
-0.110752 -0.619388 -0 0.176289 0.846024
-0.110752 -0.533623 -0 0.201742 0.87115
-0.111461 -0.609854 -0 0.179134 0.848004
-0.110752 -0.619388 -0 0.176289 0.846024
-0.110752 -0.619388 -0 0.176289 0.846024
-0.111461 -0.609854 -0 0.179134 0.848004
-0.110752 -0.696814 -0 0.156929 0.824834
-0.111461 -0.609854 -0 0.179134 0.848004
-0.125394 -0.686085 -0 0.164347 0.813796
-0.110752 -0.696814 -0 0.156929 0.824834
-0.110752 -0.696814 -0 0.156929 0.824834
-0.125394 -0.686085 -0 0.164347 0.813796
-0.116694 -0.774235 -0 0.14237 0.800012
-0.125394 -0.686085 -0 0.164347 0.813796
-0.139327 -0.762316 -0 0.152308 0.783177
-0.116694 -0.774235 -0 0.14237 0.800012
-0.110752 -0.0784034 -0 0.434239 0.993586
-0.110752 -0.0774235 -0 0.434908 0.993709
-0.110752 -0.156806 -0 0.382231 0.98037
-0.110752 -0.0774235 -0 0.434908 0.993709
-0.110752 -0.154847 -0 0.383485 0.980775
-0.110752 -0.156806 -0 0.382231 0.98037
-0.110752 -0.156806 -0 0.382231 0.98037
-0.110752 -0.154847 -0 0.383485 0.980775
-0.110752 -0.23521 -0 0.33449 0.961625
-0.110752 -0.154847 -0 0.383485 0.980775
-0.110752 -0.232271 -0 0.336188 0.962405
-0.110752 -0.23521 -0 0.33449 0.961625
-0.110752 -0.23521 -0 0.33449 0.961625
-0.110752 -0.232271 -0 0.336188 0.962405
-0.110752 -0.313613 -0 0.29206 0.939261
-0.110752 -0.232271 -0 0.336188 0.962405
-0.110752 -0.309694 -0 0.294047 0.940435
-0.110752 -0.313613 -0 0.29206 0.939261
-0.110752 -0.313613 -0 0.29206 0.939261
-0.110752 -0.309694 -0 0.294047 0.940435
-0.110752 -0.392016 -0 0.255213 0.915091
-0.110752 -0.309694 -0 0.294047 0.940435
-0.110752 -0.387118 -0 0.257355 0.916625
-0.110752 -0.392016 -0 0.255213 0.915091
-0.110752 -0.392016 -0 0.255213 0.915091
-0.110752 -0.387118 -0 0.257355 0.916625
-0.110752 -0.47042 -0 0.223677 0.89054
-0.110752 -0.387118 -0 0.257355 0.916625
-0.110752 -0.464541 -0 0.225869 0.892369
-0.110752 -0.47042 -0 0.223677 0.89054
-0.110752 -0.47042 -0 0.223677 0.89054
-0.110752 -0.464541 -0 0.225869 0.892369
-0.110752 -0.548824 -0 0.196888 0.866584
-0.110752 -0.464541 -0 0.225869 0.892369
-0.110752 -0.541967 -0 0.199059 0.868638
-0.110752 -0.548824 -0 0.196888 0.866584
-0.110752 -0.548824 -0 0.196888 0.866584
-0.110752 -0.541967 -0 0.199059 0.868638
-0.110752 -0.627227 -0 0.174184 0.843811
-0.110752 -0.541967 -0 0.199059 0.868638
-0.110752 -0.619388 -0 0.176289 0.846024
-0.110752 -0.627227 -0 0.174184 0.843811
-0.110752 -0.627227 -0 0.174184 0.843811
-0.110752 -0.619388 -0 0.176289 0.846024
-0.110752 -0.705631 -0 0.154915 0.822518
-0.110752 -0.619388 -0 0.176289 0.846024
-0.110752 -0.696814 -0 0.156929 0.824834
-0.110752 -0.705631 -0 0.154915 0.822518
-0.110752 -0.705631 -0 0.154915 0.822518
-0.110752 -0.696814 -0 0.156929 0.824834
-0.110752 -0.784034 -0 0.138503 0.802815
-0.110752 -0.696814 -0 0.156929 0.824834
-0.116694 -0.774235 -0 0.14237 0.800012
-0.110752 -0.784034 -0 0.138503 0.802815
-0.110752 -0.784034 -0 0.138503 0.802815
-0.116694 -0.774235 -0 0.14237 0.800012
-0.110752 -0.862434 -0 0.124453 0.784693
