0.0871015 0.215241 -0 0.610834 0.986124
0.0882036 0.215241 -0 0.612089 0.985777
0.130652 0.215241 -0 0.658379 0.96981
0.0882036 0.215241 -0 0.612089 0.985777
0.132306 0.215241 -0 0.660093 0.969097
0.130652 0.215241 -0 0.658379 0.96981
0.130652 0.215241 -0 0.658379 0.96981
0.132306 0.215241 -0 0.660093 0.969097
0.174203 0.215241 -0 0.701096 0.949315
0.132306 0.215241 -0 0.660093 0.969097
0.176407 0.215241 -0 0.703119 0.948198
0.174203 0.215241 -0 0.701096 0.949315
0.174203 0.215241 -0 0.701096 0.949315
0.176407 0.215241 -0 0.703119 0.948198
0.217754 0.215241 -0 0.738572 0.926358
0.176407 0.215241 -0 0.703119 0.948198
0.220509 0.215241 -0 0.740767 0.924858
0.217754 0.215241 -0 0.738572 0.926358
0.217754 0.215241 -0 0.738572 0.926358
0.220509 0.215241 -0 0.740767 0.924858
0.261304 0.215241 -0 0.770931 0.902396
0.220509 0.215241 -0 0.740767 0.924858
0.264611 0.215241 -0 0.77319 0.900569
0.261304 0.215241 -0 0.770931 0.902396
0.261304 0.215241 -0 0.770931 0.902396
0.264611 0.215241 -0 0.77319 0.900569
0.304856 0.215241 -0 0.798618 0.878506
0.264611 0.215241 -0 0.77319 0.900569
0.308713 0.215241 -0 0.800864 0.87642
0.304856 0.215241 -0 0.798618 0.878506
0.304856 0.215241 -0 0.798618 0.878506
0.308713 0.215241 -0 0.800864 0.87642
0.348406 0.215241 -0 0.822213 0.855395
0.308713 0.215241 -0 0.800864 0.87642
0.352815 0.215241 -0 0.824396 0.853117
0.348406 0.215241 -0 0.822213 0.855395
0.348406 0.215241 -0 0.822213 0.855395
0.352815 0.215241 -0 0.824396 0.853117
0.391958 0.215241 -0 0.842316 0.833476
0.352815 0.215241 -0 0.824396 0.853117
0.396917 0.215241 -0 0.84441 0.831067
0.391958 0.215241 -0 0.842316 0.833476
0.391958 0.215241 -0 0.842316 0.833476
0.396917 0.215241 -0 0.84441 0.831067
0.435507 0.215241 -0 0.859485 0.812955
0.396917 0.215241 -0 0.84441 0.831067
0.441019 0.215241 -0 0.861474 0.810462
0.435507 0.215241 -0 0.859485 0.812955
0.0857608 0.215241 -0 0.609304 0.986541
0.0871015 0.215241 -0 0.610834 0.986124
0.128641 0.215241 -0 0.656284 0.970669
0.0871015 0.215241 -0 0.610834 0.986124
0.130652 0.215241 -0 0.658379 0.96981
0.128641 0.215241 -0 0.656284 0.970669
0.128641 0.215241 -0 0.656284 0.970669
0.130652 0.215241 -0 0.658379 0.96981
0.171521 0.215241 -0 0.698616 0.950664
0.130652 0.215241 -0 0.658379 0.96981
0.174203 0.215241 -0 0.701096 0.949315
0.171521 0.215241 -0 0.698616 0.950664
0.171521 0.215241 -0 0.698616 0.950664
0.174203 0.215241 -0 0.701096 0.949315
0.214402 0.215241 -0 0.735873 0.928176
0.174203 0.215241 -0 0.701096 0.949315
0.217754 0.215241 -0 0.738572 0.926358
0.214402 0.215241 -0 0.735873 0.928176
0.214402 0.215241 -0 0.735873 0.928176
0.217754 0.215241 -0 0.738572 0.926358
0.257283 0.215241 -0 0.768146 0.90462
0.217754 0.215241 -0 0.738572 0.926358
0.261304 0.215241 -0 0.770931 0.902396
0.257283 0.215241 -0 0.768146 0.90462
0.257283 0.215241 -0 0.768146 0.90462
0.261304 0.215241 -0 0.770931 0.902396
0.300163 0.215241 -0 0.795842 0.881053
0.261304 0.215241 -0 0.770931 0.902396
0.304856 0.215241 -0 0.798618 0.878506
0.300163 0.215241 -0 0.795842 0.881053
0.300163 0.215241 -0 0.795842 0.881053
0.304856 0.215241 -0 0.798618 0.878506
0.343043 0.215241 -0 0.819507 0.858182
0.304856 0.215241 -0 0.798618 0.878506
0.348406 0.215241 -0 0.822213 0.855395
0.343043 0.215241 -0 0.819507 0.858182
0.343043 0.215241 -0 0.819507 0.858182
0.348406 0.215241 -0 0.822213 0.855395
0.385923 0.222923 -0 0.838545 0.832259
0.348406 0.215241 -0 0.822213 0.855395
0.391958 0.215241 -0 0.842316 0.833476
0.385923 0.222923 -0 0.838545 0.832259
0.385923 0.222923 -0 0.838545 0.832259
0.391958 0.215241 -0 0.842316 0.833476
0.428803 0.247692 -0 0.851997 0.799718
0.391958 0.215241 -0 0.842316 0.833476
0.435507 0.215241 -0 0.859485 0.812955
0.428803 0.247692 -0 0.851997 0.799718
0.0841848 0.215241 -0 0.607501 0.987024
0.0857608 0.215241 -0 0.609304 0.986541
0.126277 0.215241 -0 0.653808 0.971668
0.0857608 0.215241 -0 0.609304 0.986541
0.128641 0.215241 -0 0.656284 0.970669
0.126277 0.215241 -0 0.653808 0.971668
0.126277 0.215241 -0 0.653808 0.971668
0.128641 0.215241 -0 0.656284 0.970669
0.16837 0.215241 -0 0.695675 0.952239
0.128641 0.215241 -0 0.656284 0.970669
0.171521 0.215241 -0 0.698616 0.950664
0.16837 0.215241 -0 0.695675 0.952239
0.16837 0.215241 -0 0.695675 0.952239
0.171521 0.215241 -0 0.698616 0.950664
0.210462 0.215241 -0 0.732662 0.930307
0.171521 0.215241 -0 0.698616 0.950664
0.214402 0.215241 -0 0.735873 0.928176
0.210462 0.215241 -0 0.732662 0.930307
0.210462 0.215241 -0 0.732662 0.930307
0.214402 0.215241 -0 0.735873 0.928176
0.252555 0.215241 -0 0.764822 0.907234
0.214402 0.215241 -0 0.735873 0.928176
0.257283 0.215241 -0 0.768146 0.90462
0.252555 0.215241 -0 0.764822 0.907234
0.252555 0.215241 -0 0.764822 0.907234
0.257283 0.215241 -0 0.768146 0.90462
0.294646 0.215241 -0 0.792517 0.884057
0.257283 0.215241 -0 0.768146 0.90462
0.300163 0.215241 -0 0.795842 0.881053
0.294646 0.215241 -0 0.792517 0.884057
0.294646 0.215241 -0 0.792517 0.884057
0.300163 0.215241 -0 0.795842 0.881053
0.33674 0.229799 -0 0.814061 0.852877
0.300163 0.215241 -0 0.795842 0.881053
0.343043 0.215241 -0 0.819507 0.858182
0.33674 0.229799 -0 0.814061 0.852877
0.33674 0.229799 -0 0.814061 0.852877
0.343043 0.215241 -0 0.819507 0.858182
0.378831 0.258524 -0 0.829863 0.816318
0.343043 0.215241 -0 0.819507 0.858182
0.385923 0.222923 -0 0.838545 0.832259
0.378831 0.258524 -0 0.829863 0.816318
0.378831 0.258524 -0 0.829863 0.816318
0.385923 0.222923 -0 0.838545 0.832259
0.420924 0.287249 -0 0.842697 0.783352
0.385923 0.222923 -0 0.838545 0.832259
0.428803 0.247692 -0 0.851997 0.799718
0.420924 0.287249 -0 0.842697 0.783352
0.0823781 0.215241 -0 0.605428 0.987568
0.0841848 0.215241 -0 0.607501 0.987024
0.123567 0.215241 -0 0.650953 0.972796
0.0841848 0.215241 -0 0.607501 0.987024
0.126277 0.215241 -0 0.653808 0.971668
0.123567 0.215241 -0 0.650953 0.972796
0.123567 0.215241 -0 0.650953 0.972796
0.126277 0.215241 -0 0.653808 0.971668
0.164756 0.215241 -0 0.692271 0.954026
0.126277 0.215241 -0 0.653808 0.971668
0.16837 0.215241 -0 0.695675 0.952239
0.164756 0.215241 -0 0.692271 0.954026
0.164756 0.215241 -0 0.692271 0.954026
0.16837 0.215241 -0 0.695675 0.952239
0.205945 0.215241 -0 0.728929 0.932736
0.16837 0.215241 -0 0.695675 0.952239
0.210462 0.215241 -0 0.732662 0.930307
0.205945 0.215241 -0 0.728929 0.932736
0.205945 0.215241 -0 0.728929 0.932736
0.210462 0.215241 -0 0.732662 0.930307
0.247134 0.215241 -0 0.760941 0.910229
0.210462 0.215241 -0 0.732662 0.930307
0.252555 0.215241 -0 0.764822 0.907234
0.247134 0.215241 -0 0.760941 0.910229
0.247134 0.215241 -0 0.760941 0.910229
0.252555 0.215241 -0 0.764822 0.907234
0.288323 0.228213 -0 0.786742 0.879167
0.252555 0.215241 -0 0.764822 0.907234
0.294646 0.215241 -0 0.792517 0.884057
0.288323 0.228213 -0 0.786742 0.879167
0.288323 0.228213 -0 0.786742 0.879167
0.294646 0.215241 -0 0.792517 0.884057
0.329512 0.260815 -0 0.805463 0.838196
0.294646 0.215241 -0 0.792517 0.884057
0.33674 0.229799 -0 0.814061 0.852877
0.329512 0.260815 -0 0.805463 0.838196
0.329512 0.260815 -0 0.805463 0.838196
0.33674 0.229799 -0 0.814061 0.852877
0.370701 0.293417 -0 0.820565 0.801099
0.33674 0.229799 -0 0.814061 0.852877
0.378831 0.258524 -0 0.829863 0.816318
0.370701 0.293417 -0 0.820565 0.801099
0.370701 0.293417 -0 0.820565 0.801099
0.378831 0.258524 -0 0.829863 0.816318
0.411891 0.326019 -0 0.832786 0.76775
0.378831 0.258524 -0 0.829863 0.816318
0.420924 0.287249 -0 0.842697 0.783352
0.411891 0.326019 -0 0.832786 0.76775
0.0803458 0.215241 -0 0.603088 0.988167
0.0823781 0.215241 -0 0.605428 0.987568
0.120519 0.215241 -0 0.647718 0.974045
0.0823781 0.215241 -0 0.605428 0.987568
0.123567 0.215241 -0 0.650953 0.972796
0.120519 0.215241 -0 0.647718 0.974045
0.120519 0.215241 -0 0.647718 0.974045
0.123567 0.215241 -0 0.650953 0.972796
0.160691 0.215241 -0 0.688397 0.956014
0.123567 0.215241 -0 0.650953 0.972796
0.164756 0.215241 -0 0.692271 0.954026
0.160691 0.215241 -0 0.688397 0.956014
0.160691 0.215241 -0 0.688397 0.956014
0.164756 0.215241 -0 0.692271 0.954026
0.200864 0.215241 -0 0.724662 0.935452
0.164756 0.215241 -0 0.692271 0.954026
0.205945 0.215241 -0 0.728929 0.932736
0.200864 0.215241 -0 0.724662 0.935452
0.200864 0.215241 -0 0.724662 0.935452
0.205945 0.215241 -0 0.728929 0.932736
0.241038 0.218337 -0 0.756072 0.911431
0.205945 0.215241 -0 0.728929 0.932736
0.247134 0.215241 -0 0.760941 0.910229
0.241038 0.218337 -0 0.756072 0.911431
0.241038 0.218337 -0 0.756072 0.911431
0.247134 0.215241 -0 0.760941 0.910229
0.28121 0.254727 -0 0.778354 0.865833
0.247134 0.215241 -0 0.760941 0.910229
0.288323 0.228213 -0 0.786742 0.879167
0.28121 0.254727 -0 0.778354 0.865833
0.28121 0.254727 -0 0.778354 0.865833
0.288323 0.228213 -0 0.786742 0.879167
0.321383 0.291116 -0 0.796271 0.824185
0.288323 0.228213 -0 0.786742 0.879167
0.329512 0.260815 -0 0.805463 0.838196
0.321383 0.291116 -0 0.796271 0.824185
0.321383 0.291116 -0 0.796271 0.824185
0.329512 0.260815 -0 0.805463 0.838196
0.361555 0.327506 -0 0.810673 0.786597
0.329512 0.260815 -0 0.805463 0.838196
0.370701 0.293417 -0 0.820565 0.801099
0.361555 0.327506 -0 0.810673 0.786597
0.361555 0.327506 -0 0.810673 0.786597
0.370701 0.293417 -0 0.820565 0.801099
0.401728 0.363895 -0 0.822285 0.7529
0.370701 0.293417 -0 0.820565 0.801099
0.411891 0.326019 -0 0.832786 0.76775
0.401728 0.363895 -0 0.822285 0.7529
0.0780931 0.215241 -0 0.600486 0.988816
0.0803458 0.215241 -0 0.603088 0.988167
0.11714 0.215241 -0 0.644106 0.975402
0.0803458 0.215241 -0 0.603088 0.988167
0.120519 0.215241 -0 0.647718 0.974045
0.11714 0.215241 -0 0.644106 0.975402
0.11714 0.215241 -0 0.644106 0.975402
0.120519 0.215241 -0 0.647718 0.974045
0.156186 0.215241 -0 0.68405 0.958187
0.120519 0.215241 -0 0.647718 0.974045
0.160691 0.215241 -0 0.688397 0.956014
0.156186 0.215241 -0 0.68405 0.958187
0.156186 0.215241 -0 0.68405 0.958187
0.160691 0.215241 -0 0.688397 0.956014
0.195233 0.215241 -0 0.719849 0.938438
0.160691 0.215241 -0 0.688397 0.956014
0.200864 0.215241 -0 0.724662 0.935452
0.195233 0.215241 -0 0.719849 0.938438
0.195233 0.215241 -0 0.719849 0.938438
0.200864 0.215241 -0 0.724662 0.935452
0.234279 0.240464 -0 0.748056 0.899561
0.200864 0.215241 -0 0.724662 0.935452
0.241038 0.218337 -0 0.756072 0.911431
0.234279 0.240464 -0 0.748056 0.899561
0.234279 0.240464 -0 0.748056 0.899561
0.241038 0.218337 -0 0.756072 0.911431
0.273327 0.280542 -0 0.769402 0.853117
0.241038 0.218337 -0 0.756072 0.911431
0.28121 0.254727 -0 0.778354 0.865833
0.273327 0.280542 -0 0.769402 0.853117
0.273327 0.280542 -0 0.769402 0.853117
0.28121 0.254727 -0 0.778354 0.865833
0.312372 0.320619 -0 0.786508 0.810843
0.28121 0.254727 -0 0.778354 0.865833
0.321383 0.291116 -0 0.796271 0.824185
0.312372 0.320619 -0 0.786508 0.810843
0.312372 0.320619 -0 0.786508 0.810843
0.321383 0.291116 -0 0.796271 0.824185
0.35142 0.360697 -0 0.800209 0.772806
0.321383 0.291116 -0 0.796271 0.824185
0.361555 0.327506 -0 0.810673 0.786597
0.35142 0.360697 -0 0.800209 0.772806
0.0756263 0.215241 -0 0.597626 0.989508
0.0780931 0.215241 -0 0.600486 0.988816
0.11344 0.215241 -0 0.640119 0.976857
0.0780931 0.215241 -0 0.600486 0.988816
0.11714 0.215241 -0 0.644106 0.975402
0.11344 0.215241 -0 0.640119 0.976857
0.11344 0.215241 -0 0.640119 0.976857
0.11714 0.215241 -0 0.644106 0.975402
0.151253 0.215241 -0 0.679227 0.960528
0.11714 0.215241 -0 0.644106 0.975402
0.156186 0.215241 -0 0.68405 0.958187
0.151253 0.215241 -0 0.679227 0.960528
0.151253 0.215241 -0 0.679227 0.960528
0.156186 0.215241 -0 0.68405 0.958187
0.189066 0.218277 -0 0.714128 0.939371
0.156186 0.215241 -0 0.68405 0.958187
0.195233 0.215241 -0 0.719849 0.938438
0.189066 0.218277 -0 0.714128 0.939371
0.189066 0.218277 -0 0.714128 0.939371
0.195233 0.215241 -0 0.719849 0.938438
0.226878 0.261933 -0 0.739515 0.888249
0.195233 0.215241 -0 0.719849 0.938438
0.234279 0.240464 -0 0.748056 0.899561
0.226878 0.261933 -0 0.739515 0.888249
0.226878 0.261933 -0 0.739515 0.888249
0.234279 0.240464 -0 0.748056 0.899561
0.264693 0.305588 -0 0.759907 0.841017
0.234279 0.240464 -0 0.748056 0.899561
0.273327 0.280542 -0 0.769402 0.853117
0.264693 0.305588 -0 0.759907 0.841017
0.264693 0.305588 -0 0.759907 0.841017
0.273327 0.280542 -0 0.769402 0.853117
0.302505 0.349243 -0 0.776193 0.798168
0.273327 0.280542 -0 0.769402 0.853117
0.312372 0.320619 -0 0.786508 0.810843
0.302505 0.349243 -0 0.776193 0.798168
0.302505 0.349243 -0 0.776193 0.798168
0.312372 0.320619 -0 0.786508 0.810843
0.340319 0.392899 -0 0.789193 0.759721
0.312372 0.320619 -0 0.786508 0.810843
0.35142 0.360697 -0 0.800209 0.772806
0.340319 0.392899 -0 0.789193 0.759721
0.0729525 0.215241 -0 0.594513 0.990234
0.0756263 0.215241 -0 0.597626 0.989508
0.109429 0.215241 -0 0.635761 0.978393
0.0756263 0.215241 -0 0.597626 0.989508
0.11344 0.215241 -0 0.640119 0.976857
0.109429 0.215241 -0 0.635761 0.978393
0.109429 0.215241 -0 0.635761 0.978393
0.11344 0.215241 -0 0.640119 0.976857
0.145905 0.215241 -0 0.673924 0.963017
0.11344 0.215241 -0 0.640119 0.976857
0.151253 0.215241 -0 0.679227 0.960528
0.145905 0.215241 -0 0.673924 0.963017
0.145905 0.215241 -0 0.673924 0.963017
0.151253 0.215241 -0 0.679227 0.960528
0.182381 0.235569 -0 0.706219 0.929597
0.151253 0.215241 -0 0.679227 0.960528
0.189066 0.218277 -0 0.714128 0.939371
0.182381 0.235569 -0 0.706219 0.929597
0.182381 0.235569 -0 0.706219 0.929597
0.189066 0.218277 -0 0.714128 0.939371
0.218857 0.282683 -0 0.730472 0.8775
0.189066 0.218277 -0 0.714128 0.939371
0.226878 0.261933 -0 0.739515 0.888249
0.218857 0.282683 -0 0.730472 0.8775
0.218857 0.282683 -0 0.730472 0.8775
0.226878 0.261933 -0 0.739515 0.888249
0.255333 0.329796 -0 0.749891 0.829538
0.226878 0.261933 -0 0.739515 0.888249
0.264693 0.305588 -0 0.759907 0.841017
0.255333 0.329796 -0 0.749891 0.829538
0.255333 0.329796 -0 0.749891 0.829538
0.264693 0.305588 -0 0.759907 0.841017
0.29181 0.37691 -0 0.76535 0.786159
0.264693 0.305588 -0 0.759907 0.841017
0.302505 0.349243 -0 0.776193 0.798168
0.29181 0.37691 -0 0.76535 0.786159
0.29181 0.37691 -0 0.76535 0.786159
0.302505 0.349243 -0 0.776193 0.798168
0.328286 0.424023 -0 0.777649 0.747339
0.302505 0.349243 -0 0.776193 0.798168
0.340319 0.392899 -0 0.789193 0.759721
0.328286 0.424023 -0 0.777649 0.747339
0.0700784 0.215241 -0 0.591154 0.990988
0.0729525 0.215241 -0 0.594513 0.990234
0.105118 0.215241 -0 0.631034 0.979996
0.0729525 0.215241 -0 0.594513 0.990234
0.109429 0.215241 -0 0.635761 0.978393
0.105118 0.215241 -0 0.631034 0.979996
0.105118 0.215241 -0 0.631034 0.979996
0.109429 0.215241 -0 0.635761 0.978393
0.140157 0.215241 -0 0.668138 0.965632
0.109429 0.215241 -0 0.635761 0.978393
0.145905 0.215241 -0 0.673924 0.963017
0.140157 0.215241 -0 0.668138 0.965632
0.140157 0.215241 -0 0.668138 0.965632
0.145905 0.215241 -0 0.673924 0.963017
0.175196 0.252215 -0 0.697858 0.920322
0.145905 0.215241 -0 0.673924 0.963017
0.182381 0.235569 -0 0.706219 0.929597
0.175196 0.252215 -0 0.697858 0.920322
0.175196 0.252215 -0 0.697858 0.920322
0.182381 0.235569 -0 0.706219 0.929597
0.210235 0.302658 -0 0.720945 0.867316
0.182381 0.235569 -0 0.706219 0.929597
0.218857 0.282683 -0 0.730472 0.8775
0.210235 0.302658 -0 0.720945 0.867316
0.210235 0.302658 -0 0.720945 0.867316
0.218857 0.282683 -0 0.730472 0.8775
0.245274 0.353101 -0 0.739377 0.81868
0.218857 0.282683 -0 0.730472 0.8775
0.255333 0.329796 -0 0.749891 0.829538
0.245274 0.353101 -0 0.739377 0.81868
0.245274 0.353101 -0 0.739377 0.81868
0.255333 0.329796 -0 0.749891 0.829538
0.280313 0.403543 -0 0.754003 0.774815
0.255333 0.329796 -0 0.749891 0.829538
0.29181 0.37691 -0 0.76535 0.786159
0.280313 0.403543 -0 0.754003 0.774815
0.280313 0.403543 -0 0.754003 0.774815
0.29181 0.37691 -0 0.76535 0.786159
0.315352 0.453989 -0 0.765599 0.735657
0.29181 0.37691 -0 0.76535 0.786159
0.328286 0.424023 -0 0.777649 0.747339
0.315352 0.453989 -0 0.765599 0.735657
0.0670125 0.215241 -0 0.587556 0.991761
0.0700784 0.215241 -0 0.591154 0.990988
0.100519 0.215241 -0 0.625944 0.98165
0.0700784 0.215241 -0 0.591154 0.990988
0.105118 0.215241 -0 0.631034 0.979996
0.100519 0.215241 -0 0.625944 0.98165
0.100519 0.215241 -0 0.625944 0.98165
0.105118 0.215241 -0 0.631034 0.979996
0.134025 0.215241 -0 0.661869 0.96835
0.105118 0.215241 -0 0.631034 0.979996
0.140157 0.215241 -0 0.668138 0.965632
0.134025 0.215241 -0 0.661869 0.96835
0.134025 0.215241 -0 0.661869 0.96835
0.140157 0.215241 -0 0.668138 0.965632
0.167531 0.26817 -0 0.689066 0.911552
0.140157 0.215241 -0 0.668138 0.965632
0.175196 0.252215 -0 0.697858 0.920322
0.167531 0.26817 -0 0.689066 0.911552
0.167531 0.26817 -0 0.689066 0.911552
0.175196 0.252215 -0 0.697858 0.920322
0.201037 0.321804 -0 0.71096 0.857702
0.175196 0.252215 -0 0.697858 0.920322
0.210235 0.302658 -0 0.720945 0.867316
0.201037 0.321804 -0 0.71096 0.857702
0.201037 0.321804 -0 0.71096 0.857702
0.210235 0.302658 -0 0.720945 0.867316
0.234543 0.375438 -0 0.728388 0.808444
0.210235 0.302658 -0 0.720945 0.867316
0.245274 0.353101 -0 0.739377 0.81868
0.234543 0.375438 -0 0.728388 0.808444
0.234543 0.375438 -0 0.728388 0.808444
0.245274 0.353101 -0 0.739377 0.81868
0.268049 0.429073 -0 0.742173 0.764136
0.245274 0.353101 -0 0.739377 0.81868
0.280313 0.403543 -0 0.754003 0.774815
0.268049 0.429073 -0 0.742173 0.764136
0.268049 0.429073 -0 0.742173 0.764136
0.280313 0.403543 -0 0.754003 0.774815
0.301556 0.482708 -0 0.753069 0.724673
0.280313 0.403543 -0 0.754003 0.774815
0.315352 0.453989 -0 0.765599 0.735657
0.301556 0.482708 -0 0.753069 0.724673
0.0637628 0.215241 -0 0.583725 0.992545
0.0670125 0.215241 -0 0.587556 0.991761
0.0956441 0.215241 -0 0.620499 0.983337
0.0670125 0.215241 -0 0.587556 0.991761
0.100519 0.215241 -0 0.625944 0.98165
0.0956441 0.215241 -0 0.620499 0.983337
0.0956441 0.215241 -0 0.620499 0.983337
0.100519 0.215241 -0 0.625944 0.98165
0.127525 0.226712 -0 0.65417 0.961696
0.100519 0.215241 -0 0.625944 0.98165
0.134025 0.215241 -0 0.661869 0.96835
0.127525 0.226712 -0 0.65417 0.961696
0.127525 0.226712 -0 0.65417 0.961696
0.134025 0.215241 -0 0.661869 0.96835
0.159407 0.28339 -0 0.679863 0.903293
0.134025 0.215241 -0 0.661869 0.96835
0.167531 0.26817 -0 0.689066 0.911552
0.159407 0.28339 -0 0.679863 0.903293
0.159407 0.28339 -0 0.679863 0.903293
0.167531 0.26817 -0 0.689066 0.911552
0.191288 0.340068 -0 0.700539 0.848664
0.167531 0.26817 -0 0.689066 0.911552
0.201037 0.321804 -0 0.71096 0.857702
0.191288 0.340068 -0 0.700539 0.848664
0.191288 0.340068 -0 0.700539 0.848664
0.201037 0.321804 -0 0.71096 0.857702
0.22317 0.396746 -0 0.716948 0.798834
0.201037 0.321804 -0 0.71096 0.857702
0.234543 0.375438 -0 0.728388 0.808444
0.22317 0.396746 -0 0.716948 0.798834
0.22317 0.396746 -0 0.716948 0.798834
0.234543 0.375438 -0 0.728388 0.808444
0.255051 0.453424 -0 0.729888 0.754123
0.234543 0.375438 -0 0.728388 0.808444
0.268049 0.429073 -0 0.742173 0.764136
0.255051 0.453424 -0 0.729888 0.754123
0.255051 0.453424 -0 0.729888 0.754123
0.268049 0.429073 -0 0.742173 0.764136
0.286932 0.510101 -0 0.740083 0.714386
0.268049 0.429073 -0 0.742173 0.764136
0.301556 0.482708 -0 0.753069 0.724673
0.286932 0.510101 -0 0.740083 0.714386
0.0603382 0.215241 -0 0.579672 0.993331
0.0637628 0.215241 -0 0.583725 0.992545
0.0905073 0.215241 -0 0.614705 0.985039
0.0637628 0.215241 -0 0.583725 0.992545
0.0956441 0.215241 -0 0.620499 0.983337
0.0905073 0.215241 -0 0.614705 0.985039
0.0905073 0.215241 -0 0.614705 0.985039
0.0956441 0.215241 -0 0.620499 0.983337
0.120676 0.238267 -0 0.646064 0.954904
0.0956441 0.215241 -0 0.620499 0.983337
0.127525 0.226712 -0 0.65417 0.961696
0.120676 0.238267 -0 0.646064 0.954904
0.120676 0.238267 -0 0.646064 0.954904
0.127525 0.226712 -0 0.65417 0.961696
0.150846 0.297833 -0 0.670273 0.895549
0.127525 0.226712 -0 0.65417 0.961696
0.159407 0.28339 -0 0.679863 0.903293
0.150846 0.297833 -0 0.670273 0.895549
0.150846 0.297833 -0 0.670273 0.895549
0.159407 0.28339 -0 0.679863 0.903293
0.181015 0.3574 -0 0.689705 0.840202
0.159407 0.28339 -0 0.679863 0.903293
0.191288 0.340068 -0 0.700539 0.848664
0.181015 0.3574 -0 0.689705 0.840202
0.181015 0.3574 -0 0.689705 0.840202
0.191288 0.340068 -0 0.700539 0.848664
0.211184 0.416965 -0 0.705084 0.789851
0.191288 0.340068 -0 0.700539 0.848664
0.22317 0.396746 -0 0.716948 0.798834
0.211184 0.416965 -0 0.705084 0.789851
0.211184 0.416965 -0 0.705084 0.789851
0.22317 0.396746 -0 0.716948 0.798834
0.241353 0.476532 -0 0.717174 0.744775
0.22317 0.396746 -0 0.716948 0.798834
0.255051 0.453424 -0 0.729888 0.754123
0.241353 0.476532 -0 0.717174 0.744775
0.241353 0.476532 -0 0.717174 0.744775
0.255051 0.453424 -0 0.729888 0.754123
0.271523 0.536099 -0 0.726669 0.704797
0.255051 0.453424 -0 0.729888 0.754123
0.286932 0.510101 -0 0.740083 0.714386
0.271523 0.536099 -0 0.726669 0.704797
0.0567484 0.215241 -0 0.575405 0.994111
0.0603382 0.215241 -0 0.579672 0.993331
0.0851226 0.215241 -0 0.608575 0.986737
0.0603382 0.215241 -0 0.579672 0.993331
0.0905073 0.215241 -0 0.614705 0.985039
0.0851226 0.215241 -0 0.608575 0.986737
0.120676 0.238267 -0 0.646064 0.954904
0.150846 0.297833 -0 0.670273 0.895549
0.141871 0.31146 -0 0.660319 0.888326
0.141871 0.31146 -0 0.660319 0.888326
0.150846 0.297833 -0 0.670273 0.895549
0.170245 0.373752 -0 0.678485 0.832322
0.150846 0.297833 -0 0.670273 0.895549
0.181015 0.3574 -0 0.689705 0.840202
0.170245 0.373752 -0 0.678485 0.832322
0.170245 0.373752 -0 0.678485 0.832322
0.181015 0.3574 -0 0.689705 0.840202
0.19862 0.436042 -0 0.692821 0.781499
0.181015 0.3574 -0 0.689705 0.840202
0.211184 0.416965 -0 0.705084 0.789851
0.19862 0.436042 -0 0.692821 0.781499
0.19862 0.436042 -0 0.692821 0.781499
0.211184 0.416965 -0 0.705084 0.789851
0.226993 0.498334 -0 0.704057 0.736096
0.211184 0.416965 -0 0.705084 0.789851
0.241353 0.476532 -0 0.717174 0.744775
0.226993 0.498334 -0 0.704057 0.736096
0.226993 0.498334 -0 0.704057 0.736096
0.241353 0.476532 -0 0.717174 0.744775
0.255369 0.560627 -0 0.712855 0.695904
0.241353 0.476532 -0 0.717174 0.744775
0.271523 0.536099 -0 0.726669 0.704797
0.255369 0.560627 -0 0.712855 0.695904
0.053003 0.215241 -0 0.570933 0.994874
0.0567484 0.215241 -0 0.575405 0.994111
0.0795045 0.215241 -0 0.602117 0.988411
0.0567484 0.215241 -0 0.575405 0.994111
0.0851226 0.215241 -0 0.608575 0.986737
0.0795045 0.215241 -0 0.602117 0.988411
0.132508 0.324233 -0 0.650024 0.881629
0.141871 0.31146 -0 0.660319 0.888326
0.159009 0.389079 -0 0.666903 0.825029
0.141871 0.31146 -0 0.660319 0.888326
0.170245 0.373752 -0 0.678485 0.832322
0.159009 0.389079 -0 0.666903 0.825029
0.159009 0.389079 -0 0.666903 0.825029
0.170245 0.373752 -0 0.678485 0.832322
0.185511 0.453925 -0 0.680186 0.77378
0.170245 0.373752 -0 0.678485 0.832322
0.19862 0.436042 -0 0.692821 0.781499
0.185511 0.453925 -0 0.680186 0.77378
0.185511 0.453925 -0 0.680186 0.77378
0.19862 0.436042 -0 0.692821 0.781499
0.212012 0.518774 -0 0.690566 0.728087
0.19862 0.436042 -0 0.692821 0.781499
0.226993 0.498334 -0 0.704057 0.736096
0.212012 0.518774 -0 0.690566 0.728087
0.212012 0.518774 -0 0.690566 0.728087
0.226993 0.498334 -0 0.704057 0.736096
0.238513 0.583619 -0 0.698668 0.687708
0.226993 0.498334 -0 0.704057 0.736096
0.255369 0.560627 -0 0.712855 0.695904
0.238513 0.583619 -0 0.698668 0.687708
0.0491124 0.215241 -0 0.56627 0.995612
0.053003 0.215241 -0 0.570933 0.994874
0.0736684 0.215241 -0 0.595348 0.990042
0.053003 0.215241 -0 0.570933 0.994874
0.0795045 0.215241 -0 0.602117 0.988411
0.0736684 0.215241 -0 0.595348 0.990042
0.122781 0.336118 -0 0.639413 0.875463
0.132508 0.324233 -0 0.650024 0.881629
0.147337 0.403339 -0 0.654987 0.818325
0.132508 0.324233 -0 0.650024 0.881629
0.159009 0.389079 -0 0.666903 0.825029
0.147337 0.403339 -0 0.654987 0.818325
0.147337 0.403339 -0 0.654987 0.818325
0.159009 0.389079 -0 0.666903 0.825029
0.171893 0.470565 -0 0.667208 0.766696
0.159009 0.389079 -0 0.666903 0.825029
0.185511 0.453925 -0 0.680186 0.77378
0.171893 0.470565 -0 0.667208 0.766696
0.171893 0.470565 -0 0.667208 0.766696
0.185511 0.453925 -0 0.680186 0.77378
0.196449 0.537787 -0 0.676731 0.720751
0.185511 0.453925 -0 0.680186 0.77378
0.212012 0.518774 -0 0.690566 0.728087
0.196449 0.537787 -0 0.676731 0.720751
0.196449 0.537787 -0 0.676731 0.720751
0.212012 0.518774 -0 0.690566 0.728087
0.221006 0.605012 -0 0.684141 0.680212
0.212012 0.518774 -0 0.690566 0.728087
0.238513 0.583619 -0 0.698668 0.687708
0.221006 0.605012 -0 0.684141 0.680212
0.0450871 0.215241 -0 0.561427 0.996318
0.0491124 0.215241 -0 0.56627 0.995612
0.0676306 0.215241 -0 0.588282 0.991608
0.0491124 0.215241 -0 0.56627 0.995612
0.0736684 0.215241 -0 0.595348 0.990042
0.0676306 0.215241 -0 0.588282 0.991608
0.122781 0.336118 -0 0.639413 0.875463
0.147337 0.403339 -0 0.654987 0.818325
0.135261 0.416496 -0 0.642763 0.812215
0.135261 0.416496 -0 0.642763 0.812215
0.147337 0.403339 -0 0.654987 0.818325
0.157805 0.485914 -0 0.653916 0.760253
0.147337 0.403339 -0 0.654987 0.818325
0.171893 0.470565 -0 0.667208 0.766696
0.157805 0.485914 -0 0.653916 0.760253
0.157805 0.485914 -0 0.653916 0.760253
0.171893 0.470565 -0 0.667208 0.766696
0.180348 0.555328 -0 0.662581 0.714088
0.171893 0.470565 -0 0.667208 0.766696
0.196449 0.537787 -0 0.676731 0.720751
0.180348 0.555328 -0 0.662581 0.714088
0.180348 0.555328 -0 0.662581 0.714088
0.196449 0.537787 -0 0.676731 0.720751
0.202892 0.624746 -0 0.669302 0.673416
0.196449 0.537787 -0 0.676731 0.720751
0.221006 0.605012 -0 0.684141 0.680212
0.202892 0.624746 -0 0.669302 0.673416
0.0450871 0.215241 -0 0.561427 0.996318
0.0676306 0.215241 -0 0.588282 0.991608
0.0614072 0.215241 -0 0.580939 0.993091
0.122815 0.428512 -0 0.630259 0.806701
0.135261 0.416496 -0 0.642763 0.812215
0.143284 0.499929 -0 0.640339 0.75445
0.135261 0.416496 -0 0.642763 0.812215
0.157805 0.485914 -0 0.653916 0.760253
0.143284 0.499929 -0 0.640339 0.75445
0.143284 0.499929 -0 0.640339 0.75445
0.157805 0.485914 -0 0.653916 0.760253
0.163753 0.571347 -0 0.648147 0.7081
0.157805 0.485914 -0 0.653916 0.760253
0.180348 0.555328 -0 0.662581 0.714088
0.163753 0.571347 -0 0.648147 0.7081
0.163753 0.571347 -0 0.648147 0.7081
0.180348 0.555328 -0 0.662581 0.714088
0.184222 0.642765 -0 0.654183 0.667321
0.180348 0.555328 -0 0.662581 0.714088
0.202892 0.624746 -0 0.669302 0.673416
0.184222 0.642765 -0 0.654183 0.667321
0.122815 0.428512 -0 0.630259 0.806701
0.143284 0.499929 -0 0.640339 0.75445
0.12837 0.512574 -0 0.626507 0.749294
0.12837 0.512574 -0 0.626507 0.749294
0.143284 0.499929 -0 0.640339 0.75445
0.146709 0.585799 -0 0.633458 0.702791
0.143284 0.499929 -0 0.640339 0.75445
0.163753 0.571347 -0 0.648147 0.7081
0.146709 0.585799 -0 0.633458 0.702791
0.146709 0.585799 -0 0.633458 0.702791
0.163753 0.571347 -0 0.648147 0.7081
0.165047 0.659025 -0 0.638815 0.661928
0.163753 0.571347 -0 0.648147 0.7081
0.184222 0.642765 -0 0.654183 0.667321
0.165047 0.659025 -0 0.638815 0.661928
0.165047 0.659025 -0 0.638815 0.661928
0.184222 0.642765 -0 0.654183 0.667321
0.183386 0.73225 -0 0.642952 0.626139
0.12837 0.512574 -0 0.626507 0.749294
0.146709 0.585799 -0 0.633458 0.702791
0.129262 0.598648 -0 0.618544 0.69816
0.129262 0.598648 -0 0.618544 0.69816
0.146709 0.585799 -0 0.633458 0.702791
0.14542 0.673477 -0 0.623227 0.657236
0.146709 0.585799 -0 0.633458 0.702791
0.165047 0.659025 -0 0.638815 0.661928
0.14542 0.673477 -0 0.623227 0.657236
0.14542 0.673477 -0 0.623227 0.657236
0.165047 0.659025 -0 0.638815 0.661928
0.161578 0.748309 -0 0.626829 0.621426
0.165047 0.659025 -0 0.638815 0.661928
0.183386 0.73225 -0 0.642952 0.626139
0.161578 0.748309 -0 0.626829 0.621426
0.129262 0.598648 -0 0.618544 0.69816
0.14542 0.673477 -0 0.623227 0.657236
0.125394 0.686085 -0 0.607449 0.653246
0.125394 0.686085 -0 0.607449 0.653246
0.14542 0.673477 -0 0.623227 0.657236
0.139327 0.762316 -0 0.610521 0.617431
0.14542 0.673477 -0 0.623227 0.657236
0.161578 0.748309 -0 0.626829 0.621426
0.139327 0.762316 -0 0.610521 0.617431
-0.129262 0.598648 -0 0.402522 0.703572
-0.111461 0.609854 -0 0.417535 0.698941
-0.14542 0.673477 -0 0.398017 0.663781
-0.111461 0.609854 -0 0.417535 0.698941
-0.125394 0.686085 -0 0.413677 0.658961
-0.14542 0.673477 -0 0.398017 0.663781
-0.14542 0.673477 -0 0.398017 0.663781
-0.125394 0.686085 -0 0.413677 0.658961
-0.161578 0.748309 -0 0.394407 0.628974
-0.125394 0.686085 -0 0.413677 0.658961
-0.139327 0.762316 -0 0.410578 0.624012
-0.161578 0.748309 -0 0.394407 0.628974
-0.12837 0.512574 -0 0.394174 0.753923
-0.113104 0.523816 -0 0.408168 0.748941
-0.146709 0.585799 -0 0.387709 0.708833
-0.113104 0.523816 -0 0.408168 0.748941
-0.129262 0.598648 -0 0.402522 0.703572
-0.146709 0.585799 -0 0.387709 0.708833
-0.146709 0.585799 -0 0.387709 0.708833
-0.129262 0.598648 -0 0.402522 0.703572
-0.165047 0.659025 -0 0.382557 0.669251
-0.129262 0.598648 -0 0.402522 0.703572
-0.14542 0.673477 -0 0.398017 0.663781
-0.165047 0.659025 -0 0.382557 0.669251
-0.165047 0.659025 -0 0.382557 0.669251
-0.14542 0.673477 -0 0.398017 0.663781
-0.183386 0.73225 -0 0.378434 0.634599
-0.14542 0.673477 -0 0.398017 0.663781
-0.161578 0.748309 -0 0.394407 0.628974
-0.183386 0.73225 -0 0.378434 0.634599
-0.143284 0.499929 -0 0.380402 0.759503
-0.12837 0.512574 -0 0.394174 0.753923
-0.163753 0.571347 -0 0.373119 0.714721
-0.12837 0.512574 -0 0.394174 0.753923
-0.146709 0.585799 -0 0.387709 0.708833
-0.163753 0.571347 -0 0.373119 0.714721
-0.163753 0.571347 -0 0.373119 0.714721
-0.146709 0.585799 -0 0.387709 0.708833
-0.184222 0.642765 -0 0.367321 0.675367
-0.146709 0.585799 -0 0.387709 0.708833
-0.165047 0.659025 -0 0.382557 0.669251
-0.184222 0.642765 -0 0.367321 0.675367
-0.135261 0.416496 -0 0.377052 0.815828
-0.122815 0.428512 -0 0.389554 0.810095
-0.157805 0.485914 -0 0.366877 0.765678
-0.122815 0.428512 -0 0.389554 0.810095
-0.143284 0.499929 -0 0.380402 0.759503
-0.157805 0.485914 -0 0.366877 0.765678
-0.157805 0.485914 -0 0.366877 0.765678
-0.143284 0.499929 -0 0.380402 0.759503
-0.180348 0.555328 -0 0.358781 0.72123
-0.143284 0.499929 -0 0.380402 0.759503
-0.163753 0.571347 -0 0.373119 0.714721
-0.180348 0.555328 -0 0.358781 0.72123
-0.180348 0.555328 -0 0.358781 0.72123
-0.163753 0.571347 -0 0.373119 0.714721
-0.202892 0.624746 -0 0.352334 0.682124
-0.163753 0.571347 -0 0.373119 0.714721
-0.184222 0.642765 -0 0.367321 0.675367
-0.202892 0.624746 -0 0.352334 0.682124
-0.0491124 0.215241 -0 0.446871 0.994877
-0.0450871 0.215241 -0 0.45166 0.995631
-0.0736684 0.215241 -0 0.418207 0.989082
-0.0450871 0.215241 -0 0.45166 0.995631
-0.0676306 0.215241 -0 0.425158 0.990689
-0.0736684 0.215241 -0 0.418207 0.989082
-0.122781 0.336118 -0 0.378813 0.877303
-0.112718 0.34708 -0 0.389786 0.871641
-0.147337 0.403339 -0 0.364815 0.822109
-0.112718 0.34708 -0 0.389786 0.871641
-0.135261 0.416496 -0 0.377052 0.815828
-0.147337 0.403339 -0 0.364815 0.822109
-0.147337 0.403339 -0 0.364815 0.822109
-0.135261 0.416496 -0 0.377052 0.815828
-0.171893 0.470565 -0 0.353625 0.772439
-0.135261 0.416496 -0 0.377052 0.815828
-0.157805 0.485914 -0 0.366877 0.765678
-0.171893 0.470565 -0 0.353625 0.772439
-0.171893 0.470565 -0 0.353625 0.772439
-0.157805 0.485914 -0 0.366877 0.765678
-0.196449 0.537787 -0 0.344717 0.728352
-0.157805 0.485914 -0 0.366877 0.765678
-0.180348 0.555328 -0 0.358781 0.72123
-0.196449 0.537787 -0 0.344717 0.728352
-0.196449 0.537787 -0 0.344717 0.728352
-0.180348 0.555328 -0 0.358781 0.72123
-0.221006 0.605012 -0 0.337621 0.689513
-0.180348 0.555328 -0 0.358781 0.72123
-0.202892 0.624746 -0 0.352334 0.682124
-0.221006 0.605012 -0 0.337621 0.689513
-0.053003 0.215241 -0 0.442264 0.994093
-0.0491124 0.215241 -0 0.446871 0.994877
-0.0795045 0.215241 -0 0.411555 0.987419
-0.0491124 0.215241 -0 0.446871 0.994877
-0.0736684 0.215241 -0 0.418207 0.989082
-0.0795045 0.215241 -0 0.411555 0.987419
-0.132508 0.324233 -0 0.36811 0.883459
-0.122781 0.336118 -0 0.378813 0.877303
-0.159009 0.389079 -0 0.352866 0.828932
-0.122781 0.336118 -0 0.378813 0.877303
-0.147337 0.403339 -0 0.364815 0.822109
-0.159009 0.389079 -0 0.352866 0.828932
-0.159009 0.389079 -0 0.352866 0.828932
-0.147337 0.403339 -0 0.364815 0.822109
-0.185511 0.453925 -0 0.34067 0.779779
-0.147337 0.403339 -0 0.364815 0.822109
-0.171893 0.470565 -0 0.353625 0.772439
-0.185511 0.453925 -0 0.34067 0.779779
-0.185511 0.453925 -0 0.34067 0.779779
-0.171893 0.470565 -0 0.353625 0.772439
-0.212012 0.518774 -0 0.330953 0.736082
-0.171893 0.470565 -0 0.353625 0.772439
-0.196449 0.537787 -0 0.344717 0.728352
-0.212012 0.518774 -0 0.330953 0.736082
-0.212012 0.518774 -0 0.330953 0.736082
-0.196449 0.537787 -0 0.344717 0.728352
-0.238513 0.583619 -0 0.323205 0.69753
-0.196449 0.537787 -0 0.344717 0.728352
-0.221006 0.605012 -0 0.337621 0.689513
-0.238513 0.583619 -0 0.323205 0.69753
-0.0567484 0.215241 -0 0.43785 0.993291
-0.053003 0.215241 -0 0.442264 0.994093
-0.0851226 0.215241 -0 0.405218 0.985723
-0.053003 0.215241 -0 0.442264 0.994093
-0.0795045 0.215241 -0 0.411555 0.987419
-0.0851226 0.215241 -0 0.405218 0.985723
-0.0851226 0.215241 -0 0.405218 0.985723
-0.0795045 0.215241 -0 0.411555 0.987419
-0.113497 0.249168 -0 0.378039 0.948385
-0.141871 0.31146 -0 0.3577 0.890099
-0.132508 0.324233 -0 0.36811 0.883459
-0.170245 0.373752 -0 0.341228 0.836288
-0.132508 0.324233 -0 0.36811 0.883459
-0.159009 0.389079 -0 0.352866 0.828932
-0.170245 0.373752 -0 0.341228 0.836288
-0.170245 0.373752 -0 0.341228 0.836288
-0.159009 0.389079 -0 0.352866 0.828932
-0.19862 0.436042 -0 0.328036 0.78769
-0.159009 0.389079 -0 0.352866 0.828932
-0.185511 0.453925 -0 0.34067 0.779779
-0.19862 0.436042 -0 0.328036 0.78769
-0.19862 0.436042 -0 0.328036 0.78769
-0.185511 0.453925 -0 0.34067 0.779779
-0.226993 0.498334 -0 0.317514 0.74441
-0.185511 0.453925 -0 0.34067 0.779779
-0.212012 0.518774 -0 0.330953 0.736082
-0.226993 0.498334 -0 0.317514 0.74441
-0.226993 0.498334 -0 0.317514 0.74441
-0.212012 0.518774 -0 0.330953 0.736082
-0.255369 0.560627 -0 0.309113 0.706166
-0.212012 0.518774 -0 0.330953 0.736082
-0.238513 0.583619 -0 0.323205 0.69753
-0.255369 0.560627 -0 0.309113 0.706166
-0.0603382 0.215241 -0 0.433641 0.992476
-0.0567484 0.215241 -0 0.43785 0.993291
-0.0905073 0.215241 -0 0.399206 0.984011
-0.0567484 0.215241 -0 0.43785 0.993291
-0.0851226 0.215241 -0 0.405218 0.985723
-0.0905073 0.215241 -0 0.399206 0.984011
-0.0905073 0.215241 -0 0.399206 0.984011
-0.0851226 0.215241 -0 0.405218 0.985723
-0.120676 0.238267 -0 0.369408 0.954545
-0.0851226 0.215241 -0 0.405218 0.985723
-0.113497 0.249168 -0 0.378039 0.948385
-0.120676 0.238267 -0 0.369408 0.954545
-0.120676 0.238267 -0 0.369408 0.954545
-0.113497 0.249168 -0 0.378039 0.948385
-0.150846 0.297833 -0 0.347603 0.897219
-0.113497 0.249168 -0 0.378039 0.948385
-0.141871 0.31146 -0 0.3577 0.890099
-0.150846 0.297833 -0 0.347603 0.897219
-0.150846 0.297833 -0 0.347603 0.897219
-0.141871 0.31146 -0 0.3577 0.890099
-0.181015 0.3574 -0 0.329924 0.84417
-0.141871 0.31146 -0 0.3577 0.890099
-0.170245 0.373752 -0 0.341228 0.836288
-0.181015 0.3574 -0 0.329924 0.84417
-0.181015 0.3574 -0 0.329924 0.84417
-0.170245 0.373752 -0 0.341228 0.836288
-0.211184 0.416965 -0 0.315748 0.796163
-0.170245 0.373752 -0 0.341228 0.836288
-0.19862 0.436042 -0 0.328036 0.78769
-0.211184 0.416965 -0 0.315748 0.796163
-0.211184 0.416965 -0 0.315748 0.796163
-0.19862 0.436042 -0 0.328036 0.78769
-0.241353 0.476532 -0 0.304424 0.75333
-0.19862 0.436042 -0 0.328036 0.78769
-0.226993 0.498334 -0 0.317514 0.74441
-0.241353 0.476532 -0 0.304424 0.75333
-0.241353 0.476532 -0 0.304424 0.75333
-0.226993 0.498334 -0 0.317514 0.74441
-0.271523 0.536099 -0 0.295369 0.715417
-0.226993 0.498334 -0 0.317514 0.74441
-0.255369 0.560627 -0 0.309113 0.706166
-0.271523 0.536099 -0 0.295369 0.715417
-0.0637628 0.215241 -0 0.429646 0.991659
-0.0603382 0.215241 -0 0.433641 0.992476
-0.0956441 0.215241 -0 0.393531 0.982304
-0.0603382 0.215241 -0 0.433641 0.992476
-0.0905073 0.215241 -0 0.399206 0.984011
-0.0956441 0.215241 -0 0.393531 0.982304
-0.0956441 0.215241 -0 0.393531 0.982304
-0.0905073 0.215241 -0 0.399206 0.984011
-0.127525 0.226712 -0 0.361078 0.961115
-0.0905073 0.215241 -0 0.399206 0.984011
-0.120676 0.238267 -0 0.369408 0.954545
-0.127525 0.226712 -0 0.361078 0.961115
-0.127525 0.226712 -0 0.361078 0.961115
-0.120676 0.238267 -0 0.369408 0.954545
-0.159407 0.28339 -0 0.337841 0.904808
-0.120676 0.238267 -0 0.369408 0.954545
-0.150846 0.297833 -0 0.347603 0.897219
-0.159407 0.28339 -0 0.337841 0.904808
-0.159407 0.28339 -0 0.337841 0.904808
-0.150846 0.297833 -0 0.347603 0.897219
-0.191288 0.340068 -0 0.318978 0.85257
-0.150846 0.297833 -0 0.347603 0.897219
-0.181015 0.3574 -0 0.329924 0.84417
-0.191288 0.340068 -0 0.318978 0.85257
-0.191288 0.340068 -0 0.318978 0.85257
-0.181015 0.3574 -0 0.329924 0.84417
-0.22317 0.396746 -0 0.303828 0.805191
-0.181015 0.3574 -0 0.329924 0.84417
-0.211184 0.416965 -0 0.315748 0.796163
-0.22317 0.396746 -0 0.303828 0.805191
-0.22317 0.396746 -0 0.303828 0.805191
-0.211184 0.416965 -0 0.315748 0.796163
-0.255051 0.453424 -0 0.291707 0.762834
-0.211184 0.416965 -0 0.315748 0.796163
-0.241353 0.476532 -0 0.304424 0.75333
-0.255051 0.453424 -0 0.291707 0.762834
-0.255051 0.453424 -0 0.291707 0.762834
-0.241353 0.476532 -0 0.304424 0.75333
-0.286932 0.510101 -0 0.281998 0.725273
-0.241353 0.476532 -0 0.304424 0.75333
-0.271523 0.536099 -0 0.295369 0.715417
-0.286932 0.510101 -0 0.281998 0.725273
-0.0670125 0.215241 -0 0.425874 0.990848
-0.0637628 0.215241 -0 0.429646 0.991659
-0.100519 0.215241 -0 0.388202 0.98062
-0.0637628 0.215241 -0 0.429646 0.991659
-0.0956441 0.215241 -0 0.393531 0.982304
-0.100519 0.215241 -0 0.388202 0.98062
-0.100519 0.215241 -0 0.388202 0.98062
-0.0956441 0.215241 -0 0.393531 0.982304
-0.134025 0.215241 -0 0.35315 0.967528
-0.0956441 0.215241 -0 0.393531 0.982304
-0.127525 0.226712 -0 0.361078 0.961115
-0.134025 0.215241 -0 0.35315 0.967528
-0.134025 0.215241 -0 0.35315 0.967528
-0.127525 0.226712 -0 0.361078 0.961115
-0.167531 0.26817 -0 0.328434 0.912858
-0.127525 0.226712 -0 0.361078 0.961115
-0.159407 0.28339 -0 0.337841 0.904808
-0.167531 0.26817 -0 0.328434 0.912858
-0.167531 0.26817 -0 0.328434 0.912858
-0.159407 0.28339 -0 0.337841 0.904808
-0.201037 0.321804 -0 0.308409 0.86148
-0.159407 0.28339 -0 0.337841 0.904808
-0.191288 0.340068 -0 0.318978 0.85257
-0.201037 0.321804 -0 0.308409 0.86148
-0.201037 0.321804 -0 0.308409 0.86148
-0.191288 0.340068 -0 0.318978 0.85257
-0.234543 0.375438 -0 0.292299 0.814768
-0.191288 0.340068 -0 0.318978 0.85257
-0.22317 0.396746 -0 0.303828 0.805191
-0.234543 0.375438 -0 0.292299 0.814768
-0.234543 0.375438 -0 0.292299 0.814768
-0.22317 0.396746 -0 0.303828 0.805191
-0.268049 0.429073 -0 0.279386 0.772914
-0.22317 0.396746 -0 0.303828 0.805191
-0.255051 0.453424 -0 0.291707 0.762834
-0.268049 0.429073 -0 0.279386 0.772914
-0.268049 0.429073 -0 0.279386 0.772914
-0.255051 0.453424 -0 0.291707 0.762834
-0.301556 0.482708 -0 0.269023 0.735729
-0.255051 0.453424 -0 0.291707 0.762834
-0.286932 0.510101 -0 0.281998 0.725273
-0.301556 0.482708 -0 0.269023 0.735729
-0.0700784 0.215241 -0 0.422332 0.990051
-0.0670125 0.215241 -0 0.425874 0.990848
-0.105118 0.215241 -0 0.383225 0.978974
-0.0670125 0.215241 -0 0.425874 0.990848
-0.100519 0.215241 -0 0.388202 0.98062
-0.105118 0.215241 -0 0.383225 0.978974
-0.105118 0.215241 -0 0.383225 0.978974
-0.100519 0.215241 -0 0.388202 0.98062
-0.140157 0.215241 -0 0.34705 0.964886
-0.100519 0.215241 -0 0.388202 0.98062
-0.134025 0.215241 -0 0.35315 0.967528
-0.140157 0.215241 -0 0.34705 0.964886
-0.140157 0.215241 -0 0.34705 0.964886
-0.134025 0.215241 -0 0.35315 0.967528
-0.175196 0.252215 -0 0.3194 0.921363
-0.134025 0.215241 -0 0.35315 0.967528
-0.167531 0.26817 -0 0.328434 0.912858
-0.175196 0.252215 -0 0.3194 0.921363
-0.175196 0.252215 -0 0.3194 0.921363
-0.167531 0.26817 -0 0.328434 0.912858
-0.210235 0.302658 -0 0.29824 0.870892
-0.167531 0.26817 -0 0.328434 0.912858
-0.201037 0.321804 -0 0.308409 0.86148
-0.210235 0.302658 -0 0.29824 0.870892
-0.210235 0.302658 -0 0.29824 0.870892
-0.201037 0.321804 -0 0.308409 0.86148
-0.245274 0.353101 -0 0.281184 0.824884
-0.201037 0.321804 -0 0.308409 0.86148
-0.234543 0.375438 -0 0.292299 0.814768
-0.245274 0.353101 -0 0.281184 0.824884
-0.245274 0.353101 -0 0.281184 0.824884
-0.234543 0.375438 -0 0.292299 0.814768
-0.280313 0.403543 -0 0.267486 0.783565
-0.234543 0.375438 -0 0.292299 0.814768
-0.268049 0.429073 -0 0.279386 0.772914
-0.280313 0.403543 -0 0.267486 0.783565
-0.280313 0.403543 -0 0.267486 0.783565
-0.268049 0.429073 -0 0.279386 0.772914
-0.315352 0.453989 -0 0.25647 0.746778
-0.268049 0.429073 -0 0.279386 0.772914
-0.301556 0.482708 -0 0.269023 0.735729
-0.315352 0.453989 -0 0.25647 0.746778
-0.0729525 0.215241 -0 0.419028 0.989278
-0.0700784 0.215241 -0 0.422332 0.990051
-0.109429 0.215241 -0 0.378606 0.977385
-0.0700784 0.215241 -0 0.422332 0.990051
-0.105118 0.215241 -0 0.383225 0.978974
-0.109429 0.215241 -0 0.378606 0.977385
-0.109429 0.215241 -0 0.378606 0.977385
-0.105118 0.215241 -0 0.383225 0.978974
-0.145905 0.215241 -0 0.341425 0.962351
-0.105118 0.215241 -0 0.383225 0.978974
-0.140157 0.215241 -0 0.34705 0.964886
-0.145905 0.215241 -0 0.341425 0.962351
-0.145905 0.215241 -0 0.341425 0.962351
-0.140157 0.215241 -0 0.34705 0.964886
-0.182381 0.235569 -0 0.310759 0.930314
-0.140157 0.215241 -0 0.34705 0.964886
-0.175196 0.252215 -0 0.3194 0.921363
-0.182381 0.235569 -0 0.310759 0.930314
-0.182381 0.235569 -0 0.310759 0.930314
-0.175196 0.252215 -0 0.3194 0.921363
-0.218857 0.282683 -0 0.28849 0.880798
-0.175196 0.252215 -0 0.3194 0.921363
-0.210235 0.302658 -0 0.29824 0.870892
-0.218857 0.282683 -0 0.28849 0.880798
-0.218857 0.282683 -0 0.28849 0.880798
-0.210235 0.302658 -0 0.29824 0.870892
-0.255333 0.329796 -0 0.270504 0.835533
-0.210235 0.302658 -0 0.29824 0.870892
-0.245274 0.353101 -0 0.281184 0.824884
-0.255333 0.329796 -0 0.270504 0.835533
-0.255333 0.329796 -0 0.270504 0.835533
-0.245274 0.353101 -0 0.281184 0.824884
-0.29181 0.37691 -0 0.256027 0.79478
-0.245274 0.353101 -0 0.281184 0.824884
-0.280313 0.403543 -0 0.267486 0.783565
-0.29181 0.37691 -0 0.256027 0.79478
-0.29181 0.37691 -0 0.256027 0.79478
-0.280313 0.403543 -0 0.267486 0.783565
-0.328286 0.424023 -0 0.24436 0.758416
-0.280313 0.403543 -0 0.267486 0.783565
-0.315352 0.453989 -0 0.25647 0.746778
-0.328286 0.424023 -0 0.24436 0.758416
-0.0756263 0.215241 -0 0.415968 0.988535
-0.0729525 0.215241 -0 0.419028 0.989278
-0.11344 0.215241 -0 0.374349 0.975867
-0.0729525 0.215241 -0 0.419028 0.989278
-0.109429 0.215241 -0 0.378606 0.977385
-0.11344 0.215241 -0 0.374349 0.975867
-0.11344 0.215241 -0 0.374349 0.975867
-0.109429 0.215241 -0 0.378606 0.977385
-0.151253 0.215241 -0 0.336272 0.959945
-0.109429 0.215241 -0 0.378606 0.977385
-0.145905 0.215241 -0 0.341425 0.962351
-0.151253 0.215241 -0 0.336272 0.959945
-0.151253 0.215241 -0 0.336272 0.959945
-0.145905 0.215241 -0 0.341425 0.962351
-0.189066 0.218277 -0 0.30253 0.939702
-0.145905 0.215241 -0 0.341425 0.962351
-0.182381 0.235569 -0 0.310759 0.930314
-0.189066 0.218277 -0 0.30253 0.939702
-0.189066 0.218277 -0 0.30253 0.939702
-0.182381 0.235569 -0 0.310759 0.930314
-0.226878 0.261933 -0 0.279179 0.891192
-0.182381 0.235569 -0 0.310759 0.930314
-0.218857 0.282683 -0 0.28849 0.880798
-0.226878 0.261933 -0 0.279179 0.891192
-0.226878 0.261933 -0 0.279179 0.891192
-0.218857 0.282683 -0 0.28849 0.880798
-0.264693 0.305588 -0 0.260279 0.846708
-0.218857 0.282683 -0 0.28849 0.880798
-0.255333 0.329796 -0 0.270504 0.835533
-0.264693 0.305588 -0 0.260279 0.846708
-0.264693 0.305588 -0 0.260279 0.846708
-0.255333 0.329796 -0 0.270504 0.835533
-0.302505 0.349243 -0 0.245032 0.806552
-0.255333 0.329796 -0 0.270504 0.835533
-0.29181 0.37691 -0 0.256027 0.79478
-0.302505 0.349243 -0 0.245032 0.806552
-0.302505 0.349243 -0 0.245032 0.806552
-0.29181 0.37691 -0 0.256027 0.79478
-0.340319 0.392899 -0 0.232715 0.770636
-0.29181 0.37691 -0 0.256027 0.79478
-0.328286 0.424023 -0 0.24436 0.758416
-0.340319 0.392899 -0 0.232715 0.770636
-0.0780931 0.215241 -0 0.413158 0.98783
-0.0756263 0.215241 -0 0.415968 0.988535
-0.11714 0.215241 -0 0.370458 0.974434
-0.0756263 0.215241 -0 0.415968 0.988535
-0.11344 0.215241 -0 0.374349 0.975867
-0.11714 0.215241 -0 0.370458 0.974434
-0.11714 0.215241 -0 0.370458 0.974434
-0.11344 0.215241 -0 0.374349 0.975867
-0.156186 0.215241 -0 0.331588 0.957689
-0.11344 0.215241 -0 0.374349 0.975867
-0.151253 0.215241 -0 0.336272 0.959945
-0.156186 0.215241 -0 0.331588 0.957689
-0.156186 0.215241 -0 0.331588 0.957689
-0.151253 0.215241 -0 0.336272 0.959945
-0.195233 0.215241 -0 0.296891 0.938834
-0.151253 0.215241 -0 0.336272 0.959945
-0.189066 0.218277 -0 0.30253 0.939702
-0.195233 0.215241 -0 0.296891 0.938834
-0.195233 0.215241 -0 0.296891 0.938834
-0.189066 0.218277 -0 0.30253 0.939702
-0.234279 0.240464 -0 0.270327 0.902065
-0.189066 0.218277 -0 0.30253 0.939702
-0.226878 0.261933 -0 0.279179 0.891192
-0.234279 0.240464 -0 0.270327 0.902065
-0.234279 0.240464 -0 0.270327 0.902065
-0.226878 0.261933 -0 0.279179 0.891192
-0.273327 0.280542 -0 0.25053 0.858405
-0.226878 0.261933 -0 0.279179 0.891192
-0.264693 0.305588 -0 0.260279 0.846708
-0.273327 0.280542 -0 0.25053 0.858405
-0.273327 0.280542 -0 0.25053 0.858405
-0.264693 0.305588 -0 0.260279 0.846708
-0.312372 0.320619 -0 0.234521 0.818878
-0.264693 0.305588 -0 0.260279 0.846708
-0.302505 0.349243 -0 0.245032 0.806552
-0.312372 0.320619 -0 0.234521 0.818878
-0.312372 0.320619 -0 0.234521 0.818878
-0.302505 0.349243 -0 0.245032 0.806552
-0.35142 0.360697 -0 0.221556 0.783437
-0.302505 0.349243 -0 0.245032 0.806552
-0.340319 0.392899 -0 0.232715 0.770636
-0.35142 0.360697 -0 0.221556 0.783437
-0.0803458 0.215241 -0 0.410602 0.98717
-0.0780931 0.215241 -0 0.413158 0.98783
-0.120519 0.215241 -0 0.366936 0.973098
-0.0780931 0.215241 -0 0.413158 0.98783
-0.11714 0.215241 -0 0.370458 0.974434
-0.120519 0.215241 -0 0.366936 0.973098
-0.120519 0.215241 -0 0.366936 0.973098
-0.11714 0.215241 -0 0.370458 0.974434
-0.160691 0.215241 -0 0.327369 0.955598
-0.11714 0.215241 -0 0.370458 0.974434
-0.156186 0.215241 -0 0.331588 0.957689
-0.160691 0.215241 -0 0.327369 0.955598
-0.160691 0.215241 -0 0.327369 0.955598
-0.156186 0.215241 -0 0.331588 0.957689
-0.200864 0.215241 -0 0.292233 0.936007
-0.156186 0.215241 -0 0.331588 0.957689
-0.195233 0.215241 -0 0.296891 0.938834
-0.200864 0.215241 -0 0.292233 0.936007
-0.200864 0.215241 -0 0.292233 0.936007
-0.195233 0.215241 -0 0.296891 0.938834
-0.241038 0.218337 -0 0.26195 0.913412
-0.195233 0.215241 -0 0.296891 0.938834
-0.234279 0.240464 -0 0.270327 0.902065
-0.241038 0.218337 -0 0.26195 0.913412
-0.241038 0.218337 -0 0.26195 0.913412
-0.234279 0.240464 -0 0.270327 0.902065
-0.28121 0.254727 -0 0.241276 0.870616
-0.234279 0.240464 -0 0.270327 0.902065
-0.273327 0.280542 -0 0.25053 0.858405
-0.28121 0.254727 -0 0.241276 0.870616
-0.28121 0.254727 -0 0.241276 0.870616
-0.273327 0.280542 -0 0.25053 0.858405
-0.321383 0.291116 -0 0.224514 0.831754
-0.273327 0.280542 -0 0.25053 0.858405
-0.312372 0.320619 -0 0.234521 0.818878
-0.321383 0.291116 -0 0.224514 0.831754
-0.321383 0.291116 -0 0.224514 0.831754
-0.312372 0.320619 -0 0.234521 0.818878
-0.361555 0.327506 -0 0.210905 0.796814
-0.312372 0.320619 -0 0.234521 0.818878
-0.35142 0.360697 -0 0.221556 0.783437
-0.361555 0.327506 -0 0.210905 0.796814
-0.0823781 0.215241 -0 0.408305 0.986563
-0.0803458 0.215241 -0 0.410602 0.98717
-0.123567 0.215241 -0 0.363782 0.971873
-0.0803458 0.215241 -0 0.410602 0.98717
-0.120519 0.215241 -0 0.366936 0.973098
-0.123567 0.215241 -0 0.363782 0.971873
-0.123567 0.215241 -0 0.363782 0.971873
-0.120519 0.215241 -0 0.366936 0.973098
-0.164756 0.215241 -0 0.323611 0.95369
-0.120519 0.215241 -0 0.366936 0.973098
-0.160691 0.215241 -0 0.327369 0.955598
-0.164756 0.215241 -0 0.323611 0.95369
-0.164756 0.215241 -0 0.323611 0.95369
-0.160691 0.215241 -0 0.327369 0.955598
-0.205945 0.215241 -0 0.288105 0.933441
-0.160691 0.215241 -0 0.327369 0.955598
-0.200864 0.215241 -0 0.292233 0.936007
-0.205945 0.215241 -0 0.288105 0.933441
-0.205945 0.215241 -0 0.288105 0.933441
-0.200864 0.215241 -0 0.292233 0.936007
-0.247134 0.215241 -0 0.257155 0.912322
-0.200864 0.215241 -0 0.292233 0.936007
-0.241038 0.218337 -0 0.26195 0.913412
-0.247134 0.215241 -0 0.257155 0.912322
-0.247134 0.215241 -0 0.257155 0.912322
-0.241038 0.218337 -0 0.26195 0.913412
-0.288323 0.228213 -0 0.232534 0.883339
-0.241038 0.218337 -0 0.26195 0.913412
-0.28121 0.254727 -0 0.241276 0.870616
-0.288323 0.228213 -0 0.232534 0.883339
-0.288323 0.228213 -0 0.232534 0.883339
-0.28121 0.254727 -0 0.241276 0.870616
-0.329512 0.260815 -0 0.215029 0.845176
-0.28121 0.254727 -0 0.241276 0.870616
-0.321383 0.291116 -0 0.224514 0.831754
-0.329512 0.260815 -0 0.215029 0.845176
-0.329512 0.260815 -0 0.215029 0.845176
-0.321383 0.291116 -0 0.224514 0.831754
-0.370701 0.293417 -0 0.200779 0.810766
-0.321383 0.291116 -0 0.224514 0.831754
-0.361555 0.327506 -0 0.210905 0.796814
-0.370701 0.293417 -0 0.200779 0.810766
-0.370701 0.293417 -0 0.200779 0.810766
-0.361555 0.327506 -0 0.210905 0.796814
-0.411891 0.326019 -0 0.189128 0.779915
-0.0841848 0.215241 -0 0.406271 0.986012
-0.0823781 0.215241 -0 0.408305 0.986563
-0.126277 0.215241 -0 0.360999 0.970768
-0.0823781 0.215241 -0 0.408305 0.986563
-0.123567 0.215241 -0 0.363782 0.971873
-0.126277 0.215241 -0 0.360999 0.970768
-0.126277 0.215241 -0 0.360999 0.970768
-0.123567 0.215241 -0 0.363782 0.971873
-0.16837 0.215241 -0 0.320309 0.951977
-0.123567 0.215241 -0 0.363782 0.971873
-0.164756 0.215241 -0 0.323611 0.95369
-0.16837 0.215241 -0 0.320309 0.951977
-0.16837 0.215241 -0 0.320309 0.951977
-0.164756 0.215241 -0 0.323611 0.95369
-0.210462 0.215241 -0 0.284494 0.931149
-0.164756 0.215241 -0 0.323611 0.95369
-0.205945 0.215241 -0 0.288105 0.933441
-0.210462 0.215241 -0 0.284494 0.931149
-0.210462 0.215241 -0 0.284494 0.931149
-0.205945 0.215241 -0 0.288105 0.933441
-0.252555 0.215241 -0 0.253405 0.909529
-0.205945 0.215241 -0 0.288105 0.933441
-0.247134 0.215241 -0 0.257155 0.912322
-0.252555 0.215241 -0 0.253405 0.909529
-0.252555 0.215241 -0 0.253405 0.909529
-0.247134 0.215241 -0 0.257155 0.912322
-0.294646 0.215241 -0 0.226634 0.888027
-0.247134 0.215241 -0 0.257155 0.912322
-0.288323 0.228213 -0 0.232534 0.883339
-0.294646 0.215241 -0 0.226634 0.888027
-0.294646 0.215241 -0 0.226634 0.888027
-0.288323 0.228213 -0 0.232534 0.883339
-0.33674 0.229799 -0 0.206085 0.859142
-0.288323 0.228213 -0 0.232534 0.883339
-0.329512 0.260815 -0 0.215029 0.845176
-0.33674 0.229799 -0 0.206085 0.859142
-0.33674 0.229799 -0 0.206085 0.859142
-0.329512 0.260815 -0 0.215029 0.845176
-0.378831 0.258524 -0 0.191198 0.825294
-0.329512 0.260815 -0 0.215029 0.845176
-0.370701 0.293417 -0 0.200779 0.810766
-0.378831 0.258524 -0 0.191198 0.825294
-0.378831 0.258524 -0 0.191198 0.825294
-0.370701 0.293417 -0 0.200779 0.810766
-0.420924 0.287249 -0 0.178992 0.794866
-0.370701 0.293417 -0 0.200779 0.810766
-0.411891 0.326019 -0 0.189128 0.779915
-0.420924 0.287249 -0 0.178992 0.794866
-0.0857608 0.215241 -0 0.404502 0.985524
-0.0841848 0.215241 -0 0.406271 0.986012
-0.128641 0.215241 -0 0.358588 0.969792
-0.0841848 0.215241 -0 0.406271 0.986012
-0.126277 0.215241 -0 0.360999 0.970768
-0.128641 0.215241 -0 0.358588 0.969792
-0.128641 0.215241 -0 0.358588 0.969792
-0.126277 0.215241 -0 0.360999 0.970768
-0.171521 0.215241 -0 0.317458 0.950471
-0.126277 0.215241 -0 0.360999 0.970768
-0.16837 0.215241 -0 0.320309 0.951977
-0.171521 0.215241 -0 0.317458 0.950471
-0.171521 0.215241 -0 0.317458 0.950471
-0.16837 0.215241 -0 0.320309 0.951977
-0.214402 0.215241 -0 0.281388 0.929143
-0.16837 0.215241 -0 0.320309 0.951977
-0.210462 0.215241 -0 0.284494 0.931149
-0.214402 0.215241 -0 0.281388 0.929143
-0.214402 0.215241 -0 0.281388 0.929143
-0.210462 0.215241 -0 0.284494 0.931149
-0.257283 0.215241 -0 0.250192 0.907095
-0.210462 0.215241 -0 0.284494 0.931149
-0.252555 0.215241 -0 0.253405 0.909529
-0.257283 0.215241 -0 0.250192 0.907095
-0.257283 0.215241 -0 0.250192 0.907095
-0.252555 0.215241 -0 0.253405 0.909529
-0.300163 0.215241 -0 0.223419 0.885253
-0.252555 0.215241 -0 0.253405 0.909529
-0.294646 0.215241 -0 0.226634 0.888027
-0.300163 0.215241 -0 0.223419 0.885253
-0.300163 0.215241 -0 0.223419 0.885253
-0.294646 0.215241 -0 0.226634 0.888027
-0.343043 0.215241 -0 0.200514 0.864213
-0.294646 0.215241 -0 0.226634 0.888027
-0.33674 0.229799 -0 0.206085 0.859142
-0.343043 0.215241 -0 0.200514 0.864213
-0.343043 0.215241 -0 0.200514 0.864213
-0.33674 0.229799 -0 0.206085 0.859142
-0.385923 0.222923 -0 0.18218 0.840397
-0.33674 0.229799 -0 0.206085 0.859142
-0.378831 0.258524 -0 0.191198 0.825294
-0.385923 0.222923 -0 0.18218 0.840397
-0.385923 0.222923 -0 0.18218 0.840397
-0.378831 0.258524 -0 0.191198 0.825294
-0.428803 0.247692 -0 0.169419 0.81042
-0.378831 0.258524 -0 0.191198 0.825294
-0.420924 0.287249 -0 0.178992 0.794866
-0.428803 0.247692 -0 0.169419 0.81042
-0.0435507 0.215241 -0 0.453494 0.995903
-0.0428803 0.215241 -0 0.454295 0.996019
-0.0871015 0.215241 -0 0.403001 0.985104
-0.0428803 0.215241 -0 0.454295 0.996019
-0.0857608 0.215241 -0 0.404502 0.985524
-0.0871015 0.215241 -0 0.403001 0.985104
-0.0871015 0.215241 -0 0.403001 0.985104
-0.0857608 0.215241 -0 0.404502 0.985524
-0.130652 0.215241 -0 0.356547 0.968953
-0.0857608 0.215241 -0 0.404502 0.985524
-0.128641 0.215241 -0 0.358588 0.969792
-0.130652 0.215241 -0 0.356547 0.968953
-0.130652 0.215241 -0 0.356547 0.968953
-0.128641 0.215241 -0 0.358588 0.969792
-0.174203 0.215241 -0 0.315054 0.94918
-0.128641 0.215241 -0 0.358588 0.969792
-0.171521 0.215241 -0 0.317458 0.950471
-0.174203 0.215241 -0 0.315054 0.94918
-0.174203 0.215241 -0 0.315054 0.94918
-0.171521 0.215241 -0 0.317458 0.950471
-0.217754 0.215241 -0 0.278778 0.927431
-0.171521 0.215241 -0 0.317458 0.950471
-0.214402 0.215241 -0 0.281388 0.929143
-0.217754 0.215241 -0 0.278778 0.927431
-0.217754 0.215241 -0 0.278778 0.927431
-0.214402 0.215241 -0 0.281388 0.929143
-0.261304 0.215241 -0 0.2475 0.905026
-0.214402 0.215241 -0 0.281388 0.929143
-0.257283 0.215241 -0 0.250192 0.907095
-0.261304 0.215241 -0 0.2475 0.905026
-0.261304 0.215241 -0 0.2475 0.905026
-0.257283 0.215241 -0 0.250192 0.907095
-0.304856 0.215241 -0 0.220734 0.882904
-0.257283 0.215241 -0 0.250192 0.907095
-0.300163 0.215241 -0 0.223419 0.885253
-0.304856 0.215241 -0 0.220734 0.882904
-0.304856 0.215241 -0 0.220734 0.882904
-0.300163 0.215241 -0 0.223419 0.885253
-0.348406 0.215241 -0 0.197892 0.861657
-0.300163 0.215241 -0 0.223419 0.885253
-0.343043 0.215241 -0 0.200514 0.864213
-0.348406 0.215241 -0 0.197892 0.861657
-0.348406 0.215241 -0 0.197892 0.861657
-0.343043 0.215241 -0 0.200514 0.864213
-0.391958 0.215241 -0 0.178387 0.841617
-0.343043 0.215241 -0 0.200514 0.864213
-0.385923 0.222923 -0 0.18218 0.840397
-0.391958 0.215241 -0 0.178387 0.841617
-0.391958 0.215241 -0 0.178387 0.841617
-0.385923 0.222923 -0 0.18218 0.840397
-0.435507 0.215241 -0 0.161684 0.822931
-0.385923 0.222923 -0 0.18218 0.840397
-0.428803 0.247692 -0 0.169419 0.81042
-0.435507 0.215241 -0 0.161684 0.822931
-0.0441019 0.215241 -0 0.452836 0.995806
-0.0435507 0.215241 -0 0.453494 0.995903
-0.0882036 0.215241 -0 0.40177 0.984754
-0.0435507 0.215241 -0 0.453494 0.995903
-0.0871015 0.215241 -0 0.403001 0.985104
-0.0882036 0.215241 -0 0.40177 0.984754
-0.0882036 0.215241 -0 0.40177 0.984754
-0.0871015 0.215241 -0 0.403001 0.985104
-0.132306 0.215241 -0 0.354878 0.968257
-0.0871015 0.215241 -0 0.403001 0.985104
-0.130652 0.215241 -0 0.356547 0.968953
-0.132306 0.215241 -0 0.354878 0.968257
-0.132306 0.215241 -0 0.354878 0.968257
-0.130652 0.215241 -0 0.356547 0.968953
-0.176407 0.215241 -0 0.313093 0.948114
-0.130652 0.215241 -0 0.356547 0.968953
-0.174203 0.215241 -0 0.315054 0.94918
-0.176407 0.215241 -0 0.313093 0.948114
-0.176407 0.215241 -0 0.313093 0.948114
-0.174203 0.215241 -0 0.315054 0.94918
-0.220509 0.215241 -0 0.276656 0.926021
-0.174203 0.215241 -0 0.315054 0.94918
-0.217754 0.215241 -0 0.278778 0.927431
-0.220509 0.215241 -0 0.276656 0.926021
-0.220509 0.215241 -0 0.276656 0.926021
-0.217754 0.215241 -0 0.278778 0.927431
-0.264611 0.215241 -0 0.245317 0.903327
-0.217754 0.215241 -0 0.278778 0.927431
-0.261304 0.215241 -0 0.2475 0.905026
-0.264611 0.215241 -0 0.245317 0.903327
-0.264611 0.215241 -0 0.245317 0.903327
-0.261304 0.215241 -0 0.2475 0.905026
-0.308713 0.215241 -0 0.218561 0.88098
-0.261304 0.215241 -0 0.2475 0.905026
-0.304856 0.215241 -0 0.220734 0.882904
-0.308713 0.215241 -0 0.218561 0.88098
-0.308713 0.215241 -0 0.218561 0.88098
-0.304856 0.215241 -0 0.220734 0.882904
-0.352815 0.215241 -0 0.195775 0.85957
-0.304856 0.215241 -0 0.220734 0.882904
-0.348406 0.215241 -0 0.197892 0.861657
-0.352815 0.215241 -0 0.195775 0.85957
-0.352815 0.215241 -0 0.195775 0.85957
-0.348406 0.215241 -0 0.197892 0.861657
-0.396917 0.215241 -0 0.176353 0.839419
-0.348406 0.215241 -0 0.197892 0.861657
-0.391958 0.215241 -0 0.178387 0.841617
-0.396917 0.215241 -0 0.176353 0.839419
-0.396917 0.215241 -0 0.176353 0.839419
-0.391958 0.215241 -0 0.178387 0.841617
-0.441019 0.215241 -0 0.159745 0.820666
-0.391958 0.215241 -0 0.178387 0.841617
-0.435507 0.215241 -0 0.161684 0.822931
-0.441019 0.215241 -0 0.159745 0.820666
-0.441019 0.215241 -0 0.159745 0.820666
-0.435507 0.215241 -0 0.161684 0.822931
-0.485119 0.215241 -0 0.145481 0.803334
