-0.385923 -0.222923 -0 0.814015 0.82813
-0.391958 -0.18671 -0 0.822541 0.845078
-0.428803 -0.247692 -0 0.826585 0.799515
-0.391958 -0.18671 -0 0.822541 0.845078
-0.435507 -0.207456 -0 0.835681 0.816923
-0.428803 -0.247692 -0 0.826585 0.799515
-0.33674 -0.229799 -0 0.790269 0.844354
-0.343043 -0.198153 -0 0.798704 0.860058
-0.378831 -0.258524 -0 0.804935 0.811853
-0.343043 -0.198153 -0 0.798704 0.860058
-0.385923 -0.222923 -0 0.814015 0.82813
-0.378831 -0.258524 -0 0.804935 0.811853
-0.378831 -0.258524 -0 0.804935 0.811853
-0.385923 -0.222923 -0 0.814015 0.82813
-0.420924 -0.287249 -0 0.81694 0.782812
-0.385923 -0.222923 -0 0.814015 0.82813
-0.428803 -0.247692 -0 0.826585 0.799515
-0.420924 -0.287249 -0 0.81694 0.782812
-0.288323 -0.228213 -0 0.764015 0.8662
-0.294646 -0.201074 -0 0.772246 0.880562
-0.329512 -0.260815 -0 0.781296 0.829276
-0.294646 -0.201074 -0 0.772246 0.880562
-0.33674 -0.229799 -0 0.790269 0.844354
-0.329512 -0.260815 -0 0.781296 0.829276
-0.329512 -0.260815 -0 0.781296 0.829276
-0.33674 -0.229799 -0 0.790269 0.844354
-0.370701 -0.293417 -0 0.795318 0.79624
-0.33674 -0.229799 -0 0.790269 0.844354
-0.378831 -0.258524 -0 0.804935 0.811853
-0.370701 -0.293417 -0 0.795318 0.79624
-0.241038 -0.218337 -0 0.73476 0.894227
-0.247134 -0.195611 -0 0.742643 0.907115
-0.28121 -0.254727 -0 0.755267 0.852418
-0.247134 -0.195611 -0 0.742643 0.907115
-0.288323 -0.228213 -0 0.764015 0.8662
-0.28121 -0.254727 -0 0.755267 0.852418
-0.28121 -0.254727 -0 0.755267 0.852418
-0.288323 -0.228213 -0 0.764015 0.8662
-0.321383 -0.291116 -0 0.771802 0.814821
-0.288323 -0.228213 -0 0.764015 0.8662
-0.329512 -0.260815 -0 0.781296 0.829276
-0.321383 -0.291116 -0 0.771802 0.814821
-0.321383 -0.291116 -0 0.771802 0.814821
-0.329512 -0.260815 -0 0.781296 0.829276
-0.361555 -0.327506 -0 0.785183 0.781284
-0.329512 -0.260815 -0 0.781296 0.829276
-0.370701 -0.293417 -0 0.795318 0.79624
-0.361555 -0.327506 -0 0.785183 0.781284
-0.234279 -0.240464 -0 0.726392 0.88187
-0.241038 -0.218337 -0 0.73476 0.894227
-0.273327 -0.280542 -0 0.746021 0.839216
-0.241038 -0.218337 -0 0.73476 0.894227
-0.28121 -0.254727 -0 0.755267 0.852418
-0.273327 -0.280542 -0 0.746021 0.839216
-0.273327 -0.280542 -0 0.746021 0.839216
-0.28121 -0.254727 -0 0.755267 0.852418
-0.312372 -0.320619 -0 0.761806 0.800985
-0.28121 -0.254727 -0 0.755267 0.852418
-0.321383 -0.291116 -0 0.771802 0.814821
-0.312372 -0.320619 -0 0.761806 0.800985
-0.312372 -0.320619 -0 0.761806 0.800985
-0.321383 -0.291116 -0 0.771802 0.814821
-0.35142 -0.360697 -0 0.774546 0.766982
-0.321383 -0.291116 -0 0.771802 0.814821
-0.361555 -0.327506 -0 0.785183 0.781284
-0.35142 -0.360697 -0 0.774546 0.766982
-0.189066 -0.218277 -0 0.694221 0.918025
-0.195233 -0.200387 -0 0.702006 0.928796
-0.226878 -0.261933 -0 0.717557 0.870047
-0.195233 -0.200387 -0 0.702006 0.928796
-0.234279 -0.240464 -0 0.726392 0.88187
-0.226878 -0.261933 -0 0.717557 0.870047
-0.226878 -0.261933 -0 0.717557 0.870047
-0.234279 -0.240464 -0 0.726392 0.88187
-0.264693 -0.305588 -0 0.736293 0.826594
-0.234279 -0.240464 -0 0.726392 0.88187
-0.273327 -0.280542 -0 0.746021 0.839216
-0.264693 -0.305588 -0 0.736293 0.826594
-0.264693 -0.305588 -0 0.736293 0.826594
-0.273327 -0.280542 -0 0.746021 0.839216
-0.302505 -0.349243 -0 0.751323 0.787768
-0.273327 -0.280542 -0 0.746021 0.839216
-0.312372 -0.320619 -0 0.761806 0.800985
-0.302505 -0.349243 -0 0.751323 0.787768
-0.302505 -0.349243 -0 0.751323 0.787768
-0.312372 -0.320619 -0 0.761806 0.800985
-0.340319 -0.392899 -0 0.763424 0.753325
-0.312372 -0.320619 -0 0.761806 0.800985
-0.35142 -0.360697 -0 0.774546 0.766982
-0.340319 -0.392899 -0 0.763424 0.753325
-0.0729525 -0.18419 -0 0.578968 0.990775
-0.0756263 -0.18419 -0 0.582138 0.99006
-0.109429 -0.18419 -0 0.620747 0.979185
-0.182381 -0.235569 -0 0.686009 0.907736
-0.189066 -0.218277 -0 0.694221 0.918025
-0.218857 -0.282683 -0 0.70827 0.85876
-0.189066 -0.218277 -0 0.694221 0.918025
-0.226878 -0.261933 -0 0.717557 0.870047
-0.218857 -0.282683 -0 0.70827 0.85876
-0.218857 -0.282683 -0 0.70827 0.85876
-0.226878 -0.261933 -0 0.717557 0.870047
-0.255333 -0.329796 -0 0.726103 0.814554
-0.226878 -0.261933 -0 0.717557 0.870047
-0.264693 -0.305588 -0 0.736293 0.826594
-0.255333 -0.329796 -0 0.726103 0.814554
-0.255333 -0.329796 -0 0.726103 0.814554
-0.264693 -0.305588 -0 0.736293 0.826594
-0.29181 -0.37691 -0 0.740373 0.775168
-0.264693 -0.305588 -0 0.736293 0.826594
-0.302505 -0.349243 -0 0.751323 0.787768
-0.29181 -0.37691 -0 0.740373 0.775168
-0.29181 -0.37691 -0 0.740373 0.775168
-0.302505 -0.349243 -0 0.751323 0.787768
-0.328286 -0.424023 -0 0.751834 0.740315
-0.302505 -0.349243 -0 0.751323 0.787768
-0.340319 -0.392899 -0 0.763424 0.753325
-0.328286 -0.424023 -0 0.751834 0.740315
-0.0700784 -0.18419 -0 0.575543 0.991518
-0.0729525 -0.18419 -0 0.578968 0.990775
-0.105118 -0.18419 -0 0.615986 0.980745
-0.0729525 -0.18419 -0 0.578968 0.990775
-0.109429 -0.18419 -0 0.620747 0.979185
-0.105118 -0.18419 -0 0.615986 0.980745
-0.105118 -0.18419 -0 0.615986 0.980745
-0.109429 -0.18419 -0 0.620747 0.979185
-0.140157 -0.201772 -0 0.651111 0.952259
-0.109429 -0.18419 -0 0.620747 0.979185
-0.145905 -0.188455 -0 0.658426 0.960837
-0.140157 -0.201772 -0 0.651111 0.952259
-0.140157 -0.201772 -0 0.651111 0.952259
-0.145905 -0.188455 -0 0.658426 0.960837
-0.175196 -0.252215 -0 0.677388 0.897933
-0.145905 -0.188455 -0 0.658426 0.960837
-0.182381 -0.235569 -0 0.686009 0.907736
-0.175196 -0.252215 -0 0.677388 0.897933
-0.175196 -0.252215 -0 0.677388 0.897933
-0.182381 -0.235569 -0 0.686009 0.907736
-0.210235 -0.302658 -0 0.698552 0.848014
-0.182381 -0.235569 -0 0.686009 0.907736
-0.218857 -0.282683 -0 0.70827 0.85876
-0.210235 -0.302658 -0 0.698552 0.848014
-0.210235 -0.302658 -0 0.698552 0.848014
-0.218857 -0.282683 -0 0.70827 0.85876
-0.245274 -0.353101 -0 0.715466 0.803097
-0.218857 -0.282683 -0 0.70827 0.85876
-0.255333 -0.329796 -0 0.726103 0.814554
-0.245274 -0.353101 -0 0.715466 0.803097
-0.245274 -0.353101 -0 0.715466 0.803097
-0.255333 -0.329796 -0 0.726103 0.814554
-0.280313 -0.403543 -0 0.728972 0.763185
-0.255333 -0.329796 -0 0.726103 0.814554
-0.29181 -0.37691 -0 0.740373 0.775168
-0.280313 -0.403543 -0 0.728972 0.763185
-0.280313 -0.403543 -0 0.728972 0.763185
-0.29181 -0.37691 -0 0.740373 0.775168
-0.315352 -0.453989 -0 0.739794 0.727946
-0.29181 -0.37691 -0 0.740373 0.775168
-0.328286 -0.424023 -0 0.751834 0.740315
-0.315352 -0.453989 -0 0.739794 0.727946
-0.0670125 -0.18419 -0 0.571871 0.99228
-0.0700784 -0.18419 -0 0.575543 0.991518
-0.100519 -0.18419 -0 0.610851 0.982359
-0.0700784 -0.18419 -0 0.575543 0.991518
-0.105118 -0.18419 -0 0.615986 0.980745
-0.100519 -0.18419 -0 0.610851 0.982359
-0.100519 -0.18419 -0 0.610851 0.982359
-0.105118 -0.18419 -0 0.615986 0.980745
-0.134025 -0.214536 -0 0.643443 0.944107
-0.105118 -0.18419 -0 0.615986 0.980745
-0.140157 -0.201772 -0 0.651111 0.952259
-0.134025 -0.214536 -0 0.643443 0.944107
-0.134025 -0.214536 -0 0.643443 0.944107
-0.140157 -0.201772 -0 0.651111 0.952259
-0.167531 -0.26817 -0 0.668376 0.888622
-0.140157 -0.201772 -0 0.651111 0.952259
-0.175196 -0.252215 -0 0.677388 0.897933
-0.167531 -0.26817 -0 0.668376 0.888622
-0.167531 -0.26817 -0 0.668376 0.888622
-0.175196 -0.252215 -0 0.677388 0.897933
-0.201037 -0.321804 -0 0.688419 0.837813
-0.175196 -0.252215 -0 0.677388 0.897933
-0.210235 -0.302658 -0 0.698552 0.848014
-0.201037 -0.321804 -0 0.688419 0.837813
-0.201037 -0.321804 -0 0.688419 0.837813
-0.210235 -0.302658 -0 0.698552 0.848014
-0.234543 -0.375438 -0 0.704404 0.792225
-0.210235 -0.302658 -0 0.698552 0.848014
-0.245274 -0.353101 -0 0.715466 0.803097
-0.234543 -0.375438 -0 0.704404 0.792225
-0.234543 -0.375438 -0 0.704404 0.792225
-0.245274 -0.353101 -0 0.715466 0.803097
-0.268049 -0.429073 -0 0.717141 0.751818
-0.245274 -0.353101 -0 0.715466 0.803097
-0.280313 -0.403543 -0 0.728972 0.763185
-0.268049 -0.429073 -0 0.717141 0.751818
-0.268049 -0.429073 -0 0.717141 0.751818
-0.280313 -0.403543 -0 0.728972 0.763185
-0.301556 -0.482708 -0 0.727323 0.716221
-0.280313 -0.403543 -0 0.728972 0.763185
-0.315352 -0.453989 -0 0.739794 0.727946
-0.301556 -0.482708 -0 0.727323 0.716221
-0.0637628 -0.18419 -0 0.567958 0.993052
-0.0670125 -0.18419 -0 0.571871 0.99228
-0.0956441 -0.18419 -0 0.605349 0.984007
-0.0670125 -0.18419 -0 0.571871 0.99228
-0.100519 -0.18419 -0 0.610851 0.982359
-0.0956441 -0.18419 -0 0.605349 0.984007
-0.0956441 -0.18419 -0 0.605349 0.984007
-0.100519 -0.18419 -0 0.610851 0.982359
-0.127525 -0.226712 -0 0.635437 0.936388
-0.100519 -0.18419 -0 0.610851 0.982359
-0.134025 -0.214536 -0 0.643443 0.944107
-0.127525 -0.226712 -0 0.635437 0.936388
-0.127525 -0.226712 -0 0.635437 0.936388
-0.134025 -0.214536 -0 0.643443 0.944107
-0.159407 -0.28339 -0 0.658991 0.879811
-0.134025 -0.214536 -0 0.643443 0.944107
-0.167531 -0.26817 -0 0.668376 0.888622
-0.159407 -0.28339 -0 0.658991 0.879811
-0.159407 -0.28339 -0 0.658991 0.879811
-0.167531 -0.26817 -0 0.668376 0.888622
-0.191288 -0.340068 -0 0.67789 0.828162
-0.167531 -0.26817 -0 0.668376 0.888622
-0.201037 -0.321804 -0 0.688419 0.837813
-0.191288 -0.340068 -0 0.67789 0.828162
-0.191288 -0.340068 -0 0.67789 0.828162
-0.201037 -0.321804 -0 0.688419 0.837813
-0.22317 -0.396746 -0 0.692935 0.781943
-0.201037 -0.321804 -0 0.688419 0.837813
-0.234543 -0.375438 -0 0.704404 0.792225
-0.22317 -0.396746 -0 0.692935 0.781943
-0.22317 -0.396746 -0 0.692935 0.781943
-0.234543 -0.375438 -0 0.704404 0.792225
-0.255051 -0.453424 -0 0.704896 0.74107
-0.234543 -0.375438 -0 0.704404 0.792225
-0.268049 -0.429073 -0 0.717141 0.751818
-0.255051 -0.453424 -0 0.704896 0.74107
-0.255051 -0.453424 -0 0.704896 0.74107
-0.268049 -0.429073 -0 0.717141 0.751818
-0.286932 -0.510101 -0 0.71444 0.705136
-0.268049 -0.429073 -0 0.717141 0.751818
-0.301556 -0.482708 -0 0.727323 0.716221
-0.286932 -0.510101 -0 0.71444 0.705136
-0.0603382 -0.18419 -0 0.563812 0.993827
-0.0637628 -0.18419 -0 0.567958 0.993052
-0.0905073 -0.18419 -0 0.599485 0.985673
-0.0637628 -0.18419 -0 0.567958 0.993052
-0.0956441 -0.18419 -0 0.605349 0.984007
-0.0905073 -0.18419 -0 0.599485 0.985673
-0.0905073 -0.18419 -0 0.599485 0.985673
-0.0956441 -0.18419 -0 0.605349 0.984007
-0.120676 -0.238267 -0 0.62711 0.92911
-0.0956441 -0.18419 -0 0.605349 0.984007
-0.127525 -0.226712 -0 0.635437 0.936388
-0.120676 -0.238267 -0 0.62711 0.92911
-0.120676 -0.238267 -0 0.62711 0.92911
-0.127525 -0.226712 -0 0.635437 0.936388
-0.150846 -0.297833 -0 0.649252 0.871504
-0.127525 -0.226712 -0 0.635437 0.936388
-0.159407 -0.28339 -0 0.658991 0.879811
-0.150846 -0.297833 -0 0.649252 0.871504
-0.150846 -0.297833 -0 0.649252 0.871504
-0.159407 -0.28339 -0 0.658991 0.879811
-0.181015 -0.3574 -0 0.666988 0.819063
-0.159407 -0.28339 -0 0.658991 0.879811
-0.191288 -0.340068 -0 0.67789 0.828162
-0.181015 -0.3574 -0 0.666988 0.819063
-0.181015 -0.3574 -0 0.666988 0.819063
-0.191288 -0.340068 -0 0.67789 0.828162
-0.211184 -0.416965 -0 0.681079 0.772252
-0.191288 -0.340068 -0 0.67789 0.828162
-0.22317 -0.396746 -0 0.692935 0.781943
-0.211184 -0.416965 -0 0.681079 0.772252
-0.211184 -0.416965 -0 0.681079 0.772252
-0.22317 -0.396746 -0 0.692935 0.781943
-0.241353 -0.476532 -0 0.692261 0.730943
-0.22317 -0.396746 -0 0.692935 0.781943
-0.255051 -0.453424 -0 0.704896 0.74107
-0.241353 -0.476532 -0 0.692261 0.730943
-0.241353 -0.476532 -0 0.692261 0.730943
-0.255051 -0.453424 -0 0.704896 0.74107
-0.271523 -0.536099 -0 0.701165 0.694696
-0.255051 -0.453424 -0 0.704896 0.74107
-0.286932 -0.510101 -0 0.71444 0.705136
-0.271523 -0.536099 -0 0.701165 0.694696
-0.0905073 -0.18419 -0 0.599485 0.985673
-0.120676 -0.238267 -0 0.62711 0.92911
-0.113497 -0.249168 -0 0.618481 0.92228
-0.113497 -0.249168 -0 0.618481 0.92228
-0.120676 -0.238267 -0 0.62711 0.92911
-0.141871 -0.31146 -0 0.639178 0.863707
-0.120676 -0.238267 -0 0.62711 0.92911
-0.150846 -0.297833 -0 0.649252 0.871504
-0.141871 -0.31146 -0 0.639178 0.863707
-0.141871 -0.31146 -0 0.639178 0.863707
-0.150846 -0.297833 -0 0.649252 0.871504
-0.170245 -0.373752 -0 0.655731 0.810524
-0.150846 -0.297833 -0 0.649252 0.871504
-0.181015 -0.3574 -0 0.666988 0.819063
-0.170245 -0.373752 -0 0.655731 0.810524
-0.170245 -0.373752 -0 0.655731 0.810524
-0.181015 -0.3574 -0 0.666988 0.819063
-0.19862 -0.436042 -0 0.668858 0.763156
-0.181015 -0.3574 -0 0.666988 0.819063
-0.211184 -0.416965 -0 0.681079 0.772252
-0.19862 -0.436042 -0 0.668858 0.763156
-0.19862 -0.436042 -0 0.668858 0.763156
-0.211184 -0.416965 -0 0.681079 0.772252
-0.226993 -0.498334 -0 0.679256 0.72144
-0.211184 -0.416965 -0 0.681079 0.772252
-0.241353 -0.476532 -0 0.692261 0.730943
-0.226993 -0.498334 -0 0.679256 0.72144
-0.226993 -0.498334 -0 0.679256 0.72144
-0.241353 -0.476532 -0 0.692261 0.730943
-0.255369 -0.560627 -0 0.687522 0.684901
-0.241353 -0.476532 -0 0.692261 0.730943
-0.271523 -0.536099 -0 0.701165 0.694696
-0.255369 -0.560627 -0 0.687522 0.684901
-0.113497 -0.249168 -0 0.618481 0.92228
-0.141871 -0.31146 -0 0.639178 0.863707
-0.132508 -0.324233 -0 0.62879 0.856428
-0.132508 -0.324233 -0 0.62879 0.856428
-0.141871 -0.31146 -0 0.639178 0.863707
-0.159009 -0.389079 -0 0.644141 0.802549
-0.141871 -0.31146 -0 0.639178 0.863707
-0.170245 -0.373752 -0 0.655731 0.810524
-0.159009 -0.389079 -0 0.644141 0.802549
-0.159009 -0.389079 -0 0.644141 0.802549
-0.170245 -0.373752 -0 0.655731 0.810524
-0.185511 -0.453925 -0 0.656295 0.754661
-0.170245 -0.373752 -0 0.655731 0.810524
-0.19862 -0.436042 -0 0.668858 0.763156
-0.185511 -0.453925 -0 0.656295 0.754661
-0.185511 -0.453925 -0 0.656295 0.754661
-0.19862 -0.436042 -0 0.668858 0.763156
-0.212012 -0.518774 -0 0.665906 0.712566
-0.19862 -0.436042 -0 0.668858 0.763156
-0.226993 -0.498334 -0 0.679256 0.72144
-0.212012 -0.518774 -0 0.665906 0.712566
-0.212012 -0.518774 -0 0.665906 0.712566
-0.226993 -0.498334 -0 0.679256 0.72144
-0.238513 -0.583619 -0 0.673533 0.675755
-0.226993 -0.498334 -0 0.679256 0.72144
-0.255369 -0.560627 -0 0.687522 0.684901
-0.238513 -0.583619 -0 0.673533 0.675755
-0.122781 -0.336118 -0 0.618109 0.849671
-0.132508 -0.324233 -0 0.62879 0.856428
-0.147337 -0.403339 -0 0.632241 0.795144
-0.132508 -0.324233 -0 0.62879 0.856428
-0.159009 -0.389079 -0 0.644141 0.802549
-0.147337 -0.403339 -0 0.632241 0.795144
-0.147337 -0.403339 -0 0.632241 0.795144
-0.159009 -0.389079 -0 0.644141 0.802549
-0.171893 -0.470565 -0 0.643413 0.746771
-0.159009 -0.389079 -0 0.644141 0.802549
-0.185511 -0.453925 -0 0.656295 0.754661
-0.171893 -0.470565 -0 0.643413 0.746771
-0.171893 -0.470565 -0 0.643413 0.746771
-0.185511 -0.453925 -0 0.656295 0.754661
-0.196449 -0.537787 -0 0.652233 0.704324
-0.185511 -0.453925 -0 0.656295 0.754661
-0.212012 -0.518774 -0 0.665906 0.712566
-0.196449 -0.537787 -0 0.652233 0.704324
-0.196449 -0.537787 -0 0.652233 0.704324
-0.212012 -0.518774 -0 0.665906 0.712566
-0.221006 -0.605012 -0 0.659222 0.667264
-0.212012 -0.518774 -0 0.665906 0.712566
-0.238513 -0.583619 -0 0.673533 0.675755
-0.221006 -0.605012 -0 0.659222 0.667264
-0.112718 -0.34708 -0 0.607156 0.843443
-0.122781 -0.336118 -0 0.618109 0.849671
-0.135261 -0.416496 -0 0.620053 0.788316
-0.122781 -0.336118 -0 0.618109 0.849671
-0.147337 -0.403339 -0 0.632241 0.795144
-0.135261 -0.416496 -0 0.620053 0.788316
-0.135261 -0.416496 -0 0.620053 0.788316
-0.147337 -0.403339 -0 0.632241 0.795144
-0.157805 -0.485914 -0 0.630236 0.739495
-0.147337 -0.403339 -0 0.632241 0.795144
-0.171893 -0.470565 -0 0.643413 0.746771
-0.157805 -0.485914 -0 0.630236 0.739495
-0.157805 -0.485914 -0 0.630236 0.739495
-0.171893 -0.470565 -0 0.643413 0.746771
-0.180348 -0.555328 -0 0.638263 0.69672
-0.171893 -0.470565 -0 0.643413 0.746771
-0.196449 -0.537787 -0 0.652233 0.704324
-0.180348 -0.555328 -0 0.638263 0.69672
-0.180348 -0.555328 -0 0.638263 0.69672
-0.196449 -0.537787 -0 0.652233 0.704324
-0.202892 -0.624746 -0 0.644614 0.65943
-0.196449 -0.537787 -0 0.652233 0.704324
-0.221006 -0.605012 -0 0.659222 0.667264
-0.202892 -0.624746 -0 0.644614 0.65943
-0.112718 -0.34708 -0 0.607156 0.843443
-0.135261 -0.416496 -0 0.620053 0.788316
-0.122815 -0.428512 -0 0.607603 0.78207
-0.122815 -0.428512 -0 0.607603 0.78207
-0.135261 -0.416496 -0 0.620053 0.788316
-0.143284 -0.499929 -0 0.616789 0.732834
-0.135261 -0.416496 -0 0.620053 0.788316
-0.157805 -0.485914 -0 0.630236 0.739495
-0.143284 -0.499929 -0 0.616789 0.732834
-0.143284 -0.499929 -0 0.616789 0.732834
-0.157805 -0.485914 -0 0.630236 0.739495
-0.163753 -0.571347 -0 0.624021 0.68976
-0.157805 -0.485914 -0 0.630236 0.739495
-0.180348 -0.555328 -0 0.638263 0.69672
-0.163753 -0.571347 -0 0.624021 0.68976
-0.163753 -0.571347 -0 0.624021 0.68976
-0.180348 -0.555328 -0 0.638263 0.69672
-0.184222 -0.642765 -0 0.629737 0.652257
-0.180348 -0.555328 -0 0.638263 0.69672
-0.202892 -0.624746 -0 0.644614 0.65943
-0.184222 -0.642765 -0 0.629737 0.652257
-0.122815 -0.428512 -0 0.607603 0.78207
-0.143284 -0.499929 -0 0.616789 0.732834
-0.12837 -0.512574 -0 0.603098 0.726797
-0.12837 -0.512574 -0 0.603098 0.726797
-0.143284 -0.499929 -0 0.616789 0.732834
-0.146709 -0.585799 -0 0.609535 0.683449
-0.143284 -0.499929 -0 0.616789 0.732834
-0.163753 -0.571347 -0 0.624021 0.68976
-0.146709 -0.585799 -0 0.609535 0.683449
-0.146709 -0.585799 -0 0.609535 0.683449
-0.163753 -0.571347 -0 0.624021 0.68976
-0.165047 -0.659025 -0 0.614618 0.645754
-0.163753 -0.571347 -0 0.624021 0.68976
-0.184222 -0.642765 -0 0.629737 0.652257
-0.165047 -0.659025 -0 0.614618 0.645754
-0.113104 -0.523816 -0 0.589188 0.721391
-0.12837 -0.512574 -0 0.603098 0.726797
-0.129262 -0.598648 -0 0.59483 0.677794
-0.12837 -0.512574 -0 0.603098 0.726797
-0.146709 -0.585799 -0 0.609535 0.683449
-0.129262 -0.598648 -0 0.59483 0.677794
-0.129262 -0.598648 -0 0.59483 0.677794
-0.146709 -0.585799 -0 0.609535 0.683449
-0.14542 -0.673477 -0 0.599283 0.639924
-0.146709 -0.585799 -0 0.609535 0.683449
-0.165047 -0.659025 -0 0.614618 0.645754
-0.14542 -0.673477 -0 0.599283 0.639924
-0.14542 -0.673477 -0 0.599283 0.639924
-0.165047 -0.659025 -0 0.614618 0.645754
-0.161578 -0.748309 -0 0.602823 0.607045
-0.113104 -0.523816 -0 0.589188 0.721391
-0.129262 -0.598648 -0 0.59483 0.677794
-0.111461 -0.609854 -0 0.579934 0.672801
-0.111461 -0.609854 -0 0.579934 0.672801
-0.129262 -0.598648 -0 0.59483 0.677794
-0.125394 -0.686085 -0 0.58376 0.634774
-0.129262 -0.598648 -0 0.59483 0.677794
-0.14542 -0.673477 -0 0.599283 0.639924
-0.125394 -0.686085 -0 0.58376 0.634774
-0.125394 -0.686085 -0 0.58376 0.634774
-0.14542 -0.673477 -0 0.599283 0.639924
-0.139327 -0.762316 -0 0.586801 0.601788
-0.14542 -0.673477 -0 0.599283 0.639924
-0.161578 -0.748309 -0 0.602823 0.607045
-0.139327 -0.762316 -0 0.586801 0.601788
-0.125394 -0.686085 -0 0.58376 0.634774
-0.139327 -0.762316 -0 0.586801 0.601788
-0.116694 -0.774235 -0 0.570622 0.597226
0.14542 -0.673477 -0 0.376208 0.631524
0.125394 -0.686085 -0 0.391922 0.627512
0.161578 -0.748309 -0 0.3729 0.597996
0.125394 -0.686085 -0 0.391922 0.627512
0.139327 -0.762316 -0 0.389115 0.593969
0.161578 -0.748309 -0 0.3729 0.597996
0.146709 -0.585799 -0 0.36554 0.674832
0.129262 -0.598648 -0 0.380451 0.670172
0.165047 -0.659025 -0 0.360659 0.636248
0.129262 -0.598648 -0 0.380451 0.670172
0.14542 -0.673477 -0 0.376208 0.631524
0.165047 -0.659025 -0 0.360659 0.636248
0.165047 -0.659025 -0 0.360659 0.636248
0.14542 -0.673477 -0 0.376208 0.631524
0.183386 -0.73225 -0 0.356844 0.602747
0.14542 -0.673477 -0 0.376208 0.631524
0.161578 -0.748309 -0 0.3729 0.597996
0.183386 -0.73225 -0 0.356844 0.602747
0.143284 -0.499929 -0 0.357923 0.724434
0.12837 -0.512574 -0 0.371825 0.71923
0.163753 -0.571347 -0 0.350826 0.680185
0.12837 -0.512574 -0 0.371825 0.71923
0.146709 -0.585799 -0 0.36554 0.674832
0.163753 -0.571347 -0 0.350826 0.680185
0.163753 -0.571347 -0 0.350826 0.680185
0.146709 -0.585799 -0 0.36554 0.674832
0.184222 -0.642765 -0 0.345303 0.641686
0.146709 -0.585799 -0 0.36554 0.674832
0.165047 -0.659025 -0 0.360659 0.636248
0.184222 -0.642765 -0 0.345303 0.641686
0.135261 -0.416496 -0 0.354415 0.780625
0.122815 -0.428512 -0 0.367067 0.775031
0.157805 -0.485914 -0 0.344248 0.730303
0.122815 -0.428512 -0 0.367067 0.775031
0.143284 -0.499929 -0 0.357923 0.724434
0.157805 -0.485914 -0 0.344248 0.730303
0.157805 -0.485914 -0 0.344248 0.730303
0.143284 -0.499929 -0 0.357923 0.724434
0.180348 -0.555328 -0 0.336339 0.686229
0.143284 -0.499929 -0 0.357923 0.724434
0.163753 -0.571347 -0 0.350826 0.680185
0.180348 -0.555328 -0 0.336339 0.686229
0.180348 -0.555328 -0 0.336339 0.686229
0.163753 -0.571347 -0 0.350826 0.680185
0.202892 -0.624746 -0 0.33017 0.647835
0.163753 -0.571347 -0 0.350826 0.680185
0.184222 -0.642765 -0 0.345303 0.641686
0.202892 -0.624746 -0 0.33017 0.647835
0.147337 -0.403339 -0 0.342013 0.786842
0.135261 -0.416496 -0 0.354415 0.780625
0.171893 -0.470565 -0 0.330827 0.736835
0.135261 -0.416496 -0 0.354415 0.780625
0.157805 -0.485914 -0 0.344248 0.730303
0.171893 -0.470565 -0 0.330827 0.736835
0.171893 -0.470565 -0 0.330827 0.736835
0.157805 -0.485914 -0 0.344248 0.730303
0.196449 -0.537787 -0 0.322106 0.692965
0.157805 -0.485914 -0 0.344248 0.730303
0.180348 -0.555328 -0 0.336339 0.686229
0.196449 -0.537787 -0 0.322106 0.692965
0.196449 -0.537787 -0 0.322106 0.692965
0.180348 -0.555328 -0 0.336339 0.686229
0.221006 -0.605012 -0 0.315289 0.654697
0.180348 -0.555328 -0 0.336339 0.686229
0.202892 -0.624746 -0 0.33017 0.647835
0.221006 -0.605012 -0 0.315289 0.654697
0.132508 -0.324233 -0 0.34546 0.84951
0.122781 -0.336118 -0 0.356323 0.843181
0.159009 -0.389079 -0 0.329888 0.79368
0.122781 -0.336118 -0 0.356323 0.843181
0.147337 -0.403339 -0 0.342013 0.786842
0.159009 -0.389079 -0 0.329888 0.79368
0.159009 -0.389079 -0 0.329888 0.79368
0.147337 -0.403339 -0 0.342013 0.786842
0.185511 -0.453925 -0 0.317688 0.744026
0.147337 -0.403339 -0 0.342013 0.786842
0.171893 -0.470565 -0 0.330827 0.736835
0.185511 -0.453925 -0 0.317688 0.744026
0.185511 -0.453925 -0 0.317688 0.744026
0.171893 -0.470565 -0 0.330827 0.736835
0.212012 -0.518774 -0 0.308155 0.700392
0.171893 -0.470565 -0 0.330827 0.736835
0.196449 -0.537787 -0 0.322106 0.692965
0.212012 -0.518774 -0 0.308155 0.700392
0.212012 -0.518774 -0 0.308155 0.700392
0.196449 -0.537787 -0 0.322106 0.692965
0.238513 -0.583619 -0 0.300687 0.66227
0.196449 -0.537787 -0 0.322106 0.692965
0.221006 -0.605012 -0 0.315289 0.654697
0.238513 -0.583619 -0 0.300687 0.66227
0.141871 -0.31146 -0 0.334885 0.856401
0.132508 -0.324233 -0 0.34546 0.84951
0.170245 -0.373752 -0 0.318065 0.801135
0.132508 -0.324233 -0 0.34546 0.84951
0.159009 -0.389079 -0 0.329888 0.79368
0.170245 -0.373752 -0 0.318065 0.801135
0.170245 -0.373752 -0 0.318065 0.801135
0.159009 -0.389079 -0 0.329888 0.79368
0.19862 -0.436042 -0 0.304857 0.751876
0.159009 -0.389079 -0 0.329888 0.79368
0.185511 -0.453925 -0 0.317688 0.744026
0.19862 -0.436042 -0 0.304857 0.751876
0.19862 -0.436042 -0 0.304857 0.751876
0.185511 -0.453925 -0 0.317688 0.744026
0.226993 -0.498334 -0 0.294514 0.708508
0.185511 -0.453925 -0 0.317688 0.744026
0.212012 -0.518774 -0 0.308155 0.700392
0.226993 -0.498334 -0 0.294514 0.708508
0.226993 -0.498334 -0 0.294514 0.708508
0.212012 -0.518774 -0 0.308155 0.700392
0.255369 -0.560627 -0 0.286393 0.670555
0.212012 -0.518774 -0 0.308155 0.700392
0.238513 -0.583619 -0 0.300687 0.66227
0.255369 -0.560627 -0 0.286393 0.670555
0.0603382 -0.18419 -0 0.411957 0.991726
0.0567484 -0.18419 -0 0.416381 0.992629
0.0905073 -0.18419 -0 0.375733 0.982374
0.150846 -0.297833 -0 0.32462 0.863852
0.141871 -0.31146 -0 0.334885 0.856401
0.181015 -0.3574 -0 0.306568 0.809206
0.141871 -0.31146 -0 0.334885 0.856401
0.170245 -0.373752 -0 0.318065 0.801135
0.181015 -0.3574 -0 0.306568 0.809206
0.181015 -0.3574 -0 0.306568 0.809206
0.170245 -0.373752 -0 0.318065 0.801135
0.211184 -0.416965 -0 0.29236 0.760385
0.170245 -0.373752 -0 0.318065 0.801135
0.19862 -0.436042 -0 0.304857 0.751876
0.211184 -0.416965 -0 0.29236 0.760385
0.211184 -0.416965 -0 0.29236 0.760385
0.19862 -0.436042 -0 0.304857 0.751876
0.241353 -0.476532 -0 0.281208 0.717313
0.19862 -0.436042 -0 0.304857 0.751876
0.226993 -0.498334 -0 0.294514 0.708508
0.241353 -0.476532 -0 0.281208 0.717313
0.241353 -0.476532 -0 0.281208 0.717313
0.226993 -0.498334 -0 0.294514 0.708508
0.271523 -0.536099 -0 0.272432 0.679553
0.226993 -0.498334 -0 0.294514 0.708508
0.255369 -0.560627 -0 0.286393 0.670555
0.271523 -0.536099 -0 0.272432 0.679553
0.0637628 -0.18419 -0 0.407757 0.990822
0.0603382 -0.18419 -0 0.411957 0.991726
0.0956441 -0.18419 -0 0.369761 0.980491
0.0603382 -0.18419 -0 0.411957 0.991726
0.0905073 -0.18419 -0 0.375733 0.982374
0.0956441 -0.18419 -0 0.369761 0.980491
0.0956441 -0.18419 -0 0.369761 0.980491
0.0905073 -0.18419 -0 0.375733 0.982374
0.127525 -0.226712 -0 0.338862 0.930824
0.0905073 -0.18419 -0 0.375733 0.982374
0.120676 -0.238267 -0 0.347321 0.923737
0.127525 -0.226712 -0 0.338862 0.930824
0.127525 -0.226712 -0 0.338862 0.930824
0.120676 -0.238267 -0 0.347321 0.923737
0.159407 -0.28339 -0 0.314688 0.871861
0.120676 -0.238267 -0 0.347321 0.923737
0.150846 -0.297833 -0 0.32462 0.863852
0.159407 -0.28339 -0 0.314688 0.871861
0.159407 -0.28339 -0 0.314688 0.871861
0.150846 -0.297833 -0 0.32462 0.863852
0.191288 -0.340068 -0 0.295422 0.81789
0.150846 -0.297833 -0 0.32462 0.863852
0.181015 -0.3574 -0 0.306568 0.809206
0.191288 -0.340068 -0 0.295422 0.81789
0.191288 -0.340068 -0 0.295422 0.81789
0.181015 -0.3574 -0 0.306568 0.809206
0.22317 -0.396746 -0 0.280222 0.769549
0.181015 -0.3574 -0 0.306568 0.809206
0.211184 -0.416965 -0 0.29236 0.760385
0.22317 -0.396746 -0 0.280222 0.769549
0.22317 -0.396746 -0 0.280222 0.769549
0.211184 -0.416965 -0 0.29236 0.760385
0.255051 -0.453424 -0 0.268263 0.726807
0.211184 -0.416965 -0 0.29236 0.760385
0.241353 -0.476532 -0 0.281208 0.717313
0.255051 -0.453424 -0 0.268263 0.726807
0.255051 -0.453424 -0 0.268263 0.726807
0.241353 -0.476532 -0 0.281208 0.717313
0.286932 -0.510101 -0 0.258829 0.689265
0.241353 -0.476532 -0 0.281208 0.717313
0.271523 -0.536099 -0 0.272432 0.679553
0.286932 -0.510101 -0 0.258829 0.689265
0.0670125 -0.18419 -0 0.40379 0.989924
0.0637628 -0.18419 -0 0.407757 0.990822
0.100519 -0.18419 -0 0.364154 0.978633
0.0637628 -0.18419 -0 0.407757 0.990822
0.0956441 -0.18419 -0 0.369761 0.980491
0.100519 -0.18419 -0 0.364154 0.978633
0.100519 -0.18419 -0 0.364154 0.978633
0.0956441 -0.18419 -0 0.369761 0.980491
0.134025 -0.214536 -0 0.330727 0.938388
0.0956441 -0.18419 -0 0.369761 0.980491
0.127525 -0.226712 -0 0.338862 0.930824
0.134025 -0.214536 -0 0.330727 0.938388
0.134025 -0.214536 -0 0.330727 0.938388
0.127525 -0.226712 -0 0.338862 0.930824
0.167531 -0.26817 -0 0.30511 0.880422
0.127525 -0.226712 -0 0.338862 0.930824
0.159407 -0.28339 -0 0.314688 0.871861
0.167531 -0.26817 -0 0.30511 0.880422
0.167531 -0.26817 -0 0.30511 0.880422
0.159407 -0.28339 -0 0.314688 0.871861
0.201037 -0.321804 -0 0.284648 0.827187
0.159407 -0.28339 -0 0.314688 0.871861
0.191288 -0.340068 -0 0.295422 0.81789
0.201037 -0.321804 -0 0.284648 0.827187
0.201037 -0.321804 -0 0.284648 0.827187
0.191288 -0.340068 -0 0.295422 0.81789
0.234543 -0.375438 -0 0.268466 0.77937
0.191288 -0.340068 -0 0.295422 0.81789
0.22317 -0.396746 -0 0.280222 0.769549
0.234543 -0.375438 -0 0.268466 0.77937
0.234543 -0.375438 -0 0.268466 0.77937
0.22317 -0.396746 -0 0.280222 0.769549
0.268049 -0.429073 -0 0.255701 0.736992
0.22317 -0.396746 -0 0.280222 0.769549
0.255051 -0.453424 -0 0.268263 0.726807
0.268049 -0.429073 -0 0.255701 0.736992
0.268049 -0.429073 -0 0.255701 0.736992
0.255051 -0.453424 -0 0.268263 0.726807
0.301556 -0.482708 -0 0.245608 0.699693
0.255051 -0.453424 -0 0.268263 0.726807
0.286932 -0.510101 -0 0.258829 0.689265
0.301556 -0.482708 -0 0.245608 0.699693
0.0700784 -0.18419 -0 0.400065 0.989044
0.0670125 -0.18419 -0 0.40379 0.989924
0.105118 -0.18419 -0 0.358917 0.97682
0.0670125 -0.18419 -0 0.40379 0.989924
0.100519 -0.18419 -0 0.364154 0.978633
0.105118 -0.18419 -0 0.358917 0.97682
0.105118 -0.18419 -0 0.358917 0.97682
0.100519 -0.18419 -0 0.364154 0.978633
0.140157 -0.201772 -0 0.322933 0.946425
0.100519 -0.18419 -0 0.364154 0.978633
0.134025 -0.214536 -0 0.330727 0.938388
0.140157 -0.201772 -0 0.322933 0.946425
0.140157 -0.201772 -0 0.322933 0.946425
0.134025 -0.214536 -0 0.330727 0.938388
0.175196 -0.252215 -0 0.295908 0.889531
0.134025 -0.214536 -0 0.330727 0.938388
0.167531 -0.26817 -0 0.30511 0.880422
0.175196 -0.252215 -0 0.295908 0.889531
0.175196 -0.252215 -0 0.295908 0.889531
0.167531 -0.26817 -0 0.30511 0.880422
0.210235 -0.302658 -0 0.27427 0.837092
0.167531 -0.26817 -0 0.30511 0.880422
0.201037 -0.321804 -0 0.284648 0.827187
0.210235 -0.302658 -0 0.27427 0.837092
0.210235 -0.302658 -0 0.27427 0.837092
0.201037 -0.321804 -0 0.284648 0.827187
0.245274 -0.353101 -0 0.257114 0.789848
0.201037 -0.321804 -0 0.284648 0.827187
0.234543 -0.375438 -0 0.268466 0.77937
0.245274 -0.353101 -0 0.257114 0.789848
0.245274 -0.353101 -0 0.257114 0.789848
0.234543 -0.375438 -0 0.268466 0.77937
0.280313 -0.403543 -0 0.243547 0.747869
0.234543 -0.375438 -0 0.268466 0.77937
0.268049 -0.429073 -0 0.255701 0.736992
0.280313 -0.403543 -0 0.243547 0.747869
0.280313 -0.403543 -0 0.243547 0.747869
0.268049 -0.429073 -0 0.255701 0.736992
0.315352 -0.453989 -0 0.23279 0.710841
0.268049 -0.429073 -0 0.255701 0.736992
0.301556 -0.482708 -0 0.245608 0.699693
0.315352 -0.453989 -0 0.23279 0.710841
0.0729525 -0.18419 -0 0.39659 0.988189
0.0700784 -0.18419 -0 0.400065 0.989044
0.109429 -0.18419 -0 0.354058 0.975068
0.0700784 -0.18419 -0 0.400065 0.989044
0.105118 -0.18419 -0 0.358917 0.97682
0.109429 -0.18419 -0 0.354058 0.975068
0.109429 -0.18419 -0 0.354058 0.975068
0.105118 -0.18419 -0 0.358917 0.97682
0.145905 -0.188455 -0 0.3155 0.954928
0.105118 -0.18419 -0 0.358917 0.97682
0.140157 -0.201772 -0 0.322933 0.946425
0.145905 -0.188455 -0 0.3155 0.954928
0.145905 -0.188455 -0 0.3155 0.954928
0.140157 -0.201772 -0 0.322933 0.946425
0.182381 -0.235569 -0 0.287102 0.899186
0.140157 -0.201772 -0 0.322933 0.946425
0.175196 -0.252215 -0 0.295908 0.889531
0.182381 -0.235569 -0 0.287102 0.899186
0.182381 -0.235569 -0 0.287102 0.899186
0.175196 -0.252215 -0 0.295908 0.889531
0.218857 -0.282683 -0 0.264308 0.847605
0.175196 -0.252215 -0 0.295908 0.889531
0.210235 -0.302658 -0 0.27427 0.837092
0.218857 -0.282683 -0 0.264308 0.847605
0.218857 -0.282683 -0 0.264308 0.847605
0.210235 -0.302658 -0 0.27427 0.837092
0.255333 -0.329796 -0 0.246189 0.800982
0.210235 -0.302658 -0 0.27427 0.837092
0.245274 -0.353101 -0 0.257114 0.789848
0.255333 -0.329796 -0 0.246189 0.800982
0.255333 -0.329796 -0 0.246189 0.800982
0.245274 -0.353101 -0 0.257114 0.789848
0.29181 -0.37691 -0 0.231821 0.759441
0.245274 -0.353101 -0 0.257114 0.789848
0.280313 -0.403543 -0 0.243547 0.747869
0.29181 -0.37691 -0 0.231821 0.759441
0.29181 -0.37691 -0 0.231821 0.759441
0.280313 -0.403543 -0 0.243547 0.747869
0.328286 -0.424023 -0 0.220398 0.72271
0.280313 -0.403543 -0 0.243547 0.747869
0.315352 -0.453989 -0 0.23279 0.710841
0.328286 -0.424023 -0 0.220398 0.72271
0.0756263 -0.18419 -0 0.393371 0.987368
0.0729525 -0.18419 -0 0.39659 0.988189
0.11344 -0.18419 -0 0.349581 0.973395
0.0729525 -0.18419 -0 0.39659 0.988189
0.109429 -0.18419 -0 0.354058 0.975068
0.11344 -0.18419 -0 0.349581 0.973395
0.145905 -0.188455 -0 0.3155 0.954928
0.182381 -0.235569 -0 0.287102 0.899186
0.189066 -0.218277 -0 0.278713 0.909382
0.189066 -0.218277 -0 0.278713 0.909382
0.182381 -0.235569 -0 0.287102 0.899186
0.226878 -0.261933 -0 0.254785 0.858724
0.182381 -0.235569 -0 0.287102 0.899186
0.218857 -0.282683 -0 0.264308 0.847605
0.226878 -0.261933 -0 0.254785 0.858724
0.226878 -0.261933 -0 0.254785 0.858724
0.218857 -0.282683 -0 0.264308 0.847605
0.264693 -0.305588 -0 0.235711 0.812773
0.218857 -0.282683 -0 0.264308 0.847605
0.255333 -0.329796 -0 0.246189 0.800982
0.264693 -0.305588 -0 0.235711 0.812773
0.264693 -0.305588 -0 0.235711 0.812773
0.255333 -0.329796 -0 0.246189 0.800982
0.302505 -0.349243 -0 0.220544 0.771709
0.255333 -0.329796 -0 0.246189 0.800982
0.29181 -0.37691 -0 0.231821 0.759441
0.302505 -0.349243 -0 0.220544 0.771709
0.302505 -0.349243 -0 0.220544 0.771709
0.29181 -0.37691 -0 0.231821 0.759441
0.340319 -0.392899 -0 0.208452 0.735308
0.29181 -0.37691 -0 0.231821 0.759441
0.328286 -0.424023 -0 0.220398 0.72271
0.340319 -0.392899 -0 0.208452 0.735308
0.0780931 -0.18419 -0 0.390414 0.98659
0.0756263 -0.18419 -0 0.393371 0.987368
0.11714 -0.18419 -0 0.34549 0.971816
0.0756263 -0.18419 -0 0.393371 0.987368
0.11344 -0.18419 -0 0.349581 0.973395
0.11714 -0.18419 -0 0.34549 0.971816
0.195233 -0.200387 -0 0.270759 0.920115
0.189066 -0.218277 -0 0.278713 0.909382
0.234279 -0.240464 -0 0.245719 0.870448
0.189066 -0.218277 -0 0.278713 0.909382
0.226878 -0.261933 -0 0.254785 0.858724
0.234279 -0.240464 -0 0.245719 0.870448
0.234279 -0.240464 -0 0.245719 0.870448
0.226878 -0.261933 -0 0.254785 0.858724
0.273327 -0.280542 -0 0.225702 0.825223
0.226878 -0.261933 -0 0.254785 0.858724
0.264693 -0.305588 -0 0.235711 0.812773
0.273327 -0.280542 -0 0.225702 0.825223
0.273327 -0.280542 -0 0.225702 0.825223
0.264693 -0.305588 -0 0.235711 0.812773
0.312372 -0.320619 -0 0.209736 0.784678
0.264693 -0.305588 -0 0.235711 0.812773
0.302505 -0.349243 -0 0.220544 0.771709
0.312372 -0.320619 -0 0.209736 0.784678
0.312372 -0.320619 -0 0.209736 0.784678
0.302505 -0.349243 -0 0.220544 0.771709
0.35142 -0.360697 -0 0.196972 0.748639
0.302505 -0.349243 -0 0.220544 0.771709
0.340319 -0.392899 -0 0.208452 0.735308
0.35142 -0.360697 -0 0.196972 0.748639
0.195233 -0.200387 -0 0.270759 0.920115
0.234279 -0.240464 -0 0.245719 0.870448
0.241038 -0.218337 -0 0.237131 0.882775
0.241038 -0.218337 -0 0.237131 0.882775
0.234279 -0.240464 -0 0.245719 0.870448
0.28121 -0.254727 -0 0.21618 0.838333
0.234279 -0.240464 -0 0.245719 0.870448
0.273327 -0.280542 -0 0.225702 0.825223
0.28121 -0.254727 -0 0.21618 0.838333
0.28121 -0.254727 -0 0.21618 0.838333
0.273327 -0.280542 -0 0.225702 0.825223
0.321383 -0.291116 -0 0.199419 0.798353
0.273327 -0.280542 -0 0.225702 0.825223
0.312372 -0.320619 -0 0.209736 0.784678
0.321383 -0.291116 -0 0.199419 0.798353
0.321383 -0.291116 -0 0.199419 0.798353
0.312372 -0.320619 -0 0.209736 0.784678
0.361555 -0.327506 -0 0.185976 0.762711
0.312372 -0.320619 -0 0.209736 0.784678
0.35142 -0.360697 -0 0.196972 0.748639
0.361555 -0.327506 -0 0.185976 0.762711
0.247134 -0.195611 -0 0.229042 0.895703
0.241038 -0.218337 -0 0.237131 0.882775
0.288323 -0.228213 -0 0.207167 0.852106
0.241038 -0.218337 -0 0.237131 0.882775
0.28121 -0.254727 -0 0.21618 0.838333
0.288323 -0.228213 -0 0.207167 0.852106
0.288323 -0.228213 -0 0.207167 0.852106
0.28121 -0.254727 -0 0.21618 0.838333
0.329512 -0.260815 -0 0.18961 0.812738
0.28121 -0.254727 -0 0.21618 0.838333
0.321383 -0.291116 -0 0.199419 0.798353
0.329512 -0.260815 -0 0.18961 0.812738
0.329512 -0.260815 -0 0.18961 0.812738
0.321383 -0.291116 -0 0.199419 0.798353
0.370701 -0.293417 -0 0.175485 0.777531
0.321383 -0.291116 -0 0.199419 0.798353
0.361555 -0.327506 -0 0.185976 0.762711
0.370701 -0.293417 -0 0.175485 0.777531
0.247134 -0.195611 -0 0.229042 0.895703
0.288323 -0.228213 -0 0.207167 0.852106
0.294646 -0.201074 -0 0.198682 0.866541
0.294646 -0.201074 -0 0.198682 0.866541
0.288323 -0.228213 -0 0.207167 0.852106
0.33674 -0.229799 -0 0.180332 0.827839
0.288323 -0.228213 -0 0.207167 0.852106
0.329512 -0.260815 -0 0.18961 0.812738
0.33674 -0.229799 -0 0.180332 0.827839
0.33674 -0.229799 -0 0.180332 0.827839
0.329512 -0.260815 -0 0.18961 0.812738
0.378831 -0.258524 -0 0.165518 0.79311
0.329512 -0.260815 -0 0.18961 0.812738
0.370701 -0.293417 -0 0.175485 0.777531
0.378831 -0.258524 -0 0.165518 0.79311
0.378831 -0.258524 -0 0.165518 0.79311
0.370701 -0.293417 -0 0.175485 0.777531
0.420924 -0.287249 -0 0.153495 0.762106
0.294646 -0.201074 -0 0.198682 0.866541
0.33674 -0.229799 -0 0.180332 0.827839
0.343043 -0.198153 -0 0.171603 0.843661
0.343043 -0.198153 -0 0.171603 0.843661
0.33674 -0.229799 -0 0.180332 0.827839
0.385923 -0.222923 -0 0.156095 0.809455
0.33674 -0.229799 -0 0.180332 0.827839
0.378831 -0.258524 -0 0.165518 0.79311
0.385923 -0.222923 -0 0.156095 0.809455
0.385923 -0.222923 -0 0.156095 0.809455
0.378831 -0.258524 -0 0.165518 0.79311
0.428803 -0.247692 -0 0.143467 0.778822
0.378831 -0.258524 -0 0.165518 0.79311
0.420924 -0.287249 -0 0.153495 0.762106
0.428803 -0.247692 -0 0.143467 0.778822
0.343043 -0.198153 -0 0.171603 0.843661
0.385923 -0.222923 -0 0.156095 0.809455
0.391958 -0.18671 -0 0.147239 0.826576
0.391958 -0.18671 -0 0.147239 0.826576
0.385923 -0.222923 -0 0.156095 0.809455
0.435507 -0.207456 -0 0.133994 0.796356
0.385923 -0.222923 -0 0.156095 0.809455
0.428803 -0.247692 -0 0.143467 0.778822
0.435507 -0.207456 -0 0.133994 0.796356
