-0.3 -0.519615 -0 0.562644 0.850939
-0.326783 -0.503202 -0 0.5698 0.858954
-0.4 -0.69282 -0 0.57209 0.775002
-0.326783 -0.503202 -0 0.5698 0.858954
-0.435711 -0.670936 -0 0.580458 0.782846
-0.4 -0.69282 -0 0.57209 0.775002
-0.4 -0.69282 -0 0.57209 0.775002
-0.435711 -0.670936 -0 0.580458 0.782846
-0.5 -0.866025 -0 0.579181 0.717997
-0.435711 -0.670936 -0 0.580458 0.782846
-0.544639 -0.838671 -0 0.58849 0.725491
-0.5 -0.866025 -0 0.579181 0.717997
-0.5 -0.866025 -0 0.579181 0.717997
-0.544639 -0.838671 -0 0.58849 0.725491
-0.6 -1.03923 -0 0.5847 0.673628
-1.70208 -2.94809 1 0.629755 0.368751
-1.85404 -2.85497 1 0.646783 0.369968
-1.80208 -3.1213 1.44 0.640957 0.306305
-1.85404 -2.85497 1 0.646783 0.369968
-1.96297 -3.02271 1.44 0.659952 0.30545
-1.80208 -3.1213 1.44 0.640957 0.306305
-1.80208 -3.1213 1.44 0.640957 0.306305
-1.96297 -3.02271 1.44 0.659952 0.30545
-1.90208 -3.2945 1.96 0.655365 0.22663
-1.96297 -3.02271 1.44 0.659952 0.30545
-2.0719 -3.19044 1.96 0.677005 0.222587
-1.90208 -3.2945 1.96 0.655365 0.22663
-1.90208 -3.2945 1.96 0.655365 0.22663
-2.0719 -3.19044 1.96 0.677005 0.222587
-2.00208 -3.46771 2.56 0.674267 0.122696
-2.0719 -3.19044 1.96 0.677005 0.222587
-2.18082 -3.35817 2.56 0.69957 0.11356
-2.00208 -3.46771 2.56 0.674267 0.122696
-0.272394 -0.534604 -0 0.555602 0.843872
-0.3 -0.519615 -0 0.562644 0.850939
-0.363192 -0.712805 -0 0.563907 0.768117
-0.3 -0.519615 -0 0.562644 0.850939
-0.4 -0.69282 -0 0.57209 0.775002
-0.363192 -0.712805 -0 0.563907 0.768117
-0.363192 -0.712805 -0 0.563907 0.768117
-0.4 -0.69282 -0 0.57209 0.775002
-0.453991 -0.891007 -0 0.57012 0.711442
-0.4 -0.69282 -0 0.57209 0.775002
-0.5 -0.866025 -0 0.579181 0.717997
-0.453991 -0.891007 -0 0.57012 0.711442
-0.453991 -0.891007 -0 0.57012 0.711442
-0.5 -0.866025 -0 0.579181 0.717997
-0.544789 -1.06921 -0 0.574943 0.667446
-0.5 -0.866025 -0 0.579181 0.717997
-0.6 -1.03923 -0 0.5847 0.673628
-0.544789 -1.06921 -0 0.574943 0.667446
-0.544789 -1.06921 -0 0.574943 0.667446
-0.6 -1.03923 -0 0.5847 0.673628
-0.635587 -1.24741 -0 0.578796 0.632301
-0.6 -1.03923 -0 0.5847 0.673628
-0.7 -1.21244 -0 0.589118 0.638114
-0.635587 -1.24741 -0 0.578796 0.632301
-0.635587 -1.24741 -0 0.578796 0.632301
-0.7 -1.21244 -0 0.589118 0.638114
-0.726385 -1.42561 -0 0.581945 0.603581
-0.7 -1.21244 -0 0.589118 0.638114
-0.8 -1.38564 -0 0.592734 0.609044
-0.726385 -1.42561 -0 0.581945 0.603581
-0.726385 -1.42561 -0 0.581945 0.603581
-0.8 -1.38564 -0 0.592734 0.609044
-0.817183 -1.60381 -0 0.584566 0.579671
-0.8 -1.38564 -0 0.592734 0.609044
-0.9 -1.55885 -0 0.595749 0.58481
-0.817183 -1.60381 -0 0.584566 0.579671
-0.817183 -1.60381 -0 0.584566 0.579671
-0.9 -1.55885 -0 0.595749 0.58481
-0.907981 -1.78201 -0 0.586782 0.559457
-0.9 -1.55885 -0 0.595749 0.58481
-1 -1.73205 -0 0.598301 0.564298
-0.907981 -1.78201 -0 0.586782 0.559457
-0.907981 -1.78201 -0 0.586782 0.559457
-1 -1.73205 -0 0.598301 0.564298
-0.998779 -1.96021 -0 0.58868 0.542143
-1 -1.73205 -0 0.598301 0.564298
-1.1 -1.90526 -0 0.600488 0.546711
-0.998779 -1.96021 -0 0.58868 0.542143
-0.998779 -1.96021 -0 0.58868 0.542143
-1.1 -1.90526 -0 0.600488 0.546711
-1.18227 -2.32033 0.04 0.592499 0.509587
-1.1 -1.90526 -0 0.600488 0.546711
-1.30208 -2.25527 0.04 0.604905 0.513615
-1.18227 -2.32033 0.04 0.592499 0.509587
-1.18227 -2.32033 0.04 0.592499 0.509587
-1.30208 -2.25527 0.04 0.604905 0.513615
-1.27306 -2.49853 0.16 0.595825 0.485741
-1.30208 -2.25527 0.04 0.604905 0.513615
-1.40208 -2.42848 0.16 0.608777 0.489359
-1.27306 -2.49853 0.16 0.595825 0.485741
-1.27306 -2.49853 0.16 0.595825 0.485741
-1.40208 -2.42848 0.16 0.608777 0.489359
-1.36386 -2.67673 0.36 0.60036 0.454926
-1.40208 -2.42848 0.16 0.608777 0.489359
-1.50208 -2.60168 0.36 0.614074 0.457964
-1.36386 -2.67673 0.36 0.60036 0.454926
-1.36386 -2.67673 0.36 0.60036 0.454926
-1.50208 -2.60168 0.36 0.614074 0.457964
-1.45466 -2.85493 0.64 0.606237 0.416153
-1.50208 -2.60168 0.36 0.614074 0.457964
-1.60208 -2.77489 0.64 0.620962 0.418363
-1.45466 -2.85493 0.64 0.606237 0.416153
-1.45466 -2.85493 0.64 0.606237 0.416153
-1.60208 -2.77489 0.64 0.620962 0.418363
-1.54546 -3.03313 1 0.613711 0.367742
-1.60208 -2.77489 0.64 0.620962 0.418363
-1.70208 -2.94809 1 0.629755 0.368751
-1.54546 -3.03313 1 0.613711 0.367742
-1.54546 -3.03313 1 0.613711 0.367742
-1.70208 -2.94809 1 0.629755 0.368751
-1.63626 -3.21133 1.44 0.623187 0.307072
-1.70208 -2.94809 1 0.629755 0.368751
-1.80208 -3.1213 1.44 0.640957 0.306305
-1.63626 -3.21133 1.44 0.623187 0.307072
-1.63626 -3.21133 1.44 0.623187 0.307072
-1.80208 -3.1213 1.44 0.640957 0.306305
-1.72705 -3.38953 1.96 0.635306 0.230098
-1.80208 -3.1213 1.44 0.640957 0.306305
-1.90208 -3.2945 1.96 0.655365 0.22663
-1.72705 -3.38953 1.96 0.635306 0.230098
-1.72705 -3.38953 1.96 0.635306 0.230098
-1.90208 -3.2945 1.96 0.655365 0.22663
-1.81785 -3.56774 2.56 0.651087 0.130415
-1.90208 -3.2945 1.96 0.655365 0.22663
-2.00208 -3.46771 2.56 0.674267 0.122696
-1.81785 -3.56774 2.56 0.651087 0.130415
-0.244042 -0.548127 -0 0.548661 0.837704
-0.272394 -0.534604 -0 0.555602 0.843872
-0.325389 -0.730836 -0 0.555885 0.762133
-0.272394 -0.534604 -0 0.555602 0.843872
-0.363192 -0.712805 -0 0.563907 0.768117
-0.325389 -0.730836 -0 0.555885 0.762133
-0.325389 -0.730836 -0 0.555885 0.762133
-0.363192 -0.712805 -0 0.563907 0.768117
-0.406737 -0.913545 -0 0.561274 0.705765
-0.363192 -0.712805 -0 0.563907 0.768117
-0.453991 -0.891007 -0 0.57012 0.711442
-0.406737 -0.913545 -0 0.561274 0.705765
-0.406737 -0.913545 -0 0.561274 0.705765
-0.453991 -0.891007 -0 0.57012 0.711442
-0.488084 -1.09625 -0 0.565447 0.662104
-0.453991 -0.891007 -0 0.57012 0.711442
-0.544789 -1.06921 -0 0.574943 0.667446
-0.488084 -1.09625 -0 0.565447 0.662104
-0.488084 -1.09625 -0 0.565447 0.662104
-0.544789 -1.06921 -0 0.574943 0.667446
-0.569431 -1.27896 -0 0.568775 0.62729
-0.544789 -1.06921 -0 0.574943 0.667446
-0.635587 -1.24741 -0 0.578796 0.632301
-0.569431 -1.27896 -0 0.568775 0.62729
-0.569431 -1.27896 -0 0.568775 0.62729
-0.635587 -1.24741 -0 0.578796 0.632301
-0.650779 -1.46167 -0 0.571491 0.598881
-0.635587 -1.24741 -0 0.578796 0.632301
-0.726385 -1.42561 -0 0.581945 0.603581
-0.650779 -1.46167 -0 0.571491 0.598881
-0.650779 -1.46167 -0 0.571491 0.598881
-0.726385 -1.42561 -0 0.581945 0.603581
-0.732126 -1.64438 -0 0.573749 0.575258
-0.726385 -1.42561 -0 0.581945 0.603581
-0.817183 -1.60381 -0 0.584566 0.579671
-0.732126 -1.64438 -0 0.573749 0.575258
-0.732126 -1.64438 -0 0.573749 0.575258
-0.817183 -1.60381 -0 0.584566 0.579671
-0.813473 -1.82709 -0 0.575656 0.555306
-0.817183 -1.60381 -0 0.584566 0.579671
-0.907981 -1.78201 -0 0.586782 0.559457
-0.813473 -1.82709 -0 0.575656 0.555306
-0.813473 -1.82709 -0 0.575656 0.555306
-0.907981 -1.78201 -0 0.586782 0.559457
-0.894821 -2.0098 -0 0.577289 0.538231
-0.907981 -1.78201 -0 0.586782 0.559457
-0.998779 -1.96021 -0 0.58868 0.542143
-0.894821 -2.0098 -0 0.577289 0.538231
-0.894821 -2.0098 -0 0.577289 0.538231
-0.998779 -1.96021 -0 0.58868 0.542143
-1.05921 -2.37902 0.04 0.58056 0.506149
-0.998779 -1.96021 -0 0.58868 0.542143
-1.18227 -2.32033 0.04 0.592499 0.509587
-1.05921 -2.37902 0.04 0.58056 0.506149
-1.05921 -2.37902 0.04 0.58056 0.506149
-1.18227 -2.32033 0.04 0.592499 0.509587
-1.14056 -2.56173 0.16 0.583387 0.482661
-1.18227 -2.32033 0.04 0.592499 0.509587
-1.27306 -2.49853 0.16 0.595825 0.485741
-1.14056 -2.56173 0.16 0.583387 0.482661
-1.14056 -2.56173 0.16 0.583387 0.482661
-1.27306 -2.49853 0.16 0.595825 0.485741
-1.2219 -2.74444 0.36 0.58723 0.452352
-1.27306 -2.49853 0.16 0.595825 0.485741
-1.36386 -2.67673 0.36 0.60036 0.454926
-1.2219 -2.74444 0.36 0.58723 0.452352
-1.2219 -2.74444 0.36 0.58723 0.452352
-1.36386 -2.67673 0.36 0.60036 0.454926
-1.30325 -2.92715 0.64 0.592194 0.414298
-1.36386 -2.67673 0.36 0.60036 0.454926
-1.45466 -2.85493 0.64 0.606237 0.416153
-1.30325 -2.92715 0.64 0.592194 0.414298
-1.30325 -2.92715 0.64 0.592194 0.414298
-1.45466 -2.85493 0.64 0.606237 0.416153
-1.3846 -3.10986 1 0.598484 0.36692
-1.45466 -2.85493 0.64 0.606237 0.416153
-1.54546 -3.03313 1 0.613711 0.367742
-1.3846 -3.10986 1 0.598484 0.36692
-1.3846 -3.10986 1 0.598484 0.36692
-1.54546 -3.03313 1 0.613711 0.367742
-1.46595 -3.29257 1.44 0.606427 0.307765
-1.54546 -3.03313 1 0.613711 0.367742
-1.63626 -3.21133 1.44 0.623187 0.307072
-1.46595 -3.29257 1.44 0.606427 0.307765
-1.46595 -3.29257 1.44 0.606427 0.307765
-1.63626 -3.21133 1.44 0.623187 0.307072
-1.54729 -3.47528 1.96 0.616535 0.233069
-1.63626 -3.21133 1.44 0.623187 0.307072
-1.72705 -3.38953 1.96 0.635306 0.230098
-1.54729 -3.47528 1.96 0.616535 0.233069
-1.54729 -3.47528 1.96 0.616535 0.233069
-1.72705 -3.38953 1.96 0.635306 0.230098
-1.62864 -3.65798 2.56 0.629615 0.13693
-1.72705 -3.38953 1.96 0.635306 0.230098
-1.81785 -3.56774 2.56 0.651087 0.130415
-1.62864 -3.65798 2.56 0.629615 0.13693
-0.143347 -0.373432 -0 0.53304 0.939121
-0.162695 -0.365418 -0 0.538471 0.944303
-0.215021 -0.560148 -0 0.541809 0.832395
-0.162695 -0.365418 -0 0.538471 0.944303
-0.244042 -0.548127 -0 0.548661 0.837704
-0.215021 -0.560148 -0 0.541809 0.832395
-0.215021 -0.560148 -0 0.541809 0.832395
-0.244042 -0.548127 -0 0.548661 0.837704
-0.286694 -0.746864 -0 0.548003 0.757002
-0.244042 -0.548127 -0 0.548661 0.837704
-0.325389 -0.730836 -0 0.555885 0.762133
-0.286694 -0.746864 -0 0.548003 0.757002
-0.286694 -0.746864 -0 0.548003 0.757002
-0.325389 -0.730836 -0 0.555885 0.762133
-0.358368 -0.93358 -0 0.552611 0.700911
-0.325389 -0.730836 -0 0.555885 0.762133
-0.406737 -0.913545 -0 0.561274 0.705765
-0.358368 -0.93358 -0 0.552611 0.700911
-0.358368 -0.93358 -0 0.552611 0.700911
-0.406737 -0.913545 -0 0.561274 0.705765
-0.430042 -1.1203 -0 0.556173 0.65755
-0.406737 -0.913545 -0 0.561274 0.705765
-0.488084 -1.09625 -0 0.565447 0.662104
-0.430042 -1.1203 -0 0.556173 0.65755
-0.430042 -1.1203 -0 0.556173 0.65755
-0.488084 -1.09625 -0 0.565447 0.662104
-0.501715 -1.30701 -0 0.55901 0.623027
-0.488084 -1.09625 -0 0.565447 0.662104
-0.569431 -1.27896 -0 0.568775 0.62729
-0.501715 -1.30701 -0 0.55901 0.623027
-0.501715 -1.30701 -0 0.55901 0.623027
-0.569431 -1.27896 -0 0.568775 0.62729
-0.573389 -1.49373 -0 0.561321 0.59489
-0.569431 -1.27896 -0 0.568775 0.62729
-0.650779 -1.46167 -0 0.571491 0.598881
-0.573389 -1.49373 -0 0.561321 0.59489
-0.573389 -1.49373 -0 0.561321 0.59489
-0.650779 -1.46167 -0 0.571491 0.598881
-0.645062 -1.68044 -0 0.563241 0.571517
-0.650779 -1.46167 -0 0.571491 0.598881
-0.732126 -1.64438 -0 0.573749 0.575258
-0.645062 -1.68044 -0 0.563241 0.571517
-0.645062 -1.68044 -0 0.563241 0.571517
-0.732126 -1.64438 -0 0.573749 0.575258
-0.716736 -1.86716 -0 0.564862 0.551793
-0.732126 -1.64438 -0 0.573749 0.575258
-0.813473 -1.82709 -0 0.575656 0.555306
-0.716736 -1.86716 -0 0.564862 0.551793
-0.716736 -1.86716 -0 0.564862 0.551793
-0.813473 -1.82709 -0 0.575656 0.555306
-0.788409 -2.05388 -0 0.566248 0.534925
-0.813473 -1.82709 -0 0.575656 0.555306
-0.894821 -2.0098 -0 0.577289 0.538231
-0.788409 -2.05388 -0 0.566248 0.534925
-0.788409 -2.05388 -0 0.566248 0.534925
-0.894821 -2.0098 -0 0.577289 0.538231
-0.933249 -2.4312 0.04 0.569013 0.503253
-0.894821 -2.0098 -0 0.577289 0.538231
-1.05921 -2.37902 0.04 0.58056 0.506149
-0.933249 -2.4312 0.04 0.569013 0.503253
-0.933249 -2.4312 0.04 0.569013 0.503253
-1.05921 -2.37902 0.04 0.58056 0.506149
-1.00492 -2.61791 0.16 0.571381 0.480075
-1.05921 -2.37902 0.04 0.58056 0.506149
-1.14056 -2.56173 0.16 0.583387 0.482661
-1.00492 -2.61791 0.16 0.571381 0.480075
-1.00492 -2.61791 0.16 0.571381 0.480075
-1.14056 -2.56173 0.16 0.583387 0.482661
-1.0766 -2.80463 0.36 0.574588 0.450203
-1.14056 -2.56173 0.16 0.583387 0.482661
-1.2219 -2.74444 0.36 0.58723 0.452352
-1.0766 -2.80463 0.36 0.574588 0.450203
-1.0766 -2.80463 0.36 0.574588 0.450203
-1.2219 -2.74444 0.36 0.58723 0.452352
-1.14827 -2.99134 0.64 0.578718 0.412764
-1.2219 -2.74444 0.36 0.58723 0.452352
-1.30325 -2.92715 0.64 0.592194 0.414298
-1.14827 -2.99134 0.64 0.578718 0.412764
-1.14827 -2.99134 0.64 0.578718 0.412764
-1.30325 -2.92715 0.64 0.592194 0.414298
-1.21994 -3.17806 1 0.583934 0.366267
-1.30325 -2.92715 0.64 0.592194 0.414298
-1.3846 -3.10986 1 0.598484 0.36692
-1.21994 -3.17806 1 0.583934 0.366267
-1.21994 -3.17806 1 0.583934 0.366267
-1.3846 -3.10986 1 0.598484 0.36692
-1.29162 -3.36478 1.44 0.590498 0.308393
-1.3846 -3.10986 1 0.598484 0.36692
-1.46595 -3.29257 1.44 0.606427 0.307765
-1.29162 -3.36478 1.44 0.590498 0.308393
-1.29162 -3.36478 1.44 0.590498 0.308393
-1.46595 -3.29257 1.44 0.606427 0.307765
-1.36329 -3.55149 1.96 0.598814 0.235607
-1.46595 -3.29257 1.44 0.606427 0.307765
-1.54729 -3.47528 1.96 0.616535 0.233069
-1.36329 -3.55149 1.96 0.598814 0.235607
-1.36329 -3.55149 1.96 0.598814 0.235607
-1.54729 -3.47528 1.96 0.616535 0.233069
-1.43496 -3.73821 2.56 0.609518 0.142406
-1.54729 -3.47528 1.96 0.616535 0.233069
-1.62864 -3.65798 2.56 0.629615 0.13693
-1.43496 -3.73821 2.56 0.609518 0.142406
-0.123607 -0.380423 -0 0.527637 0.934721
-0.143347 -0.373432 -0 0.53304 0.939121
-0.18541 -0.570634 -0 0.53503 0.827909
-0.143347 -0.373432 -0 0.53304 0.939121
-0.215021 -0.560148 -0 0.541809 0.832395
-0.18541 -0.570634 -0 0.53503 0.827909
-0.18541 -0.570634 -0 0.53503 0.827909
-0.215021 -0.560148 -0 0.541809 0.832395
-0.247214 -0.760845 -0 0.540238 0.752683
-0.215021 -0.560148 -0 0.541809 0.832395
-0.286694 -0.746864 -0 0.548003 0.757002
-0.247214 -0.760845 -0 0.540238 0.752683
-0.247214 -0.760845 -0 0.540238 0.752683
-0.286694 -0.746864 -0 0.548003 0.757002
-0.309017 -0.951057 -0 0.544103 0.696838
-0.286694 -0.746864 -0 0.548003 0.757002
-0.358368 -0.93358 -0 0.552611 0.700911
-0.309017 -0.951057 -0 0.544103 0.696838
-0.309017 -0.951057 -0 0.544103 0.696838
-0.358368 -0.93358 -0 0.552611 0.700911
-0.37082 -1.14127 -0 0.547086 0.653737
-0.358368 -0.93358 -0 0.552611 0.700911
-0.430042 -1.1203 -0 0.556173 0.65755
-0.37082 -1.14127 -0 0.547086 0.653737
-0.37082 -1.14127 -0 0.547086 0.653737
-0.430042 -1.1203 -0 0.556173 0.65755
-0.432624 -1.33148 -0 0.549459 0.619466
-0.430042 -1.1203 -0 0.556173 0.65755
-0.501715 -1.30701 -0 0.55901 0.623027
-0.432624 -1.33148 -0 0.549459 0.619466
-0.432624 -1.33148 -0 0.549459 0.619466
-0.501715 -1.30701 -0 0.55901 0.623027
-0.494427 -1.52169 -0 0.55139 0.591564
-0.501715 -1.30701 -0 0.55901 0.623027
-0.573389 -1.49373 -0 0.561321 0.59489
-0.494427 -1.52169 -0 0.55139 0.591564
-0.494427 -1.52169 -0 0.55139 0.591564
-0.573389 -1.49373 -0 0.561321 0.59489
-0.556231 -1.7119 -0 0.552993 0.568405
-0.573389 -1.49373 -0 0.561321 0.59489
-0.645062 -1.68044 -0 0.563241 0.571517
-0.556231 -1.7119 -0 0.552993 0.568405
-0.556231 -1.7119 -0 0.552993 0.568405
-0.645062 -1.68044 -0 0.563241 0.571517
-0.618034 -1.90211 -0 0.554345 0.548875
-0.645062 -1.68044 -0 0.563241 0.571517
-0.716736 -1.86716 -0 0.564862 0.551793
-0.618034 -1.90211 -0 0.554345 0.548875
-0.618034 -1.90211 -0 0.554345 0.548875
-0.716736 -1.86716 -0 0.564862 0.551793
-0.679837 -2.09232 -0 0.5555 0.532183
-0.716736 -1.86716 -0 0.564862 0.551793
-0.788409 -2.05388 -0 0.566248 0.534925
-0.679837 -2.09232 -0 0.5555 0.532183
-0.679837 -2.09232 -0 0.5555 0.532183
-0.788409 -2.05388 -0 0.566248 0.534925
-0.804731 -2.47671 0.04 0.557793 0.50086
-0.788409 -2.05388 -0 0.566248 0.534925
-0.933249 -2.4312 0.04 0.569013 0.503253
-0.804731 -2.47671 0.04 0.557793 0.50086
-0.804731 -2.47671 0.04 0.557793 0.50086
-0.933249 -2.4312 0.04 0.569013 0.503253
-0.866534 -2.66692 0.16 0.559734 0.477947
-0.933249 -2.4312 0.04 0.569013 0.503253
-1.00492 -2.61791 0.16 0.571381 0.480075
-0.866534 -2.66692 0.16 0.559734 0.477947
-0.866534 -2.66692 0.16 0.559734 0.477947
-1.00492 -2.61791 0.16 0.571381 0.480075
-0.928337 -2.85713 0.36 0.562351 0.448445
-1.00492 -2.61791 0.16 0.571381 0.480075
-1.0766 -2.80463 0.36 0.574588 0.450203
-0.928337 -2.85713 0.36 0.562351 0.448445
-0.928337 -2.85713 0.36 0.562351 0.448445
-1.0766 -2.80463 0.36 0.574588 0.450203
-0.990141 -3.04734 0.64 0.56571 0.411526
-1.0766 -2.80463 0.36 0.574588 0.450203
-1.14827 -2.99134 0.64 0.578718 0.412764
-0.990141 -3.04734 0.64 0.56571 0.411526
-0.990141 -3.04734 0.64 0.56571 0.411526
-1.14827 -2.99134 0.64 0.578718 0.412764
-1.05194 -3.23755 1 0.56994 0.365769
-1.14827 -2.99134 0.64 0.578718 0.412764
-1.21994 -3.17806 1 0.583934 0.366267
-1.05194 -3.23755 1 0.56994 0.365769
-1.05194 -3.23755 1 0.56994 0.365769
-1.21994 -3.17806 1 0.583934 0.366267
-1.11375 -3.42776 1.44 0.575245 0.308964
-1.21994 -3.17806 1 0.583934 0.366267
-1.29162 -3.36478 1.44 0.590498 0.308393
-1.11375 -3.42776 1.44 0.575245 0.308964
-1.11375 -3.42776 1.44 0.575245 0.308964
-1.29162 -3.36478 1.44 0.590498 0.308393
-1.17555 -3.61797 1.96 0.581942 0.23776
-1.29162 -3.36478 1.44 0.590498 0.308393
-1.36329 -3.55149 1.96 0.598814 0.235607
-1.17555 -3.61797 1.96 0.581942 0.23776
-1.17555 -3.61797 1.96 0.581942 0.23776
-1.36329 -3.55149 1.96 0.598814 0.235607
-1.23735 -3.80819 2.56 0.590522 0.146972
-1.36329 -3.55149 1.96 0.598814 0.235607
-1.43496 -3.73821 2.56 0.609518 0.142406
-1.23735 -3.80819 2.56 0.590522 0.146972
-0.103528 -0.38637 -0 0.522258 0.931085
-0.123607 -0.380423 -0 0.527637 0.934721
-0.155291 -0.579556 -0 0.528315 0.824218
-0.123607 -0.380423 -0 0.527637 0.934721
-0.18541 -0.570634 -0 0.53503 0.827909
-0.155291 -0.579556 -0 0.528315 0.824218
-0.155291 -0.579556 -0 0.528315 0.824218
-0.18541 -0.570634 -0 0.53503 0.827909
-0.207055 -0.772741 -0 0.532571 0.749143
-0.18541 -0.570634 -0 0.53503 0.827909
-0.247214 -0.760845 -0 0.540238 0.752683
-0.207055 -0.772741 -0 0.532571 0.749143
-0.207055 -0.772741 -0 0.532571 0.749143
-0.247214 -0.760845 -0 0.540238 0.752683
-0.258819 -0.965926 -0 0.535724 0.693508
-0.247214 -0.760845 -0 0.540238 0.752683
-0.309017 -0.951057 -0 0.544103 0.696838
-0.258819 -0.965926 -0 0.535724 0.693508
-0.258819 -0.965926 -0 0.535724 0.693508
-0.309017 -0.951057 -0 0.544103 0.696838
-0.310583 -1.15911 -0 0.538155 0.65063
-0.309017 -0.951057 -0 0.544103 0.696838
-0.37082 -1.14127 -0 0.547086 0.653737
-0.310583 -1.15911 -0 0.538155 0.65063
-0.310583 -1.15911 -0 0.538155 0.65063
-0.37082 -1.14127 -0 0.547086 0.653737
-0.362347 -1.3523 -0 0.540085 0.616571
-0.37082 -1.14127 -0 0.547086 0.653737
-0.432624 -1.33148 -0 0.549459 0.619466
-0.362347 -1.3523 -0 0.540085 0.616571
-0.362347 -1.3523 -0 0.540085 0.616571
-0.432624 -1.33148 -0 0.549459 0.619466
-0.41411 -1.54548 -0 0.541656 0.588864
-0.432624 -1.33148 -0 0.549459 0.619466
-0.494427 -1.52169 -0 0.55139 0.591564
-0.41411 -1.54548 -0 0.541656 0.588864
-0.41411 -1.54548 -0 0.541656 0.588864
-0.494427 -1.52169 -0 0.55139 0.591564
-0.465874 -1.73867 -0 0.542958 0.565885
-0.494427 -1.52169 -0 0.55139 0.591564
-0.556231 -1.7119 -0 0.552993 0.568405
-0.465874 -1.73867 -0 0.542958 0.565885
-0.465874 -1.73867 -0 0.542958 0.565885
-0.556231 -1.7119 -0 0.552993 0.568405
-0.517638 -1.93185 -0 0.544056 0.546517
-0.556231 -1.7119 -0 0.552993 0.568405
-0.618034 -1.90211 -0 0.554345 0.548875
-0.517638 -1.93185 -0 0.544056 0.546517
-0.517638 -1.93185 -0 0.544056 0.546517
-0.618034 -1.90211 -0 0.554345 0.548875
-0.569402 -2.12504 -0 0.544994 0.529972
-0.618034 -1.90211 -0 0.554345 0.548875
-0.679837 -2.09232 -0 0.5555 0.532183
-0.569402 -2.12504 -0 0.544994 0.529972
-0.569402 -2.12504 -0 0.544994 0.529972
-0.679837 -2.09232 -0 0.5555 0.532183
-0.674007 -2.51543 0.04 0.546842 0.498939
-0.679837 -2.09232 -0 0.5555 0.532183
-0.804731 -2.47671 0.04 0.557793 0.50086
-0.674007 -2.51543 0.04 0.546842 0.498939
-0.674007 -2.51543 0.04 0.546842 0.498939
-0.804731 -2.47671 0.04 0.557793 0.50086
-0.725771 -2.70861 0.16 0.548381 0.476246
-0.804731 -2.47671 0.04 0.557793 0.50086
-0.866534 -2.66692 0.16 0.559734 0.477947
-0.725771 -2.70861 0.16 0.548381 0.476246
-0.725771 -2.70861 0.16 0.548381 0.476246
-0.866534 -2.66692 0.16 0.559734 0.477947
-0.777535 -2.9018 0.36 0.550444 0.447051
-0.866534 -2.66692 0.16 0.559734 0.477947
-0.928337 -2.85713 0.36 0.562351 0.448445
-0.777535 -2.9018 0.36 0.550444 0.447051
-0.777535 -2.9018 0.36 0.550444 0.447051
-0.928337 -2.85713 0.36 0.562351 0.448445
-0.829298 -3.09498 0.64 0.553083 0.410564
-0.928337 -2.85713 0.36 0.562351 0.448445
-0.990141 -3.04734 0.64 0.56571 0.411526
-0.829298 -3.09498 0.64 0.553083 0.410564
-0.829298 -3.09498 0.64 0.553083 0.410564
-0.990141 -3.04734 0.64 0.56571 0.411526
-0.881062 -3.28817 1 0.556396 0.365415
-0.990141 -3.04734 0.64 0.56571 0.411526
-1.05194 -3.23755 1 0.56994 0.365769
-0.881062 -3.28817 1 0.556396 0.365415
-0.881062 -3.28817 1 0.556396 0.365415
-1.05194 -3.23755 1 0.56994 0.365769
-0.932826 -3.48135 1.44 0.560538 0.309486
-1.05194 -3.23755 1 0.56994 0.365769
-1.11375 -3.42776 1.44 0.575245 0.308964
-0.932826 -3.48135 1.44 0.560538 0.309486
-0.932826 -3.48135 1.44 0.560538 0.309486
-1.11375 -3.42776 1.44 0.575245 0.308964
-0.98459 -3.67454 1.96 0.565749 0.239567
-1.11375 -3.42776 1.44 0.575245 0.308964
-1.17555 -3.61797 1.96 0.581942 0.23776
-0.98459 -3.67454 1.96 0.565749 0.239567
-0.98459 -3.67454 1.96 0.565749 0.239567
-1.17555 -3.61797 1.96 0.581942 0.23776
-1.03635 -3.86772 2.56 0.5724 0.150727
-1.17555 -3.61797 1.96 0.581942 0.23776
-1.23735 -3.80819 2.56 0.590522 0.146972
-1.03635 -3.86772 2.56 0.5724 0.150727
-0.0831647 -0.391259 -0 0.516898 0.928195
-0.103528 -0.38637 -0 0.522258 0.931085
-0.124747 -0.586889 -0 0.521651 0.821299
-0.103528 -0.38637 -0 0.522258 0.931085
-0.155291 -0.579556 -0 0.528315 0.824218
-0.124747 -0.586889 -0 0.521651 0.821299
-0.124747 -0.586889 -0 0.521651 0.821299
-0.155291 -0.579556 -0 0.528315 0.824218
-0.166329 -0.782518 -0 0.524983 0.746352
-0.155291 -0.579556 -0 0.528315 0.824218
-0.207055 -0.772741 -0 0.532571 0.749143
-0.166329 -0.782518 -0 0.524983 0.746352
-0.166329 -0.782518 -0 0.524983 0.746352
-0.207055 -0.772741 -0 0.532571 0.749143
-0.207912 -0.978148 -0 0.527449 0.690894
-0.207055 -0.772741 -0 0.532571 0.749143
-0.258819 -0.965926 -0 0.535724 0.693508
-0.207912 -0.978148 -0 0.527449 0.690894
-0.207912 -0.978148 -0 0.527449 0.690894
-0.258819 -0.965926 -0 0.535724 0.693508
-0.249494 -1.17378 -0 0.529347 0.648197
-0.258819 -0.965926 -0 0.535724 0.693508
-0.310583 -1.15911 -0 0.538155 0.65063
-0.249494 -1.17378 -0 0.529347 0.648197
-0.249494 -1.17378 -0 0.529347 0.648197
-0.310583 -1.15911 -0 0.538155 0.65063
-0.291076 -1.36941 -0 0.530854 0.614311
-0.310583 -1.15911 -0 0.538155 0.65063
-0.362347 -1.3523 -0 0.540085 0.616571
-0.291076 -1.36941 -0 0.530854 0.614311
-0.291076 -1.36941 -0 0.530854 0.614311
-0.362347 -1.3523 -0 0.540085 0.616571
-0.332659 -1.56504 -0 0.532079 0.586764
-0.362347 -1.3523 -0 0.540085 0.616571
-0.41411 -1.54548 -0 0.541656 0.588864
-0.332659 -1.56504 -0 0.532079 0.586764
-0.332659 -1.56504 -0 0.532079 0.586764
-0.41411 -1.54548 -0 0.541656 0.588864
-0.374241 -1.76067 -0 0.533094 0.563929
-0.41411 -1.54548 -0 0.541656 0.588864
-0.465874 -1.73867 -0 0.542958 0.565885
-0.374241 -1.76067 -0 0.533094 0.563929
-0.374241 -1.76067 -0 0.533094 0.563929
-0.465874 -1.73867 -0 0.542958 0.565885
-0.415823 -1.9563 -0 0.53395 0.544692
-0.465874 -1.73867 -0 0.542958 0.565885
-0.517638 -1.93185 -0 0.544056 0.546517
-0.415823 -1.9563 -0 0.53395 0.544692
-0.415823 -1.9563 -0 0.53395 0.544692
-0.517638 -1.93185 -0 0.544056 0.546517
-0.457406 -2.15192 -0 0.53468 0.528266
-0.517638 -1.93185 -0 0.544056 0.546517
-0.569402 -2.12504 -0 0.544994 0.529972
-0.457406 -2.15192 -0 0.53468 0.528266
-0.457406 -2.15192 -0 0.53468 0.528266
-0.569402 -2.12504 -0 0.544994 0.529972
-0.541436 -2.54726 0.04 0.536104 0.497466
-0.569402 -2.12504 -0 0.544994 0.529972
-0.674007 -2.51543 0.04 0.546842 0.498939
-0.541436 -2.54726 0.04 0.536104 0.497466
-0.541436 -2.54726 0.04 0.536104 0.497466
-0.674007 -2.51543 0.04 0.546842 0.498939
-0.583018 -2.74289 0.16 0.537261 0.47495
-0.674007 -2.51543 0.04 0.546842 0.498939
-0.725771 -2.70861 0.16 0.548381 0.476246
-0.583018 -2.74289 0.16 0.537261 0.47495
-0.583018 -2.74289 0.16 0.537261 0.47495
-0.725771 -2.70861 0.16 0.548381 0.476246
-0.624601 -2.93851 0.36 0.5388 0.446003
-0.725771 -2.70861 0.16 0.548381 0.476246
-0.777535 -2.9018 0.36 0.550444 0.447051
-0.624601 -2.93851 0.36 0.5388 0.446003
-0.624601 -2.93851 0.36 0.5388 0.446003
-0.777535 -2.9018 0.36 0.550444 0.447051
-0.666183 -3.13414 0.64 0.540758 0.40986
-0.777535 -2.9018 0.36 0.550444 0.447051
-0.829298 -3.09498 0.64 0.553083 0.410564
-0.666183 -3.13414 0.64 0.540758 0.40986
-0.666183 -3.13414 0.64 0.540758 0.40986
-0.829298 -3.09498 0.64 0.553083 0.410564
-0.707765 -3.32977 1 0.543207 0.365196
-0.829298 -3.09498 0.64 0.553083 0.410564
-0.881062 -3.28817 1 0.556396 0.365415
-0.707765 -3.32977 1 0.543207 0.365196
-0.707765 -3.32977 1 0.543207 0.365196
-0.881062 -3.28817 1 0.556396 0.365415
-0.749348 -3.5254 1.44 0.54626 0.309962
-0.881062 -3.28817 1 0.556396 0.365415
-0.932826 -3.48135 1.44 0.560538 0.309486
-0.749348 -3.5254 1.44 0.54626 0.309962
-0.749348 -3.5254 1.44 0.54626 0.309962
-0.932826 -3.48135 1.44 0.560538 0.309486
-0.79093 -3.72103 1.96 0.550088 0.241059
-0.932826 -3.48135 1.44 0.560538 0.309486
-0.98459 -3.67454 1.96 0.565749 0.239567
-0.79093 -3.72103 1.96 0.550088 0.241059
-0.79093 -3.72103 1.96 0.550088 0.241059
-0.98459 -3.67454 1.96 0.565749 0.239567
-0.832512 -3.91666 2.56 0.554956 0.153746
-0.98459 -3.67454 1.96 0.565749 0.239567
-1.03635 -3.86772 2.56 0.5724 0.150727
-0.832512 -3.91666 2.56 0.554956 0.153746
-0.0625738 -0.395075 -0 0.511553 0.926038
-0.0831647 -0.391259 -0 0.516898 0.928195
-0.0938607 -0.592613 -0 0.515026 0.819132
-0.0831647 -0.391259 -0 0.516898 0.928195
-0.124747 -0.586889 -0 0.521651 0.821299
-0.0938607 -0.592613 -0 0.515026 0.819132
-0.0938607 -0.592613 -0 0.515026 0.819132
-0.124747 -0.586889 -0 0.521651 0.821299
-0.125148 -0.790151 -0 0.517457 0.744292
-0.124747 -0.586889 -0 0.521651 0.821299
-0.166329 -0.782518 -0 0.524983 0.746352
-0.125148 -0.790151 -0 0.517457 0.744292
-0.125148 -0.790151 -0 0.517457 0.744292
-0.166329 -0.782518 -0 0.524983 0.746352
-0.156434 -0.987688 -0 0.519254 0.688971
-0.166329 -0.782518 -0 0.524983 0.746352
-0.207912 -0.978148 -0 0.527449 0.690894
-0.156434 -0.987688 -0 0.519254 0.688971
-0.156434 -0.987688 -0 0.519254 0.688971
-0.207912 -0.978148 -0 0.527449 0.690894
-0.187721 -1.18523 -0 0.520636 0.646416
-0.207912 -0.978148 -0 0.527449 0.690894
-0.249494 -1.17378 -0 0.529347 0.648197
-0.187721 -1.18523 -0 0.520636 0.646416
-0.187721 -1.18523 -0 0.520636 0.646416
-0.249494 -1.17378 -0 0.529347 0.648197
-0.219008 -1.38276 -0 0.521733 0.612663
-0.249494 -1.17378 -0 0.529347 0.648197
-0.291076 -1.36941 -0 0.530854 0.614311
-0.219008 -1.38276 -0 0.521733 0.612663
-0.219008 -1.38276 -0 0.521733 0.612663
-0.291076 -1.36941 -0 0.530854 0.614311
-0.250295 -1.5803 -0 0.522624 0.585239
-0.291076 -1.36941 -0 0.530854 0.614311
-0.332659 -1.56504 -0 0.532079 0.586764
-0.250295 -1.5803 -0 0.522624 0.585239
-0.250295 -1.5803 -0 0.522624 0.585239
-0.332659 -1.56504 -0 0.532079 0.586764
-0.281582 -1.77784 -0 0.523362 0.562515
-0.332659 -1.56504 -0 0.532079 0.586764
-0.374241 -1.76067 -0 0.533094 0.563929
-0.281582 -1.77784 -0 0.523362 0.562515
-0.281582 -1.77784 -0 0.523362 0.562515
-0.374241 -1.76067 -0 0.533094 0.563929
-0.312869 -1.97538 -0 0.523984 0.543379
-0.374241 -1.76067 -0 0.533094 0.563929
-0.415823 -1.9563 -0 0.53395 0.544692
-0.312869 -1.97538 -0 0.523984 0.543379
-0.312869 -1.97538 -0 0.523984 0.543379
-0.415823 -1.9563 -0 0.53395 0.544692
-0.344156 -2.17291 -0 0.524514 0.527043
-0.415823 -1.9563 -0 0.53395 0.544692
-0.457406 -2.15192 -0 0.53468 0.528266
-0.344156 -2.17291 -0 0.524514 0.527043
-0.344156 -2.17291 -0 0.524514 0.527043
-0.457406 -2.15192 -0 0.53468 0.528266
-0.407381 -2.5721 0.04 0.525531 0.496422
-0.457406 -2.15192 -0 0.53468 0.528266
-0.541436 -2.54726 0.04 0.536104 0.497466
-0.407381 -2.5721 0.04 0.525531 0.496422
-0.407381 -2.5721 0.04 0.525531 0.496422
-0.541436 -2.54726 0.04 0.536104 0.497466
-0.438668 -2.76964 0.16 0.526321 0.474041
-0.541436 -2.54726 0.04 0.536104 0.497466
-0.583018 -2.74289 0.16 0.537261 0.47495
-0.438668 -2.76964 0.16 0.526321 0.474041
-0.438668 -2.76964 0.16 0.526321 0.474041
-0.583018 -2.74289 0.16 0.537261 0.47495
-0.469955 -2.96718 0.36 0.527357 0.445283
-0.583018 -2.74289 0.16 0.537261 0.47495
-0.624601 -2.93851 0.36 0.5388 0.446003
-0.469955 -2.96718 0.36 0.527357 0.445283
-0.469955 -2.96718 0.36 0.527357 0.445283
-0.624601 -2.93851 0.36 0.5388 0.446003
-0.501242 -3.16471 0.64 0.528664 0.409403
-0.624601 -2.93851 0.36 0.5388 0.446003
-0.666183 -3.13414 0.64 0.540758 0.40986
-0.501242 -3.16471 0.64 0.528664 0.409403
-0.501242 -3.16471 0.64 0.528664 0.409403
-0.666183 -3.13414 0.64 0.540758 0.40986
-0.532528 -3.36225 1 0.530289 0.365108
-0.666183 -3.13414 0.64 0.540758 0.40986
-0.707765 -3.32977 1 0.543207 0.365196
-0.532528 -3.36225 1 0.530289 0.365108
-0.532528 -3.36225 1 0.530289 0.365108
-0.707765 -3.32977 1 0.543207 0.365196
-0.563815 -3.55979 1.44 0.532306 0.310399
-0.707765 -3.32977 1 0.543207 0.365196
-0.749348 -3.5254 1.44 0.54626 0.309962
-0.563815 -3.55979 1.44 0.532306 0.310399
-0.563815 -3.55979 1.44 0.532306 0.310399
-0.749348 -3.5254 1.44 0.54626 0.309962
-0.595102 -3.75733 1.96 0.534826 0.242259
-0.749348 -3.5254 1.44 0.54626 0.309962
-0.79093 -3.72103 1.96 0.550088 0.241059
-0.595102 -3.75733 1.96 0.534826 0.242259
-0.595102 -3.75733 1.96 0.534826 0.242259
-0.79093 -3.72103 1.96 0.550088 0.241059
-0.626389 -3.95487 2.56 0.53802 0.156087
-0.79093 -3.72103 1.96 0.550088 0.241059
-0.832512 -3.91666 2.56 0.554956 0.153746
-0.626389 -3.95487 2.56 0.53802 0.156087
-0.0418114 -0.397809 -0 0.506218 0.924605
-0.0625738 -0.395075 -0 0.511553 0.926038
-0.0627171 -0.596713 -0 0.508429 0.817704
-0.0625738 -0.395075 -0 0.511553 0.926038
-0.0938607 -0.592613 -0 0.515026 0.819132
-0.0627171 -0.596713 -0 0.508429 0.817704
-0.0627171 -0.596713 -0 0.508429 0.817704
-0.0938607 -0.592613 -0 0.515026 0.819132
-0.0836228 -0.795618 -0 0.509975 0.742944
-0.0938607 -0.592613 -0 0.515026 0.819132
-0.125148 -0.790151 -0 0.517457 0.744292
-0.0836228 -0.795618 -0 0.509975 0.742944
-0.0836228 -0.795618 -0 0.509975 0.742944
-0.125148 -0.790151 -0 0.517457 0.744292
-0.104528 -0.994522 -0 0.511117 0.687724
-0.125148 -0.790151 -0 0.517457 0.744292
-0.156434 -0.987688 -0 0.519254 0.688971
-0.104528 -0.994522 -0 0.511117 0.687724
-0.104528 -0.994522 -0 0.511117 0.687724
-0.156434 -0.987688 -0 0.519254 0.688971
-0.125434 -1.19343 -0 0.511994 0.645269
-0.156434 -0.987688 -0 0.519254 0.688971
-0.187721 -1.18523 -0 0.520636 0.646416
-0.125434 -1.19343 -0 0.511994 0.645269
-0.125434 -1.19343 -0 0.511994 0.645269
-0.187721 -1.18523 -0 0.520636 0.646416
-0.14634 -1.39233 -0 0.51269 0.611611
-0.187721 -1.18523 -0 0.520636 0.646416
-0.219008 -1.38276 -0 0.521733 0.612663
-0.14634 -1.39233 -0 0.51269 0.611611
-0.14634 -1.39233 -0 0.51269 0.611611
-0.219008 -1.38276 -0 0.521733 0.612663
-0.167246 -1.59124 -0 0.513256 0.584273
-0.219008 -1.38276 -0 0.521733 0.612663
-0.250295 -1.5803 -0 0.522624 0.585239
-0.167246 -1.59124 -0 0.513256 0.584273
-0.167246 -1.59124 -0 0.513256 0.584273
-0.250295 -1.5803 -0 0.522624 0.585239
-0.188151 -1.79014 -0 0.513724 0.561628
-0.250295 -1.5803 -0 0.522624 0.585239
-0.281582 -1.77784 -0 0.523362 0.562515
-0.188151 -1.79014 -0 0.513724 0.561628
-0.188151 -1.79014 -0 0.513724 0.561628
-0.281582 -1.77784 -0 0.523362 0.562515
-0.209057 -1.98904 -0 0.514118 0.542562
-0.281582 -1.77784 -0 0.523362 0.562515
-0.312869 -1.97538 -0 0.523984 0.543379
-0.209057 -1.98904 -0 0.514118 0.542562
-0.209057 -1.98904 -0 0.514118 0.542562
-0.312869 -1.97538 -0 0.523984 0.543379
-0.229963 -2.18795 -0 0.514455 0.526289
-0.312869 -1.97538 -0 0.523984 0.543379
-0.344156 -2.17291 -0 0.524514 0.527043
-0.229963 -2.18795 -0 0.514455 0.526289
-0.229963 -2.18795 -0 0.514455 0.526289
-0.344156 -2.17291 -0 0.524514 0.527043
-0.272209 -2.5899 0.04 0.515076 0.495793
-0.344156 -2.17291 -0 0.524514 0.527043
-0.407381 -2.5721 0.04 0.525531 0.496422
-0.272209 -2.5899 0.04 0.515076 0.495793
-0.272209 -2.5899 0.04 0.515076 0.495793
-0.407381 -2.5721 0.04 0.525531 0.496422
-0.293115 -2.7888 0.16 0.515509 0.473507
-0.407381 -2.5721 0.04 0.525531 0.496422
-0.438668 -2.76964 0.16 0.526321 0.474041
-0.293115 -2.7888 0.16 0.515509 0.473507
-0.293115 -2.7888 0.16 0.515509 0.473507
-0.438668 -2.76964 0.16 0.526321 0.474041
-0.314021 -2.98771 0.36 0.516056 0.444881
-0.438668 -2.76964 0.16 0.526321 0.474041
-0.469955 -2.96718 0.36 0.527357 0.445283
-0.314021 -2.98771 0.36 0.516056 0.444881
-0.314021 -2.98771 0.36 0.516056 0.444881
-0.469955 -2.96718 0.36 0.527357 0.445283
-0.334926 -3.18661 0.64 0.516732 0.409185
-0.469955 -2.96718 0.36 0.527357 0.445283
-0.501242 -3.16471 0.64 0.528664 0.409403
-0.334926 -3.18661 0.64 0.516732 0.409185
-0.334926 -3.18661 0.64 0.516732 0.409185
-0.501242 -3.16471 0.64 0.528664 0.409403
-0.355832 -3.38551 1 0.517561 0.365146
-0.501242 -3.16471 0.64 0.528664 0.409403
-0.532528 -3.36225 1 0.530289 0.365108
-0.355832 -3.38551 1 0.517561 0.365146
-0.355832 -3.38551 1 0.517561 0.365146
-0.532528 -3.36225 1 0.530289 0.365108
-0.376738 -3.58442 1.44 0.51858 0.3108
-0.532528 -3.36225 1 0.530289 0.365108
-0.563815 -3.55979 1.44 0.532306 0.310399
-0.376738 -3.58442 1.44 0.51858 0.3108
-0.376738 -3.58442 1.44 0.51858 0.3108
-0.563815 -3.55979 1.44 0.532306 0.310399
-0.397643 -3.78332 1.96 0.519844 0.243185
-0.563815 -3.55979 1.44 0.532306 0.310399
-0.595102 -3.75733 1.96 0.534826 0.242259
-0.397643 -3.78332 1.96 0.519844 0.243185
-0.397643 -3.78332 1.96 0.519844 0.243185
-0.595102 -3.75733 1.96 0.534826 0.242259
-0.418549 -3.98223 2.56 0.521437 0.157794
-0.595102 -3.75733 1.96 0.534826 0.242259
-0.626389 -3.95487 2.56 0.53802 0.156087
-0.418549 -3.98223 2.56 0.521437 0.157794
-0.0209344 -0.399452 -0 0.500891 0.923889
-0.0418114 -0.397809 -0 0.506218 0.924605
-0.0314016 -0.599178 -0 0.50185 0.817005
-0.0418114 -0.397809 -0 0.506218 0.924605
-0.0627171 -0.596713 -0 0.508429 0.817704
-0.0314016 -0.599178 -0 0.50185 0.817005
-0.0314016 -0.599178 -0 0.50185 0.817005
-0.0627171 -0.596713 -0 0.508429 0.817704
-0.0418688 -0.798904 -0 0.50252 0.742299
-0.0627171 -0.596713 -0 0.508429 0.817704
-0.0836228 -0.795618 -0 0.509975 0.742944
-0.0418688 -0.798904 -0 0.50252 0.742299
-0.0418688 -0.798904 -0 0.50252 0.742299
-0.0836228 -0.795618 -0 0.509975 0.742944
-0.052336 -0.99863 -0 0.503015 0.687141
-0.0836228 -0.795618 -0 0.509975 0.742944
-0.104528 -0.994522 -0 0.511117 0.687724
-0.052336 -0.99863 -0 0.503015 0.687141
-0.052336 -0.99863 -0 0.503015 0.687141
-0.104528 -0.994522 -0 0.511117 0.687724
-0.0628031 -1.19836 -0 0.503395 0.644746
-0.104528 -0.994522 -0 0.511117 0.687724
-0.125434 -1.19343 -0 0.511994 0.645269
-0.0628031 -1.19836 -0 0.503395 0.644746
-0.0628031 -1.19836 -0 0.503395 0.644746
-0.125434 -1.19343 -0 0.511994 0.645269
-0.0732703 -1.39808 -0 0.503697 0.611144
-0.125434 -1.19343 -0 0.511994 0.645269
-0.14634 -1.39233 -0 0.51269 0.611611
-0.0732703 -1.39808 -0 0.503697 0.611144
-0.0732703 -1.39808 -0 0.503697 0.611144
-0.14634 -1.39233 -0 0.51269 0.611611
-0.0837375 -1.59781 -0 0.503941 0.583856
-0.14634 -1.39233 -0 0.51269 0.611611
-0.167246 -1.59124 -0 0.513256 0.584273
-0.0837375 -1.59781 -0 0.503941 0.583856
-0.0837375 -1.59781 -0 0.503941 0.583856
-0.167246 -1.59124 -0 0.513256 0.584273
-0.0942047 -1.79753 -0 0.504144 0.561256
-0.167246 -1.59124 -0 0.513256 0.584273
-0.188151 -1.79014 -0 0.513724 0.561628
-0.0942047 -1.79753 -0 0.504144 0.561256
-0.0942047 -1.79753 -0 0.504144 0.561256
-0.188151 -1.79014 -0 0.513724 0.561628
-0.104672 -1.99726 -0 0.504315 0.54223
-0.188151 -1.79014 -0 0.513724 0.561628
-0.209057 -1.98904 -0 0.514118 0.542562
-0.104672 -1.99726 -0 0.504315 0.54223
-0.104672 -1.99726 -0 0.504315 0.54223
-0.209057 -1.98904 -0 0.514118 0.542562
-0.115139 -2.19699 -0 0.504461 0.525994
-0.209057 -1.98904 -0 0.514118 0.542562
-0.229963 -2.18795 -0 0.514455 0.526289
-0.115139 -2.19699 -0 0.504461 0.525994
-0.115139 -2.19699 -0 0.504461 0.525994
-0.229963 -2.18795 -0 0.514455 0.526289
-0.136291 -2.60059 0.04 0.504693 0.49557
-0.229963 -2.18795 -0 0.514455 0.526289
-0.272209 -2.5899 0.04 0.515076 0.495793
-0.136291 -2.60059 0.04 0.504693 0.49557
-0.136291 -2.60059 0.04 0.504693 0.49557
-0.272209 -2.5899 0.04 0.515076 0.495793
-0.146759 -2.80032 0.16 0.504776 0.473339
-0.272209 -2.5899 0.04 0.515076 0.495793
-0.293115 -2.7888 0.16 0.515509 0.473507
-0.146759 -2.80032 0.16 0.504776 0.473339
-0.146759 -2.80032 0.16 0.504776 0.473339
-0.293115 -2.7888 0.16 0.515509 0.473507
-0.157226 -3.00005 0.36 0.504844 0.44479
-0.293115 -2.7888 0.16 0.515509 0.473507
-0.314021 -2.98771 0.36 0.516056 0.444881
-0.157226 -3.00005 0.36 0.504844 0.44479
-0.157226 -3.00005 0.36 0.504844 0.44479
-0.314021 -2.98771 0.36 0.516056 0.444881
-0.167693 -3.19977 0.64 0.504901 0.4092
-0.314021 -2.98771 0.36 0.516056 0.444881
-0.334926 -3.18661 0.64 0.516732 0.409185
-0.167693 -3.19977 0.64 0.504901 0.4092
-0.167693 -3.19977 0.64 0.504901 0.4092
-0.334926 -3.18661 0.64 0.516732 0.409185
-0.17816 -3.3995 1 0.50495 0.365308
-0.334926 -3.18661 0.64 0.516732 0.409185
-0.355832 -3.38551 1 0.517561 0.365146
-0.17816 -3.3995 1 0.50495 0.365308
-0.17816 -3.3995 1 0.50495 0.365308
-0.355832 -3.38551 1 0.517561 0.365146
-0.188627 -3.59922 1.44 0.504993 0.311168
-0.355832 -3.38551 1 0.517561 0.365146
-0.376738 -3.58442 1.44 0.51858 0.3108
-0.188627 -3.59922 1.44 0.504993 0.311168
-0.188627 -3.59922 1.44 0.504993 0.311168
-0.376738 -3.58442 1.44 0.51858 0.3108
-0.199095 -3.79895 1.96 0.505032 0.243849
-0.376738 -3.58442 1.44 0.51858 0.3108
-0.397643 -3.78332 1.96 0.519844 0.243185
-0.199095 -3.79895 1.96 0.505032 0.243849
-0.199095 -3.79895 1.96 0.505032 0.243849
-0.397643 -3.78332 1.96 0.519844 0.243185
-0.209562 -3.99868 2.56 0.505067 0.158894
-0.397643 -3.78332 1.96 0.519844 0.243185
-0.418549 -3.98223 2.56 0.521437 0.157794
-0.209562 -3.99868 2.56 0.505067 0.158894
-2.44929e-17 -0.4 -0 0.495566 0.923886
-0.0209344 -0.399452 -0 0.500891 0.923889
-3.67394e-17 -0.6 -0 0.495277 0.81703
-0.0209344 -0.399452 -0 0.500891 0.923889
-0.0314016 -0.599178 -0 0.50185 0.817005
-3.67394e-17 -0.6 -0 0.495277 0.81703
-3.67394e-17 -0.6 -0 0.495277 0.81703
-0.0314016 -0.599178 -0 0.50185 0.817005
-4.89859e-17 -0.8 -0 0.495076 0.742351
-0.0314016 -0.599178 -0 0.50185 0.817005
-0.0418688 -0.798904 -0 0.50252 0.742299
-4.89859e-17 -0.8 -0 0.495076 0.742351
-4.89859e-17 -0.8 -0 0.495076 0.742351
-0.0418688 -0.798904 -0 0.50252 0.742299
-6.12323e-17 -1 -0 0.494927 0.687216
-0.0418688 -0.798904 -0 0.50252 0.742299
-0.052336 -0.99863 -0 0.503015 0.687141
-6.12323e-17 -1 -0 0.494927 0.687216
-6.12323e-17 -1 -0 0.494927 0.687216
-0.052336 -0.99863 -0 0.503015 0.687141
-7.34788e-17 -1.2 -0 0.494813 0.644841
-0.052336 -0.99863 -0 0.503015 0.687141
-0.0628031 -1.19836 -0 0.503395 0.644746
-7.34788e-17 -1.2 -0 0.494813 0.644841
-7.34788e-17 -1.2 -0 0.494813 0.644841
-0.0628031 -1.19836 -0 0.503395 0.644746
-8.57253e-17 -1.4 -0 0.494722 0.611256
-0.0628031 -1.19836 -0 0.503395 0.644746
-0.0732703 -1.39808 -0 0.503697 0.611144
-8.57253e-17 -1.4 -0 0.494722 0.611256
-8.57253e-17 -1.4 -0 0.494722 0.611256
-0.0732703 -1.39808 -0 0.503697 0.611144
-9.79717e-17 -1.6 -0 0.494649 0.583983
-0.0732703 -1.39808 -0 0.503697 0.611144
-0.0837375 -1.59781 -0 0.503941 0.583856
-9.79717e-17 -1.6 -0 0.494649 0.583983
-9.79717e-17 -1.6 -0 0.494649 0.583983
-0.0837375 -1.59781 -0 0.503941 0.583856
-1.10218e-16 -1.8 -0 0.494588 0.561395
-0.0837375 -1.59781 -0 0.503941 0.583856
-0.0942047 -1.79753 -0 0.504144 0.561256
-1.10218e-16 -1.8 -0 0.494588 0.561395
-1.10218e-16 -1.8 -0 0.494588 0.561395
-0.0942047 -1.79753 -0 0.504144 0.561256
-1.22465e-16 -2 -0 0.494537 0.54238
-0.0942047 -1.79753 -0 0.504144 0.561256
-0.104672 -1.99726 -0 0.504315 0.54223
-1.22465e-16 -2 -0 0.494537 0.54238
-1.22465e-16 -2 -0 0.494537 0.54238
-0.104672 -1.99726 -0 0.504315 0.54223
-1.34711e-16 -2.2 -0 0.494493 0.526153
-0.104672 -1.99726 -0 0.504315 0.54223
-0.115139 -2.19699 -0 0.504461 0.525994
-1.34711e-16 -2.2 -0 0.494493 0.526153
-1.34711e-16 -2.2 -0 0.494493 0.526153
-0.115139 -2.19699 -0 0.504461 0.525994
-1.59459e-16 -2.60416 0.04 0.494339 0.495748
-0.115139 -2.19699 -0 0.504461 0.525994
-0.136291 -2.60059 0.04 0.504693 0.49557
-1.59459e-16 -2.60416 0.04 0.494339 0.495748
-1.59459e-16 -2.60416 0.04 0.494339 0.495748
-0.136291 -2.60059 0.04 0.504693 0.49557
-1.71705e-16 -2.80416 0.16 0.494074 0.473534
-0.136291 -2.60059 0.04 0.504693 0.49557
-0.146759 -2.80032 0.16 0.504776 0.473339
-1.71705e-16 -2.80416 0.16 0.494074 0.473534
-1.71705e-16 -2.80416 0.16 0.494074 0.473534
-0.146759 -2.80032 0.16 0.504776 0.473339
-1.83952e-16 -3.00416 0.36 0.493666 0.445007
-0.146759 -2.80032 0.16 0.504776 0.473339
-0.157226 -3.00005 0.36 0.504844 0.44479
-1.83952e-16 -3.00416 0.36 0.493666 0.445007
-1.83952e-16 -3.00416 0.36 0.493666 0.445007
-0.157226 -3.00005 0.36 0.504844 0.44479
-1.96198e-16 -3.20416 0.64 0.493109 0.409446
-0.157226 -3.00005 0.36 0.504844 0.44479
-0.167693 -3.19977 0.64 0.504901 0.4092
-1.96198e-16 -3.20416 0.64 0.493109 0.409446
-1.96198e-16 -3.20416 0.64 0.493109 0.409446
-0.167693 -3.19977 0.64 0.504901 0.4092
-2.08445e-16 -3.40416 1 0.492384 0.365593
-0.167693 -3.19977 0.64 0.504901 0.4092
-0.17816 -3.3995 1 0.50495 0.365308
-2.08445e-16 -3.40416 1 0.492384 0.365593
-2.08445e-16 -3.40416 1 0.492384 0.365593
-0.17816 -3.3995 1 0.50495 0.365308
-2.20691e-16 -3.60416 1.44 0.491458 0.311506
-0.17816 -3.3995 1 0.50495 0.365308
-0.188627 -3.59922 1.44 0.504993 0.311168
-2.20691e-16 -3.60416 1.44 0.491458 0.311506
-2.20691e-16 -3.60416 1.44 0.491458 0.311506
-0.188627 -3.59922 1.44 0.504993 0.311168
-2.32938e-16 -3.80416 1.96 0.490282 0.244259
-0.188627 -3.59922 1.44 0.504993 0.311168
-0.199095 -3.79895 1.96 0.505032 0.243849
-2.32938e-16 -3.80416 1.96 0.490282 0.244259
-2.32938e-16 -3.80416 1.96 0.490282 0.244259
-0.199095 -3.79895 1.96 0.505032 0.243849
-2.45184e-16 -4.00416 2.56 0.488773 0.159404
-0.199095 -3.79895 1.96 0.505032 0.243849
-0.209562 -3.99868 2.56 0.505067 0.158894
-2.45184e-16 -4.00416 2.56 0.488773 0.159404
0.0209344 -0.399452 -0 0.490238 0.924595
-2.44929e-17 -0.4 -0 0.495566 0.923886
0.0314016 -0.599178 -0 0.488701 0.817779
-2.44929e-17 -0.4 -0 0.495566 0.923886
-3.67394e-17 -0.6 -0 0.495277 0.81703
0.0314016 -0.599178 -0 0.488701 0.817779
0.0314016 -0.599178 -0 0.488701 0.817779
-3.67394e-17 -0.6 -0 0.495277 0.81703
0.0418688 -0.798904 -0 0.487626 0.743099
-3.67394e-17 -0.6 -0 0.495277 0.81703
-4.89859e-17 -0.8 -0 0.495076 0.742351
0.0418688 -0.798904 -0 0.487626 0.743099
0.0418688 -0.798904 -0 0.487626 0.743099
-4.89859e-17 -0.8 -0 0.495076 0.742351
0.052336 -0.99863 -0 0.486832 0.687949
-4.89859e-17 -0.8 -0 0.495076 0.742351
-6.12323e-17 -1 -0 0.494927 0.687216
0.052336 -0.99863 -0 0.486832 0.687949
0.052336 -0.99863 -0 0.486832 0.687949
-6.12323e-17 -1 -0 0.494927 0.687216
0.0628031 -1.19836 -0 0.486222 0.645553
-6.12323e-17 -1 -0 0.494927 0.687216
-7.34788e-17 -1.2 -0 0.494813 0.644841
0.0628031 -1.19836 -0 0.486222 0.645553
0.0628031 -1.19836 -0 0.486222 0.645553
-7.34788e-17 -1.2 -0 0.494813 0.644841
0.0732703 -1.39808 -0 0.485739 0.611946
-7.34788e-17 -1.2 -0 0.494813 0.644841
-8.57253e-17 -1.4 -0 0.494722 0.611256
0.0732703 -1.39808 -0 0.485739 0.611946
0.0732703 -1.39808 -0 0.485739 0.611946
-8.57253e-17 -1.4 -0 0.494722 0.611256
0.0837375 -1.59781 -0 0.485346 0.584652
-8.57253e-17 -1.4 -0 0.494722 0.611256
-9.79717e-17 -1.6 -0 0.494649 0.583983
0.0837375 -1.59781 -0 0.485346 0.584652
0.0837375 -1.59781 -0 0.485346 0.584652
-9.79717e-17 -1.6 -0 0.494649 0.583983
0.0942047 -1.79753 -0 0.48502 0.562044
-9.79717e-17 -1.6 -0 0.494649 0.583983
-1.10218e-16 -1.8 -0 0.494588 0.561395
0.0942047 -1.79753 -0 0.48502 0.562044
0.0942047 -1.79753 -0 0.48502 0.562044
-1.10218e-16 -1.8 -0 0.494588 0.561395
0.104672 -1.99726 -0 0.484746 0.543011
-1.10218e-16 -1.8 -0 0.494588 0.561395
-1.22465e-16 -2 -0 0.494537 0.54238
0.104672 -1.99726 -0 0.484746 0.543011
0.104672 -1.99726 -0 0.484746 0.543011
-1.22465e-16 -2 -0 0.494537 0.54238
0.115139 -2.19699 -0 0.484513 0.526767
-1.22465e-16 -2 -0 0.494537 0.54238
-1.34711e-16 -2.2 -0 0.494493 0.526153
0.115139 -2.19699 -0 0.484513 0.526767
0.115139 -2.19699 -0 0.484513 0.526767
-1.34711e-16 -2.2 -0 0.494493 0.526153
0.136291 -2.60059 0.04 0.483971 0.496329
-1.34711e-16 -2.2 -0 0.494493 0.526153
-1.59459e-16 -2.60416 0.04 0.494339 0.495748
0.136291 -2.60059 0.04 0.483971 0.496329
0.136291 -2.60059 0.04 0.483971 0.496329
-1.59459e-16 -2.60416 0.04 0.494339 0.495748
0.146759 -2.80032 0.16 0.483356 0.474092
-1.59459e-16 -2.60416 0.04 0.494339 0.495748
-1.71705e-16 -2.80416 0.16 0.494074 0.473534
0.146759 -2.80032 0.16 0.483356 0.474092
0.146759 -2.80032 0.16 0.483356 0.474092
-1.71705e-16 -2.80416 0.16 0.494074 0.473534
0.157226 -3.00005 0.36 0.48247 0.445532
-1.71705e-16 -2.80416 0.16 0.494074 0.473534
-1.83952e-16 -3.00416 0.36 0.493666 0.445007
0.157226 -3.00005 0.36 0.48247 0.445532
0.157226 -3.00005 0.36 0.48247 0.445532
-1.83952e-16 -3.00416 0.36 0.493666 0.445007
0.167693 -3.19977 0.64 0.481295 0.409924
-1.83952e-16 -3.00416 0.36 0.493666 0.445007
-1.96198e-16 -3.20416 0.64 0.493109 0.409446
0.167693 -3.19977 0.64 0.481295 0.409924
0.167693 -3.19977 0.64 0.481295 0.409924
-1.96198e-16 -3.20416 0.64 0.493109 0.409446
0.17816 -3.3995 1 0.479791 0.366003
-1.96198e-16 -3.20416 0.64 0.493109 0.409446
-2.08445e-16 -3.40416 1 0.492384 0.365593
0.17816 -3.3995 1 0.479791 0.366003
0.17816 -3.3995 1 0.479791 0.366003
-2.08445e-16 -3.40416 1 0.492384 0.365593
0.188627 -3.59922 1.44 0.477891 0.311816
-2.08445e-16 -3.40416 1 0.492384 0.365593
-2.20691e-16 -3.60416 1.44 0.491458 0.311506
0.188627 -3.59922 1.44 0.477891 0.311816
0.188627 -3.59922 1.44 0.477891 0.311816
-2.20691e-16 -3.60416 1.44 0.491458 0.311506
0.199095 -3.79895 1.96 0.475489 0.244417
-2.20691e-16 -3.60416 1.44 0.491458 0.311506
-2.32938e-16 -3.80416 1.96 0.490282 0.244259
0.199095 -3.79895 1.96 0.475489 0.244417
0.199095 -3.79895 1.96 0.475489 0.244417
-2.32938e-16 -3.80416 1.96 0.490282 0.244259
0.209562 -3.99868 2.56 0.472424 0.15933
-2.32938e-16 -3.80416 1.96 0.490282 0.244259
-2.45184e-16 -4.00416 2.56 0.488773 0.159404
0.209562 -3.99868 2.56 0.472424 0.15933
0.0418114 -0.397809 -0 0.484905 0.92602
0.0209344 -0.399452 -0 0.490238 0.924595
0.0627171 -0.596713 -0 0.48211 0.819256
0.0209344 -0.399452 -0 0.490238 0.924595
0.0314016 -0.599178 -0 0.488701 0.817779
0.0627171 -0.596713 -0 0.48211 0.819256
0.0627171 -0.596713 -0 0.48211 0.819256
0.0314016 -0.599178 -0 0.488701 0.817779
0.0836228 -0.795618 -0 0.480154 0.744548
0.0314016 -0.599178 -0 0.488701 0.817779
0.0418688 -0.798904 -0 0.487626 0.743099
0.0836228 -0.795618 -0 0.480154 0.744548
0.0836228 -0.795618 -0 0.480154 0.744548
0.0418688 -0.798904 -0 0.487626 0.743099
0.104528 -0.994522 -0 0.478709 0.689344
0.0418688 -0.798904 -0 0.487626 0.743099
0.052336 -0.99863 -0 0.486832 0.687949
0.104528 -0.994522 -0 0.478709 0.689344
0.104528 -0.994522 -0 0.478709 0.689344
0.052336 -0.99863 -0 0.486832 0.687949
0.125434 -1.19343 -0 0.477597 0.646887
0.052336 -0.99863 -0 0.486832 0.687949
0.0628031 -1.19836 -0 0.486222 0.645553
0.125434 -1.19343 -0 0.477597 0.646887
0.125434 -1.19343 -0 0.477597 0.646887
0.0628031 -1.19836 -0 0.486222 0.645553
0.14634 -1.39233 -0 0.476716 0.61322
0.0628031 -1.19836 -0 0.486222 0.645553
0.0732703 -1.39808 -0 0.485739 0.611946
0.14634 -1.39233 -0 0.476716 0.61322
0.14634 -1.39233 -0 0.476716 0.61322
0.0732703 -1.39808 -0 0.485739 0.611946
0.167246 -1.59124 -0 0.476 0.585869
0.0732703 -1.39808 -0 0.485739 0.611946
0.0837375 -1.59781 -0 0.485346 0.584652
0.167246 -1.59124 -0 0.476 0.585869
0.167246 -1.59124 -0 0.476 0.585869
0.0837375 -1.59781 -0 0.485346 0.584652
0.188151 -1.79014 -0 0.475407 0.563208
0.0837375 -1.59781 -0 0.485346 0.584652
0.0942047 -1.79753 -0 0.48502 0.562044
0.188151 -1.79014 -0 0.475407 0.563208
0.188151 -1.79014 -0 0.475407 0.563208
0.0942047 -1.79753 -0 0.48502 0.562044
0.209057 -1.98904 -0 0.474907 0.544128
0.0942047 -1.79753 -0 0.48502 0.562044
0.104672 -1.99726 -0 0.484746 0.543011
0.209057 -1.98904 -0 0.474907 0.544128
0.209057 -1.98904 -0 0.474907 0.544128
0.104672 -1.99726 -0 0.484746 0.543011
0.229963 -2.18795 -0 0.474481 0.52784
0.104672 -1.99726 -0 0.484746 0.543011
0.115139 -2.19699 -0 0.484513 0.526767
0.229963 -2.18795 -0 0.474481 0.52784
0.229963 -2.18795 -0 0.474481 0.52784
0.115139 -2.19699 -0 0.484513 0.526767
0.272209 -2.5899 0.04 0.473546 0.497317
0.115139 -2.19699 -0 0.484513 0.526767
0.136291 -2.60059 0.04 0.483971 0.496329
0.272209 -2.5899 0.04 0.473546 0.497317
0.272209 -2.5899 0.04 0.473546 0.497317
0.136291 -2.60059 0.04 0.483971 0.496329
0.293115 -2.7888 0.16 0.472576 0.475017
0.136291 -2.60059 0.04 0.483971 0.496329
0.146759 -2.80032 0.16 0.483356 0.474092
0.293115 -2.7888 0.16 0.472576 0.475017
0.293115 -2.7888 0.16 0.472576 0.475017
0.146759 -2.80032 0.16 0.483356 0.474092
0.314021 -2.98771 0.36 0.471203 0.446369
0.146759 -2.80032 0.16 0.483356 0.474092
0.157226 -3.00005 0.36 0.48247 0.445532
0.314021 -2.98771 0.36 0.471203 0.446369
0.314021 -2.98771 0.36 0.471203 0.446369
0.157226 -3.00005 0.36 0.48247 0.445532
0.334926 -3.18661 0.64 0.469399 0.410638
0.157226 -3.00005 0.36 0.48247 0.445532
0.167693 -3.19977 0.64 0.481295 0.409924
0.334926 -3.18661 0.64 0.469399 0.410638
0.334926 -3.18661 0.64 0.469399 0.410638
0.167693 -3.19977 0.64 0.481295 0.409924
0.355832 -3.38551 1 0.4671 0.366542
0.167693 -3.19977 0.64 0.481295 0.409924
0.17816 -3.3995 1 0.479791 0.366003
0.355832 -3.38551 1 0.4671 0.366542
0.355832 -3.38551 1 0.4671 0.366542
0.17816 -3.3995 1 0.479791 0.366003
0.376738 -3.58442 1.44 0.464204 0.312099
0.17816 -3.3995 1 0.479791 0.366003
0.188627 -3.59922 1.44 0.477891 0.311816
0.376738 -3.58442 1.44 0.464204 0.312099
0.376738 -3.58442 1.44 0.464204 0.312099
0.188627 -3.59922 1.44 0.477891 0.311816
0.397643 -3.78332 1.96 0.460549 0.244324
0.188627 -3.59922 1.44 0.477891 0.311816
0.199095 -3.79895 1.96 0.475489 0.244417
0.397643 -3.78332 1.96 0.460549 0.244324
0.397643 -3.78332 1.96 0.460549 0.244324
0.199095 -3.79895 1.96 0.475489 0.244417
0.418549 -3.98223 2.56 0.455886 0.158666
0.199095 -3.79895 1.96 0.475489 0.244417
0.209562 -3.99868 2.56 0.472424 0.15933
0.418549 -3.98223 2.56 0.455886 0.158666
0.0625738 -0.395075 -0 0.47956 0.928165
0.0418114 -0.397809 -0 0.484905 0.92602
0.0938607 -0.592613 -0 0.475493 0.821468
0.0418114 -0.397809 -0 0.484905 0.92602
0.0627171 -0.596713 -0 0.48211 0.819256
0.0938607 -0.592613 -0 0.475493 0.821468
0.0938607 -0.592613 -0 0.475493 0.821468
0.0627171 -0.596713 -0 0.48211 0.819256
0.125148 -0.790151 -0 0.472643 0.746708
0.0627171 -0.596713 -0 0.48211 0.819256
0.0836228 -0.795618 -0 0.480154 0.744548
0.125148 -0.790151 -0 0.472643 0.746708
0.125148 -0.790151 -0 0.472643 0.746708
0.0836228 -0.795618 -0 0.480154 0.744548
0.156434 -0.987688 -0 0.470535 0.691412
0.0836228 -0.795618 -0 0.480154 0.744548
0.104528 -0.994522 -0 0.478709 0.689344
0.156434 -0.987688 -0 0.470535 0.691412
0.156434 -0.987688 -0 0.470535 0.691412
0.104528 -0.994522 -0 0.478709 0.689344
0.187721 -1.18523 -0 0.468912 0.648854
0.104528 -0.994522 -0 0.478709 0.689344
0.125434 -1.19343 -0 0.477597 0.646887
0.187721 -1.18523 -0 0.468912 0.648854
0.187721 -1.18523 -0 0.468912 0.648854
0.125434 -1.19343 -0 0.477597 0.646887
0.219008 -1.38276 -0 0.467625 0.615088
0.125434 -1.19343 -0 0.477597 0.646887
0.14634 -1.39233 -0 0.476716 0.61322
0.219008 -1.38276 -0 0.467625 0.615088
0.219008 -1.38276 -0 0.467625 0.615088
0.14634 -1.39233 -0 0.476716 0.61322
0.250295 -1.5803 -0 0.466579 0.587644
0.14634 -1.39233 -0 0.476716 0.61322
0.167246 -1.59124 -0 0.476 0.585869
0.250295 -1.5803 -0 0.466579 0.587644
0.250295 -1.5803 -0 0.466579 0.587644
0.167246 -1.59124 -0 0.476 0.585869
0.281582 -1.77784 -0 0.465712 0.564899
0.167246 -1.59124 -0 0.476 0.585869
0.188151 -1.79014 -0 0.475407 0.563208
0.281582 -1.77784 -0 0.465712 0.564899
0.281582 -1.77784 -0 0.465712 0.564899
0.188151 -1.79014 -0 0.475407 0.563208
0.312869 -1.97538 -0 0.464981 0.54574
0.188151 -1.79014 -0 0.475407 0.563208
0.209057 -1.98904 -0 0.474907 0.544128
0.312869 -1.97538 -0 0.464981 0.54574
0.312869 -1.97538 -0 0.464981 0.54574
0.209057 -1.98904 -0 0.474907 0.544128
0.344156 -2.17291 -0 0.464357 0.529383
0.209057 -1.98904 -0 0.474907 0.544128
0.229963 -2.18795 -0 0.474481 0.52784
0.344156 -2.17291 -0 0.464357 0.529383
0.344156 -2.17291 -0 0.464357 0.529383
0.229963 -2.18795 -0 0.474481 0.52784
0.407381 -2.5721 0.04 0.463019 0.498721
0.229963 -2.18795 -0 0.474481 0.52784
0.272209 -2.5899 0.04 0.473546 0.497317
0.407381 -2.5721 0.04 0.463019 0.498721
0.407381 -2.5721 0.04 0.463019 0.498721
0.272209 -2.5899 0.04 0.473546 0.497317
0.438668 -2.76964 0.16 0.461685 0.476318
0.272209 -2.5899 0.04 0.473546 0.497317
0.293115 -2.7888 0.16 0.472576 0.475017
0.438668 -2.76964 0.16 0.461685 0.476318
0.438668 -2.76964 0.16 0.461685 0.476318
0.293115 -2.7888 0.16 0.472576 0.475017
0.469955 -2.96718 0.36 0.459811 0.447528
0.293115 -2.7888 0.16 0.472576 0.475017
0.314021 -2.98771 0.36 0.471203 0.446369
0.469955 -2.96718 0.36 0.459811 0.447528
0.469955 -2.96718 0.36 0.459811 0.447528
0.314021 -2.98771 0.36 0.471203 0.446369
0.501242 -3.16471 0.64 0.457358 0.411596
0.314021 -2.98771 0.36 0.471203 0.446369
0.334926 -3.18661 0.64 0.469399 0.410638
0.501242 -3.16471 0.64 0.457358 0.411596
0.501242 -3.16471 0.64 0.457358 0.411596
0.334926 -3.18661 0.64 0.469399 0.410638
0.532528 -3.36225 1 0.454239 0.367213
0.334926 -3.18661 0.64 0.469399 0.410638
0.355832 -3.38551 1 0.4671 0.366542
0.532528 -3.36225 1 0.454239 0.367213
0.532528 -3.36225 1 0.454239 0.367213
0.355832 -3.38551 1 0.4671 0.366542
0.563815 -3.55979 1.44 0.450311 0.312358
0.355832 -3.38551 1 0.4671 0.366542
0.376738 -3.58442 1.44 0.464204 0.312099
0.563815 -3.55979 1.44 0.450311 0.312358
0.563815 -3.55979 1.44 0.450311 0.312358
0.376738 -3.58442 1.44 0.464204 0.312099
0.595102 -3.75733 1.96 0.445352 0.243975
0.376738 -3.58442 1.44 0.464204 0.312099
0.397643 -3.78332 1.96 0.460549 0.244324
0.595102 -3.75733 1.96 0.445352 0.243975
0.595102 -3.75733 1.96 0.445352 0.243975
0.397643 -3.78332 1.96 0.460549 0.244324
0.626389 -3.95487 2.56 0.439018 0.157394
0.397643 -3.78332 1.96 0.460549 0.244324
0.418549 -3.98223 2.56 0.455886 0.158666
0.626389 -3.95487 2.56 0.439018 0.157394
0.0831647 -0.391259 -0 0.474201 0.931041
0.0625738 -0.395075 -0 0.47956 0.928165
0.124747 -0.586889 -0 0.468839 0.824429
0.0625738 -0.395075 -0 0.47956 0.928165
0.0938607 -0.592613 -0 0.475493 0.821468
0.124747 -0.586889 -0 0.468839 0.824429
0.124747 -0.586889 -0 0.468839 0.824429
0.0938607 -0.592613 -0 0.475493 0.821468
0.166329 -0.782518 -0 0.465075 0.749593
0.0938607 -0.592613 -0 0.475493 0.821468
0.125148 -0.790151 -0 0.472643 0.746708
0.166329 -0.782518 -0 0.465075 0.749593
0.166329 -0.782518 -0 0.465075 0.749593
0.125148 -0.790151 -0 0.472643 0.746708
0.207912 -0.978148 -0 0.462287 0.694169
0.125148 -0.790151 -0 0.472643 0.746708
0.156434 -0.987688 -0 0.470535 0.691412
0.207912 -0.978148 -0 0.462287 0.694169
0.207912 -0.978148 -0 0.462287 0.694169
0.156434 -0.987688 -0 0.470535 0.691412
0.249494 -1.17378 -0 0.46014 0.65147
0.156434 -0.987688 -0 0.470535 0.691412
0.187721 -1.18523 -0 0.468912 0.648854
0.249494 -1.17378 -0 0.46014 0.65147
0.249494 -1.17378 -0 0.46014 0.65147
0.187721 -1.18523 -0 0.468912 0.648854
0.291076 -1.36941 -0 0.458435 0.617567
0.187721 -1.18523 -0 0.468912 0.648854
0.219008 -1.38276 -0 0.467625 0.615088
0.291076 -1.36941 -0 0.458435 0.617567
0.291076 -1.36941 -0 0.458435 0.617567
0.219008 -1.38276 -0 0.467625 0.615088
0.332659 -1.56504 -0 0.457048 0.589994
0.219008 -1.38276 -0 0.467625 0.615088
0.250295 -1.5803 -0 0.466579 0.587644
0.332659 -1.56504 -0 0.457048 0.589994
0.332659 -1.56504 -0 0.457048 0.589994
0.250295 -1.5803 -0 0.466579 0.587644
0.374241 -1.76067 -0 0.455898 0.56713
0.250295 -1.5803 -0 0.466579 0.587644
0.281582 -1.77784 -0 0.465712 0.564899
0.374241 -1.76067 -0 0.455898 0.56713
0.374241 -1.76067 -0 0.455898 0.56713
0.281582 -1.77784 -0 0.465712 0.564899
0.415823 -1.9563 -0 0.454929 0.547864
0.281582 -1.77784 -0 0.465712 0.564899
0.312869 -1.97538 -0 0.464981 0.54574
0.415823 -1.9563 -0 0.454929 0.547864
0.415823 -1.9563 -0 0.454929 0.547864
0.312869 -1.97538 -0 0.464981 0.54574
0.457406 -2.15192 -0 0.454101 0.531409
0.312869 -1.97538 -0 0.464981 0.54574
0.344156 -2.17291 -0 0.464357 0.529383
0.457406 -2.15192 -0 0.454101 0.531409
0.457406 -2.15192 -0 0.454101 0.531409
0.344156 -2.17291 -0 0.464357 0.529383
0.541436 -2.54726 0.04 0.452345 0.500555
0.344156 -2.17291 -0 0.464357 0.529383
0.407381 -2.5721 0.04 0.463019 0.498721
0.541436 -2.54726 0.04 0.452345 0.500555
0.541436 -2.54726 0.04 0.452345 0.500555
0.407381 -2.5721 0.04 0.463019 0.498721
0.583018 -2.74289 0.16 0.450632 0.478009
0.407381 -2.5721 0.04 0.463019 0.498721
0.438668 -2.76964 0.16 0.461685 0.476318
0.583018 -2.74289 0.16 0.450632 0.478009
0.583018 -2.74289 0.16 0.450632 0.478009
0.438668 -2.76964 0.16 0.461685 0.476318
0.624601 -2.93851 0.36 0.448237 0.449019
0.438668 -2.76964 0.16 0.461685 0.476318
0.469955 -2.96718 0.36 0.459811 0.447528
0.624601 -2.93851 0.36 0.448237 0.449019
0.624601 -2.93851 0.36 0.448237 0.449019
0.469955 -2.96718 0.36 0.459811 0.447528
0.666183 -3.13414 0.64 0.445107 0.412806
0.469955 -2.96718 0.36 0.459811 0.447528
0.501242 -3.16471 0.64 0.457358 0.411596
0.666183 -3.13414 0.64 0.445107 0.412806
0.666183 -3.13414 0.64 0.445107 0.412806
0.501242 -3.16471 0.64 0.457358 0.411596
0.707765 -3.32977 1 0.441129 0.368025
0.501242 -3.16471 0.64 0.457358 0.411596
0.532528 -3.36225 1 0.454239 0.367213
0.707765 -3.32977 1 0.441129 0.368025
0.707765 -3.32977 1 0.441129 0.368025
0.532528 -3.36225 1 0.454239 0.367213
0.749348 -3.5254 1.44 0.436116 0.312593
0.532528 -3.36225 1 0.454239 0.367213
0.563815 -3.55979 1.44 0.450311 0.312358
0.749348 -3.5254 1.44 0.436116 0.312593
0.749348 -3.5254 1.44 0.436116 0.312593
0.563815 -3.55979 1.44 0.450311 0.312358
0.79093 -3.72103 1.96 0.429779 0.243358
0.563815 -3.55979 1.44 0.450311 0.312358
0.595102 -3.75733 1.96 0.445352 0.243975
0.79093 -3.72103 1.96 0.429779 0.243358
0.79093 -3.72103 1.96 0.429779 0.243358
0.595102 -3.75733 1.96 0.445352 0.243975
0.832512 -3.91666 2.56 0.42167 0.155485
0.595102 -3.75733 1.96 0.445352 0.243975
0.626389 -3.95487 2.56 0.439018 0.157394
0.832512 -3.91666 2.56 0.42167 0.155485
0.103528 -0.38637 -0 0.468823 0.934659
0.0831647 -0.391259 -0 0.474201 0.931041
0.155291 -0.579556 -0 0.462138 0.828156
0.0831647 -0.391259 -0 0.474201 0.931041
0.124747 -0.586889 -0 0.468839 0.824429
0.155291 -0.579556 -0 0.462138 0.828156
0.155291 -0.579556 -0 0.462138 0.828156
0.124747 -0.586889 -0 0.468839 0.824429
0.207055 -0.772741 -0 0.457434 0.753224
0.124747 -0.586889 -0 0.468839 0.824429
0.166329 -0.782518 -0 0.465075 0.749593
0.207055 -0.772741 -0 0.457434 0.753224
0.207055 -0.772741 -0 0.457434 0.753224
0.166329 -0.782518 -0 0.465075 0.749593
0.258819 -0.965926 -0 0.453944 0.697636
0.166329 -0.782518 -0 0.465075 0.749593
0.207912 -0.978148 -0 0.462287 0.694169
0.258819 -0.965926 -0 0.453944 0.697636
0.258819 -0.965926 -0 0.453944 0.697636
0.207912 -0.978148 -0 0.462287 0.694169
0.310583 -1.15911 -0 0.451253 0.654758
0.207912 -0.978148 -0 0.462287 0.694169
0.249494 -1.17378 -0 0.46014 0.65147
0.310583 -1.15911 -0 0.451253 0.654758
0.310583 -1.15911 -0 0.451253 0.654758
0.249494 -1.17378 -0 0.46014 0.65147
0.362347 -1.3523 -0 0.449113 0.620678
0.249494 -1.17378 -0 0.46014 0.65147
0.291076 -1.36941 -0 0.458435 0.617567
0.362347 -1.3523 -0 0.449113 0.620678
0.362347 -1.3523 -0 0.449113 0.620678
0.291076 -1.36941 -0 0.458435 0.617567
0.41411 -1.54548 -0 0.447372 0.59294
0.291076 -1.36941 -0 0.458435 0.617567
0.332659 -1.56504 -0 0.457048 0.589994
0.41411 -1.54548 -0 0.447372 0.59294
0.41411 -1.54548 -0 0.447372 0.59294
0.332659 -1.56504 -0 0.457048 0.589994
0.465874 -1.73867 -0 0.445927 0.569925
0.332659 -1.56504 -0 0.457048 0.589994
0.374241 -1.76067 -0 0.455898 0.56713
0.465874 -1.73867 -0 0.445927 0.569925
0.465874 -1.73867 -0 0.445927 0.569925
0.374241 -1.76067 -0 0.455898 0.56713
0.517638 -1.93185 -0 0.444709 0.55052
0.374241 -1.76067 -0 0.455898 0.56713
0.415823 -1.9563 -0 0.454929 0.547864
0.517638 -1.93185 -0 0.444709 0.55052
0.517638 -1.93185 -0 0.444709 0.55052
0.415823 -1.9563 -0 0.454929 0.547864
0.569402 -2.12504 -0 0.443668 0.533939
0.415823 -1.9563 -0 0.454929 0.547864
0.457406 -2.15192 -0 0.454101 0.531409
0.569402 -2.12504 -0 0.443668 0.533939
0.569402 -2.12504 -0 0.443668 0.533939
0.457406 -2.15192 -0 0.454101 0.531409
0.674007 -2.51543 0.04 0.441475 0.502838
0.457406 -2.15192 -0 0.454101 0.531409
0.541436 -2.54726 0.04 0.452345 0.500555
0.674007 -2.51543 0.04 0.441475 0.502838
0.674007 -2.51543 0.04 0.441475 0.502838
0.541436 -2.54726 0.04 0.452345 0.500555
0.725771 -2.70861 0.16 0.439364 0.480108
0.541436 -2.54726 0.04 0.452345 0.500555
0.583018 -2.74289 0.16 0.450632 0.478009
0.725771 -2.70861 0.16 0.439364 0.480108
0.725771 -2.70861 0.16 0.439364 0.480108
0.583018 -2.74289 0.16 0.450632 0.478009
0.777535 -2.9018 0.36 0.436421 0.450861
0.583018 -2.74289 0.16 0.450632 0.478009
0.624601 -2.93851 0.36 0.448237 0.449019
0.777535 -2.9018 0.36 0.436421 0.450861
0.777535 -2.9018 0.36 0.436421 0.450861
0.624601 -2.93851 0.36 0.448237 0.449019
0.829298 -3.09498 0.64 0.432576 0.414285
0.624601 -2.93851 0.36 0.448237 0.449019
0.666183 -3.13414 0.64 0.445107 0.412806
0.829298 -3.09498 0.64 0.432576 0.414285
0.829298 -3.09498 0.64 0.432576 0.414285
0.666183 -3.13414 0.64 0.445107 0.412806
0.881062 -3.28817 1 0.427687 0.368987
0.666183 -3.13414 0.64 0.445107 0.412806
0.707765 -3.32977 1 0.441129 0.368025
0.881062 -3.28817 1 0.427687 0.368987
0.881062 -3.28817 1 0.427687 0.368987
0.707765 -3.32977 1 0.441129 0.368025
0.932826 -3.48135 1.44 0.421518 0.312805
0.707765 -3.32977 1 0.441129 0.368025
0.749348 -3.5254 1.44 0.436116 0.312593
0.932826 -3.48135 1.44 0.421518 0.312805
0.932826 -3.48135 1.44 0.421518 0.312805
0.749348 -3.5254 1.44 0.436116 0.312593
0.98459 -3.67454 1.96 0.413705 0.24246
0.749348 -3.5254 1.44 0.436116 0.312593
0.79093 -3.72103 1.96 0.429779 0.243358
0.98459 -3.67454 1.96 0.413705 0.24246
0.98459 -3.67454 1.96 0.413705 0.24246
0.79093 -3.72103 1.96 0.429779 0.243358
1.03635 -3.86772 2.56 0.403677 0.152896
0.79093 -3.72103 1.96 0.429779 0.243358
0.832512 -3.91666 2.56 0.42167 0.155485
1.03635 -3.86772 2.56 0.403677 0.152896
0.123607 -0.380423 -0 0.463421 0.939034
0.103528 -0.38637 -0 0.468823 0.934659
0.18541 -0.570634 -0 0.455376 0.832671
0.103528 -0.38637 -0 0.468823 0.934659
0.155291 -0.579556 -0 0.462138 0.828156
0.18541 -0.570634 -0 0.455376 0.832671
0.18541 -0.570634 -0 0.455376 0.832671
0.155291 -0.579556 -0 0.462138 0.828156
0.247214 -0.760845 -0 0.4497 0.757626
0.155291 -0.579556 -0 0.462138 0.828156
0.207055 -0.772741 -0 0.457434 0.753224
0.247214 -0.760845 -0 0.4497 0.757626
0.247214 -0.760845 -0 0.4497 0.757626
0.207055 -0.772741 -0 0.457434 0.753224
0.309017 -0.951057 -0 0.44548 0.701841
0.207055 -0.772741 -0 0.457434 0.753224
0.258819 -0.965926 -0 0.453944 0.697636
0.309017 -0.951057 -0 0.44548 0.701841
0.309017 -0.951057 -0 0.44548 0.701841
0.258819 -0.965926 -0 0.453944 0.697636
0.37082 -1.14127 -0 0.442221 0.658744
0.258819 -0.965926 -0 0.453944 0.697636
0.310583 -1.15911 -0 0.451253 0.654758
0.37082 -1.14127 -0 0.442221 0.658744
0.37082 -1.14127 -0 0.442221 0.658744
0.310583 -1.15911 -0 0.451253 0.654758
0.432624 -1.33148 -0 0.439627 0.62445
0.310583 -1.15911 -0 0.451253 0.654758
0.362347 -1.3523 -0 0.449113 0.620678
0.432624 -1.33148 -0 0.439627 0.62445
0.432624 -1.33148 -0 0.439627 0.62445
0.362347 -1.3523 -0 0.449113 0.620678
0.494427 -1.52169 -0 0.437513 0.596511
0.362347 -1.3523 -0 0.449113 0.620678
0.41411 -1.54548 -0 0.447372 0.59294
0.494427 -1.52169 -0 0.437513 0.596511
0.494427 -1.52169 -0 0.437513 0.596511
0.41411 -1.54548 -0 0.447372 0.59294
0.556231 -1.7119 -0 0.435759 0.57331
0.41411 -1.54548 -0 0.447372 0.59294
0.465874 -1.73867 -0 0.445927 0.569925
0.556231 -1.7119 -0 0.435759 0.57331
0.556231 -1.7119 -0 0.435759 0.57331
0.465874 -1.73867 -0 0.445927 0.569925
0.618034 -1.90211 -0 0.434278 0.553736
0.465874 -1.73867 -0 0.445927 0.569925
0.517638 -1.93185 -0 0.444709 0.55052
0.618034 -1.90211 -0 0.434278 0.553736
0.618034 -1.90211 -0 0.434278 0.553736
0.517638 -1.93185 -0 0.444709 0.55052
0.679837 -2.09232 -0 0.433012 0.537001
0.517638 -1.93185 -0 0.444709 0.55052
0.569402 -2.12504 -0 0.443668 0.533939
0.679837 -2.09232 -0 0.433012 0.537001
0.679837 -2.09232 -0 0.433012 0.537001
0.569402 -2.12504 -0 0.443668 0.533939
0.804731 -2.47671 0.04 0.430357 0.505596
0.569402 -2.12504 -0 0.443668 0.533939
0.674007 -2.51543 0.04 0.441475 0.502838
0.804731 -2.47671 0.04 0.430357 0.505596
0.804731 -2.47671 0.04 0.430357 0.505596
0.674007 -2.51543 0.04 0.441475 0.502838
0.866534 -2.66692 0.16 0.427823 0.482639
0.674007 -2.51543 0.04 0.441475 0.502838
0.725771 -2.70861 0.16 0.439364 0.480108
0.866534 -2.66692 0.16 0.427823 0.482639
0.866534 -2.66692 0.16 0.427823 0.482639
0.725771 -2.70861 0.16 0.439364 0.480108
0.928337 -2.85713 0.36 0.424296 0.453074
0.725771 -2.70861 0.16 0.439364 0.480108
0.777535 -2.9018 0.36 0.436421 0.450861
0.928337 -2.85713 0.36 0.424296 0.453074
0.928337 -2.85713 0.36 0.424296 0.453074
0.777535 -2.9018 0.36 0.436421 0.450861
0.990141 -3.04734 0.64 0.419688 0.416049
0.777535 -2.9018 0.36 0.436421 0.450861
0.829298 -3.09498 0.64 0.432576 0.414285
0.990141 -3.04734 0.64 0.419688 0.416049
0.990141 -3.04734 0.64 0.419688 0.416049
0.829298 -3.09498 0.64 0.432576 0.414285
1.05194 -3.23755 1 0.413821 0.370109
0.829298 -3.09498 0.64 0.432576 0.414285
0.881062 -3.28817 1 0.427687 0.368987
1.05194 -3.23755 1 0.413821 0.370109
1.05194 -3.23755 1 0.413821 0.370109
0.881062 -3.28817 1 0.427687 0.368987
1.11375 -3.42776 1.44 0.406405 0.312993
0.881062 -3.28817 1 0.427687 0.368987
0.932826 -3.48135 1.44 0.421518 0.312805
1.11375 -3.42776 1.44 0.406405 0.312993
1.11375 -3.42776 1.44 0.406405 0.312993
0.932826 -3.48135 1.44 0.421518 0.312805
1.17555 -3.61797 1.96 0.396985 0.241259
0.932826 -3.48135 1.44 0.421518 0.312805
0.98459 -3.67454 1.96 0.413705 0.24246
1.17555 -3.61797 1.96 0.396985 0.241259
1.17555 -3.61797 1.96 0.396985 0.241259
0.98459 -3.67454 1.96 0.413705 0.24246
1.23735 -3.80819 2.56 0.38485 0.149566
0.98459 -3.67454 1.96 0.413705 0.24246
1.03635 -3.86772 2.56 0.403677 0.152896
1.23735 -3.80819 2.56 0.38485 0.149566
0.123607 -0.380423 -0 0.463421 0.939034
0.18541 -0.570634 -0 0.455376 0.832671
0.215021 -0.560148 -0 0.448543 0.838002
0.215021 -0.560148 -0 0.448543 0.838002
0.18541 -0.570634 -0 0.455376 0.832671
0.286694 -0.746864 -0 0.441854 0.762832
0.18541 -0.570634 -0 0.455376 0.832671
0.247214 -0.760845 -0 0.4497 0.757626
0.286694 -0.746864 -0 0.441854 0.762832
0.286694 -0.746864 -0 0.441854 0.762832
0.247214 -0.760845 -0 0.4497 0.757626
0.358368 -0.93358 -0 0.43687 0.706818
0.247214 -0.760845 -0 0.4497 0.757626
0.309017 -0.951057 -0 0.44548 0.701841
0.358368 -0.93358 -0 0.43687 0.706818
0.358368 -0.93358 -0 0.43687 0.706818
0.309017 -0.951057 -0 0.44548 0.701841
0.430042 -1.1203 -0 0.433013 0.663467
0.309017 -0.951057 -0 0.44548 0.701841
0.37082 -1.14127 -0 0.442221 0.658744
0.430042 -1.1203 -0 0.433013 0.663467
0.430042 -1.1203 -0 0.433013 0.663467
0.37082 -1.14127 -0 0.442221 0.658744
0.501715 -1.30701 -0 0.429939 0.62892
0.37082 -1.14127 -0 0.442221 0.658744
0.432624 -1.33148 -0 0.439627 0.62445
0.501715 -1.30701 -0 0.429939 0.62892
0.501715 -1.30701 -0 0.429939 0.62892
0.432624 -1.33148 -0 0.439627 0.62445
0.573389 -1.49373 -0 0.427431 0.600742
0.432624 -1.33148 -0 0.439627 0.62445
0.494427 -1.52169 -0 0.437513 0.596511
0.573389 -1.49373 -0 0.427431 0.600742
0.573389 -1.49373 -0 0.427431 0.600742
0.494427 -1.52169 -0 0.437513 0.596511
0.645062 -1.68044 -0 0.425347 0.577321
0.494427 -1.52169 -0 0.437513 0.596511
0.556231 -1.7119 -0 0.435759 0.57331
0.645062 -1.68044 -0 0.425347 0.577321
0.645062 -1.68044 -0 0.425347 0.577321
0.556231 -1.7119 -0 0.435759 0.57331
0.716736 -1.86716 -0 0.423588 0.557546
0.556231 -1.7119 -0 0.435759 0.57331
0.618034 -1.90211 -0 0.434278 0.553736
0.716736 -1.86716 -0 0.423588 0.557546
0.716736 -1.86716 -0 0.423588 0.557546
0.618034 -1.90211 -0 0.434278 0.553736
0.788409 -2.05388 -0 0.422082 0.540627
0.618034 -1.90211 -0 0.434278 0.553736
0.679837 -2.09232 -0 0.433012 0.537001
0.788409 -2.05388 -0 0.422082 0.540627
0.788409 -2.05388 -0 0.422082 0.540627
0.679837 -2.09232 -0 0.433012 0.537001
0.933249 -2.4312 0.04 0.418933 0.508859
0.679837 -2.09232 -0 0.433012 0.537001
0.804731 -2.47671 0.04 0.430357 0.505596
0.933249 -2.4312 0.04 0.418933 0.508859
0.933249 -2.4312 0.04 0.418933 0.508859
0.804731 -2.47671 0.04 0.430357 0.505596
1.00492 -2.61791 0.16 0.415947 0.485633
0.804731 -2.47671 0.04 0.430357 0.505596
0.866534 -2.66692 0.16 0.427823 0.482639
1.00492 -2.61791 0.16 0.415947 0.485633
1.00492 -2.61791 0.16 0.415947 0.485633
0.866534 -2.66692 0.16 0.427823 0.482639
1.0766 -2.80463 0.36 0.411792 0.455686
0.866534 -2.66692 0.16 0.427823 0.482639
0.928337 -2.85713 0.36 0.424296 0.453074
1.0766 -2.80463 0.36 0.411792 0.455686
1.0766 -2.80463 0.36 0.411792 0.455686
0.928337 -2.85713 0.36 0.424296 0.453074
1.14827 -2.99134 0.64 0.40636 0.418123
0.928337 -2.85713 0.36 0.424296 0.453074
0.990141 -3.04734 0.64 0.419688 0.416049
1.14827 -2.99134 0.64 0.40636 0.418123
1.14827 -2.99134 0.64 0.40636 0.418123
0.990141 -3.04734 0.64 0.419688 0.416049
1.21994 -3.17806 1 0.399431 0.371408
0.990141 -3.04734 0.64 0.419688 0.416049
1.05194 -3.23755 1 0.413821 0.370109
1.21994 -3.17806 1 0.399431 0.371408
1.21994 -3.17806 1 0.399431 0.371408
1.05194 -3.23755 1 0.413821 0.370109
1.29162 -3.36478 1.44 0.390649 0.313159
1.05194 -3.23755 1 0.413821 0.370109
1.11375 -3.42776 1.44 0.406405 0.312993
1.29162 -3.36478 1.44 0.390649 0.313159
1.29162 -3.36478 1.44 0.390649 0.313159
1.11375 -3.42776 1.44 0.406405 0.312993
1.36329 -3.55149 1.96 0.379456 0.239729
1.11375 -3.42776 1.44 0.406405 0.312993
1.17555 -3.61797 1.96 0.396985 0.241259
1.36329 -3.55149 1.96 0.379456 0.239729
1.36329 -3.55149 1.96 0.379456 0.239729
1.17555 -3.61797 1.96 0.396985 0.241259
1.43496 -3.73821 2.56 0.364971 0.145417
1.17555 -3.61797 1.96 0.396985 0.241259
1.23735 -3.80819 2.56 0.38485 0.149566
1.43496 -3.73821 2.56 0.364971 0.145417
0.244042 -0.548127 -0 0.441626 0.844182
0.215021 -0.560148 -0 0.448543 0.838002
0.325389 -0.730836 -0 0.433877 0.768881
0.215021 -0.560148 -0 0.448543 0.838002
0.286694 -0.746864 -0 0.441854 0.762832
0.325389 -0.730836 -0 0.433877 0.768881
0.325389 -0.730836 -0 0.433877 0.768881
0.286694 -0.746864 -0 0.441854 0.762832
0.406737 -0.913545 -0 0.428086 0.712611
0.286694 -0.746864 -0 0.441854 0.762832
0.358368 -0.93358 -0 0.43687 0.706818
0.406737 -0.913545 -0 0.428086 0.712611
0.406737 -0.913545 -0 0.428086 0.712611
0.358368 -0.93358 -0 0.43687 0.706818
0.488084 -1.09625 -0 0.423594 0.668968
0.358368 -0.93358 -0 0.43687 0.706818
0.430042 -1.1203 -0 0.433013 0.663467
0.488084 -1.09625 -0 0.423594 0.668968
0.488084 -1.09625 -0 0.423594 0.668968
0.430042 -1.1203 -0 0.433013 0.663467
0.569431 -1.27896 -0 0.420009 0.634131
0.430042 -1.1203 -0 0.433013 0.663467
0.501715 -1.30701 -0 0.429939 0.62892
0.569431 -1.27896 -0 0.420009 0.634131
0.569431 -1.27896 -0 0.420009 0.634131
0.501715 -1.30701 -0 0.429939 0.62892
0.650779 -1.46167 -0 0.417081 0.605677
0.501715 -1.30701 -0 0.429939 0.62892
0.573389 -1.49373 -0 0.427431 0.600742
0.650779 -1.46167 -0 0.417081 0.605677
0.650779 -1.46167 -0 0.417081 0.605677
0.573389 -1.49373 -0 0.427431 0.600742
0.732126 -1.64438 -0 0.414645 0.582001
0.573389 -1.49373 -0 0.427431 0.600742
0.645062 -1.68044 -0 0.425347 0.577321
0.732126 -1.64438 -0 0.414645 0.582001
0.732126 -1.64438 -0 0.414645 0.582001
0.645062 -1.68044 -0 0.425347 0.577321
0.813473 -1.82709 -0 0.412585 0.561991
0.645062 -1.68044 -0 0.425347 0.577321
0.716736 -1.86716 -0 0.423588 0.557546
0.813473 -1.82709 -0 0.412585 0.561991
0.813473 -1.82709 -0 0.412585 0.561991
0.716736 -1.86716 -0 0.423588 0.557546
0.894821 -2.0098 -0 0.410822 0.544858
0.716736 -1.86716 -0 0.423588 0.557546
0.788409 -2.05388 -0 0.422082 0.540627
0.894821 -2.0098 -0 0.410822 0.544858
0.894821 -2.0098 -0 0.410822 0.544858
0.788409 -2.05388 -0 0.422082 0.540627
1.05921 -2.37902 0.04 0.40714 0.512668
0.788409 -2.05388 -0 0.422082 0.540627
0.933249 -2.4312 0.04 0.418933 0.508859
1.05921 -2.37902 0.04 0.40714 0.512668
1.05921 -2.37902 0.04 0.40714 0.512668
0.933249 -2.4312 0.04 0.418933 0.508859
1.14056 -2.56173 0.16 0.403665 0.489125
0.933249 -2.4312 0.04 0.418933 0.508859
1.00492 -2.61791 0.16 0.415947 0.485633
1.14056 -2.56173 0.16 0.403665 0.489125
1.14056 -2.56173 0.16 0.403665 0.489125
1.00492 -2.61791 0.16 0.415947 0.485633
1.2219 -2.74444 0.36 0.398828 0.458732
1.00492 -2.61791 0.16 0.415947 0.485633
1.0766 -2.80463 0.36 0.411792 0.455686
1.2219 -2.74444 0.36 0.398828 0.458732
1.2219 -2.74444 0.36 0.398828 0.458732
1.0766 -2.80463 0.36 0.411792 0.455686
1.30325 -2.92715 0.64 0.392495 0.420533
1.0766 -2.80463 0.36 0.411792 0.455686
1.14827 -2.99134 0.64 0.40636 0.418123
1.30325 -2.92715 0.64 0.392495 0.420533
1.30325 -2.92715 0.64 0.392495 0.420533
1.14827 -2.99134 0.64 0.40636 0.418123
1.3846 -3.10986 1 0.384399 0.372901
1.14827 -2.99134 0.64 0.40636 0.418123
1.21994 -3.17806 1 0.399431 0.371408
1.3846 -3.10986 1 0.384399 0.372901
1.3846 -3.10986 1 0.384399 0.372901
1.21994 -3.17806 1 0.399431 0.371408
1.46595 -3.29257 1.44 0.374105 0.313302
1.21994 -3.17806 1 0.399431 0.371408
1.29162 -3.36478 1.44 0.390649 0.313159
1.46595 -3.29257 1.44 0.374105 0.313302
1.46595 -3.29257 1.44 0.374105 0.313302
1.29162 -3.36478 1.44 0.390649 0.313159
1.54729 -3.47528 1.96 0.360928 0.237833
1.29162 -3.36478 1.44 0.390649 0.313159
1.36329 -3.55149 1.96 0.379456 0.239729
1.54729 -3.47528 1.96 0.360928 0.237833
1.54729 -3.47528 1.96 0.360928 0.237833
1.36329 -3.55149 1.96 0.379456 0.239729
1.62864 -3.65798 2.56 0.343779 0.140344
1.36329 -3.55149 1.96 0.379456 0.239729
1.43496 -3.73821 2.56 0.364971 0.145417
1.62864 -3.65798 2.56 0.343779 0.140344
0.272394 -0.534604 -0 0.434611 0.85125
0.244042 -0.548127 -0 0.441626 0.844182
0.363192 -0.712805 -0 0.425745 0.775819
0.244042 -0.548127 -0 0.441626 0.844182
0.325389 -0.730836 -0 0.433877 0.768881
0.363192 -0.712805 -0 0.425745 0.775819
0.363192 -0.712805 -0 0.425745 0.775819
0.325389 -0.730836 -0 0.433877 0.768881
0.453991 -0.891007 -0 0.419097 0.71927
0.325389 -0.730836 -0 0.433877 0.768881
0.406737 -0.913545 -0 0.428086 0.712611
0.453991 -0.891007 -0 0.419097 0.71927
0.453991 -0.891007 -0 0.419097 0.71927
0.406737 -0.913545 -0 0.428086 0.712611
0.544789 -1.06921 -0 0.413929 0.675302
0.406737 -0.913545 -0 0.428086 0.712611
0.488084 -1.09625 -0 0.423594 0.668968
0.544789 -1.06921 -0 0.413929 0.675302
0.544789 -1.06921 -0 0.413929 0.675302
0.488084 -1.09625 -0 0.423594 0.668968
0.635587 -1.24741 -0 0.409795 0.640136
0.488084 -1.09625 -0 0.423594 0.668968
0.569431 -1.27896 -0 0.420009 0.634131
0.635587 -1.24741 -0 0.409795 0.640136
0.635587 -1.24741 -0 0.409795 0.640136
0.569431 -1.27896 -0 0.420009 0.634131
0.726385 -1.42561 -0 0.406414 0.61137
0.569431 -1.27896 -0 0.420009 0.634131
0.650779 -1.46167 -0 0.417081 0.605677
0.726385 -1.42561 -0 0.406414 0.61137
0.726385 -1.42561 -0 0.406414 0.61137
0.650779 -1.46167 -0 0.417081 0.605677
0.817183 -1.60381 -0 0.403597 0.587402
0.650779 -1.46167 -0 0.417081 0.605677
0.732126 -1.64438 -0 0.414645 0.582001
0.817183 -1.60381 -0 0.403597 0.587402
0.817183 -1.60381 -0 0.403597 0.587402
0.732126 -1.64438 -0 0.414645 0.582001
0.907981 -1.78201 -0 0.401213 0.567124
0.732126 -1.64438 -0 0.414645 0.582001
0.813473 -1.82709 -0 0.412585 0.561991
0.907981 -1.78201 -0 0.401213 0.567124
0.907981 -1.78201 -0 0.401213 0.567124
0.813473 -1.82709 -0 0.412585 0.561991
0.998779 -1.96021 -0 0.39917 0.549745
0.813473 -1.82709 -0 0.412585 0.561991
0.894821 -2.0098 -0 0.410822 0.544858
0.998779 -1.96021 -0 0.39917 0.549745
0.998779 -1.96021 -0 0.39917 0.549745
0.894821 -2.0098 -0 0.410822 0.544858
1.18227 -2.32033 0.04 0.394909 0.517068
0.894821 -2.0098 -0 0.410822 0.544858
1.05921 -2.37902 0.04 0.40714 0.512668
1.18227 -2.32033 0.04 0.394909 0.517068
1.18227 -2.32033 0.04 0.394909 0.517068
1.05921 -2.37902 0.04 0.40714 0.512668
1.27306 -2.49853 0.16 0.390898 0.493161
1.05921 -2.37902 0.04 0.40714 0.512668
1.14056 -2.56173 0.16 0.403665 0.489125
1.27306 -2.49853 0.16 0.390898 0.493161
1.27306 -2.49853 0.16 0.390898 0.493161
1.14056 -2.56173 0.16 0.403665 0.489125
1.36386 -2.67673 0.36 0.385313 0.462253
1.14056 -2.56173 0.16 0.403665 0.489125
1.2219 -2.74444 0.36 0.398828 0.458732
1.36386 -2.67673 0.36 0.385313 0.462253
1.36386 -2.67673 0.36 0.385313 0.462253
1.2219 -2.74444 0.36 0.398828 0.458732
1.45466 -2.85493 0.64 0.377986 0.423317
1.2219 -2.74444 0.36 0.398828 0.458732
1.30325 -2.92715 0.64 0.392495 0.420533
1.45466 -2.85493 0.64 0.377986 0.423317
1.45466 -2.85493 0.64 0.377986 0.423317
1.30325 -2.92715 0.64 0.392495 0.420533
1.54546 -3.03313 1 0.368592 0.374611
1.30325 -2.92715 0.64 0.392495 0.420533
1.3846 -3.10986 1 0.384399 0.372901
1.54546 -3.03313 1 0.368592 0.374611
1.54546 -3.03313 1 0.368592 0.374611
1.3846 -3.10986 1 0.384399 0.372901
1.63626 -3.21133 1.44 0.356601 0.31342
1.3846 -3.10986 1 0.384399 0.372901
1.46595 -3.29257 1.44 0.374105 0.313302
1.63626 -3.21133 1.44 0.356601 0.31342
1.63626 -3.21133 1.44 0.356601 0.31342
1.46595 -3.29257 1.44 0.374105 0.313302
1.72705 -3.38953 1.96 0.341173 0.235526
1.46595 -3.29257 1.44 0.374105 0.313302
1.54729 -3.47528 1.96 0.360928 0.237833
1.72705 -3.38953 1.96 0.341173 0.235526
1.72705 -3.38953 1.96 0.341173 0.235526
1.54729 -3.47528 1.96 0.360928 0.237833
1.81785 -3.56774 2.56 0.32096 0.134214
1.54729 -3.47528 1.96 0.360928 0.237833
1.62864 -3.65798 2.56 0.343779 0.140344
1.81785 -3.56774 2.56 0.32096 0.134214
0.3 -0.519615 -0 0.427485 0.859251
0.272394 -0.534604 -0 0.434611 0.85125
0.4 -0.69282 -0 0.417435 0.783703
0.272394 -0.534604 -0 0.434611 0.85125
0.363192 -0.712805 -0 0.425745 0.775819
0.4 -0.69282 -0 0.417435 0.783703
0.4 -0.69282 -0 0.417435 0.783703
0.363192 -0.712805 -0 0.425745 0.775819
0.5 -0.866025 -0 0.409872 0.726856
0.363192 -0.712805 -0 0.425745 0.775819
0.453991 -0.891007 -0 0.419097 0.71927
0.5 -0.866025 -0 0.409872 0.726856
0.5 -0.866025 -0 0.409872 0.726856
0.453991 -0.891007 -0 0.419097 0.71927
0.6 -1.03923 -0 0.403976 0.68253
0.453991 -0.891007 -0 0.419097 0.71927
0.544789 -1.06921 -0 0.413929 0.675302
0.6 -1.03923 -0 0.403976 0.68253
0.6 -1.03923 -0 0.403976 0.68253
0.544789 -1.06921 -0 0.413929 0.675302
0.7 -1.21244 -0 0.399249 0.647
0.544789 -1.06921 -0 0.413929 0.675302
0.635587 -1.24741 -0 0.409795 0.640136
0.7 -1.21244 -0 0.399249 0.647
1.27306 -2.49853 0.16 0.390898 0.493161
1.36386 -2.67673 0.36 0.385313 0.462253
1.50208 -2.60168 0.36 0.371142 0.466301
1.50208 -2.60168 0.36 0.371142 0.466301
1.36386 -2.67673 0.36 0.385313 0.462253
1.60208 -2.77489 0.64 0.362705 0.426516
1.36386 -2.67673 0.36 0.385313 0.462253
1.45466 -2.85493 0.64 0.377986 0.423317
1.60208 -2.77489 0.64 0.362705 0.426516
1.60208 -2.77489 0.64 0.362705 0.426516
1.45466 -2.85493 0.64 0.377986 0.423317
1.70208 -2.94809 1 0.351851 0.376567
1.45466 -2.85493 0.64 0.377986 0.423317
1.54546 -3.03313 1 0.368592 0.374611
1.70208 -2.94809 1 0.351851 0.376567
1.70208 -2.94809 1 0.351851 0.376567
1.54546 -3.03313 1 0.368592 0.374611
1.80208 -3.1213 1.44 0.337933 0.313513
1.54546 -3.03313 1 0.368592 0.374611
1.63626 -3.21133 1.44 0.356601 0.31342
1.80208 -3.1213 1.44 0.337933 0.313513
1.80208 -3.1213 1.44 0.337933 0.313513
1.63626 -3.21133 1.44 0.356601 0.31342
1.90208 -3.2945 1.96 0.319917 0.232748
1.63626 -3.21133 1.44 0.356601 0.31342
1.72705 -3.38953 1.96 0.341173 0.235526
1.90208 -3.2945 1.96 0.319917 0.232748
1.90208 -3.2945 1.96 0.319917 0.232748
1.72705 -3.38953 1.96 0.341173 0.235526
2.00208 -3.46771 2.56 0.296123 0.12685
1.72705 -3.38953 1.96 0.341173 0.235526
1.81785 -3.56774 2.56 0.32096 0.134214
2.00208 -3.46771 2.56 0.296123 0.12685
