-0.503202 0.326783 -0 0.565497 0.88422
-0.48541 0.352671 -0 0.57285 0.893779
-0.670936 0.435711 -0 0.576912 0.803439
-0.519615 0.3 -0 0.558261 0.875718
-0.503202 0.326783 -0 0.565497 0.88422
-0.69282 0.4 -0 0.568465 0.795087
-0.503202 0.326783 -0 0.565497 0.88422
-0.670936 0.435711 -0 0.576912 0.803439
-0.69282 0.4 -0 0.568465 0.795087
-0.69282 0.4 -0 0.568465 0.795087
-0.670936 0.435711 -0 0.576912 0.803439
-0.866025 0.5 -0 0.576097 0.734778
-0.534604 0.272394 -0 0.551128 0.868214
-0.519615 0.3 -0 0.558261 0.875718
-0.712805 0.363192 -0 0.560189 0.787742
-0.519615 0.3 -0 0.558261 0.875718
-0.69282 0.4 -0 0.568465 0.795087
-0.712805 0.363192 -0 0.560189 0.787742
-0.712805 0.363192 -0 0.560189 0.787742
-0.69282 0.4 -0 0.568465 0.795087
-0.891007 0.453991 -0 0.566944 0.727745
-0.69282 0.4 -0 0.568465 0.795087
-0.866025 0.5 -0 0.576097 0.734778
-0.891007 0.453991 -0 0.566944 0.727745
-0.891007 0.453991 -0 0.566944 0.727745
-0.866025 0.5 -0 0.576097 0.734778
-1.06921 0.544789 -0 0.572174 0.68129
-0.866025 0.5 -0 0.576097 0.734778
-1.03923 0.6 -0 0.582021 0.687967
-1.06921 0.544789 -0 0.572174 0.68129
-1.06921 0.544789 -0 0.572174 0.68129
-1.03923 0.6 -0 0.582021 0.687967
-1.24741 0.635587 -0 0.576344 0.644258
-1.03923 0.6 -0 0.582021 0.687967
-1.21244 0.7 -0 0.586753 0.650579
-1.24741 0.635587 -0 0.576344 0.644258
-1.24741 0.635587 -0 0.576344 0.644258
-1.21244 0.7 -0 0.586753 0.650579
-1.42561 0.726385 -0 0.579745 0.614045
-1.21244 0.7 -0 0.586753 0.650579
-1.38564 0.8 -0 0.590619 0.620029
-1.42561 0.726385 -0 0.579745 0.614045
-1.42561 0.726385 -0 0.579745 0.614045
-1.38564 0.8 -0 0.590619 0.620029
-1.60381 0.817183 -0 0.582573 0.588927
-2.85493 1.45466 0.64 0.606521 0.420589
-2.77489 1.60208 0.64 0.621372 0.423553
-3.03313 1.54546 1 0.614951 0.371453
-2.77489 1.60208 0.64 0.621372 0.423553
-2.94809 1.70208 1 0.631162 0.373319
-3.03313 1.54546 1 0.614951 0.371453
-3.03313 1.54546 1 0.614951 0.371453
-2.94809 1.70208 1 0.631162 0.373319
-3.21133 1.63626 1.44 0.625683 0.309791
-2.94809 1.70208 1 0.631162 0.373319
-3.1213 1.80208 1.44 0.643682 0.310016
-3.21133 1.63626 1.44 0.625683 0.309791
-3.21133 1.63626 1.44 0.625683 0.309791
-3.1213 1.80208 1.44 0.643682 0.310016
-3.38953 1.72705 1.96 0.639468 0.231348
-3.1213 1.80208 1.44 0.643682 0.310016
-3.2945 1.90208 1.96 0.659855 0.229044
-3.38953 1.72705 1.96 0.639468 0.231348
-3.38953 1.72705 1.96 0.639468 0.231348
-3.2945 1.90208 1.96 0.659855 0.229044
-3.56774 1.81785 2.56 0.657515 0.129343
-3.2945 1.90208 1.96 0.659855 0.229044
-3.46771 2.00208 2.56 0.68118 0.122998
-3.56774 1.81785 2.56 0.657515 0.129343
-0.548127 0.244042 -0 0.544084 0.86166
-0.534604 0.272394 -0 0.551128 0.868214
-0.730836 0.325389 -0 0.552059 0.781345
-0.534604 0.272394 -0 0.551128 0.868214
-0.712805 0.363192 -0 0.560189 0.787742
-0.730836 0.325389 -0 0.552059 0.781345
-0.730836 0.325389 -0 0.552059 0.781345
-0.712805 0.363192 -0 0.560189 0.787742
-0.913545 0.406737 -0 0.557988 0.721632
-0.712805 0.363192 -0 0.560189 0.787742
-0.891007 0.453991 -0 0.566944 0.727745
-0.913545 0.406737 -0 0.557988 0.721632
-0.913545 0.406737 -0 0.557988 0.721632
-0.891007 0.453991 -0 0.566944 0.727745
-1.09625 0.488084 -0 0.56257 0.675496
-0.891007 0.453991 -0 0.566944 0.727745
-1.06921 0.544789 -0 0.572174 0.68129
-1.09625 0.488084 -0 0.56257 0.675496
-1.09625 0.488084 -0 0.56257 0.675496
-1.06921 0.544789 -0 0.572174 0.68129
-1.27896 0.569431 -0 0.566216 0.638778
-1.06921 0.544789 -0 0.572174 0.68129
-1.24741 0.635587 -0 0.576344 0.644258
-1.27896 0.569431 -0 0.566216 0.638778
-1.27896 0.569431 -0 0.566216 0.638778
-1.24741 0.635587 -0 0.576344 0.644258
-1.46167 0.650779 -0 0.569186 0.608862
-1.24741 0.635587 -0 0.576344 0.644258
-1.42561 0.726385 -0 0.579745 0.614045
-1.46167 0.650779 -0 0.569186 0.608862
-1.46167 0.650779 -0 0.569186 0.608862
-1.42561 0.726385 -0 0.579745 0.614045
-1.64438 0.732126 -0 0.571653 0.584018
-1.42561 0.726385 -0 0.579745 0.614045
-1.60381 0.817183 -0 0.582573 0.588927
-1.64438 0.732126 -0 0.571653 0.584018
-1.64438 0.732126 -0 0.571653 0.584018
-1.60381 0.817183 -0 0.582573 0.588927
-1.82709 0.813473 -0 0.573735 0.563056
-1.60381 0.817183 -0 0.582573 0.588927
-1.78201 0.907981 -0 0.584962 0.567715
-1.82709 0.813473 -0 0.573735 0.563056
-1.82709 0.813473 -0 0.573735 0.563056
-1.78201 0.907981 -0 0.584962 0.567715
-2.0098 0.894821 -0 0.575514 0.545133
-1.78201 0.907981 -0 0.584962 0.567715
-1.96021 0.998779 -0 0.587005 0.549564
-2.0098 0.894821 -0 0.575514 0.545133
-2.0098 0.894821 -0 0.575514 0.545133
-1.96021 0.998779 -0 0.587005 0.549564
-2.37902 1.05921 0.04 0.579115 0.511694
-1.96021 0.998779 -0 0.587005 0.549564
-2.32033 1.18227 0.04 0.591153 0.515679
-2.37902 1.05921 0.04 0.579115 0.511694
-2.37902 1.05921 0.04 0.579115 0.511694
-2.32033 1.18227 0.04 0.591153 0.515679
-2.56173 1.14056 0.16 0.582301 0.487632
-2.32033 1.18227 0.04 0.591153 0.515679
-2.49853 1.27306 0.16 0.594847 0.491294
-2.56173 1.14056 0.16 0.582301 0.487632
-2.56173 1.14056 0.16 0.582301 0.487632
-2.49853 1.27306 0.16 0.594847 0.491294
-2.74444 1.2219 0.36 0.586662 0.45674
-2.49853 1.27306 0.16 0.594847 0.491294
-2.67673 1.36386 0.36 0.599918 0.459948
-2.74444 1.2219 0.36 0.586662 0.45674
-2.74444 1.2219 0.36 0.586662 0.45674
-2.67673 1.36386 0.36 0.599918 0.459948
-2.92715 1.30325 0.64 0.592325 0.418027
-2.67673 1.36386 0.36 0.599918 0.459948
-2.85493 1.45466 0.64 0.606521 0.420589
-2.92715 1.30325 0.64 0.592325 0.418027
-2.92715 1.30325 0.64 0.592325 0.418027
-2.85493 1.45466 0.64 0.606521 0.420589
-3.10986 1.3846 1 0.59953 0.369828
-2.85493 1.45466 0.64 0.606521 0.420589
-3.03313 1.54546 1 0.614951 0.371453
-3.10986 1.3846 1 0.59953 0.369828
-3.10986 1.3846 1 0.59953 0.369828
-3.03313 1.54546 1 0.614951 0.371453
-3.29257 1.46595 1.44 0.608668 0.309559
-3.03313 1.54546 1 0.614951 0.371453
-3.21133 1.63626 1.44 0.625683 0.309791
-3.29257 1.46595 1.44 0.608668 0.309559
-3.29257 1.46595 1.44 0.608668 0.309559
-3.21133 1.63626 1.44 0.625683 0.309791
-3.47528 1.54729 1.96 0.62035 0.23324
-3.21133 1.63626 1.44 0.625683 0.309791
-3.38953 1.72705 1.96 0.639468 0.231348
-3.47528 1.54729 1.96 0.62035 0.23324
-3.47528 1.54729 1.96 0.62035 0.23324
-3.38953 1.72705 1.96 0.639468 0.231348
-3.65798 1.62864 2.56 0.63555 0.134588
-3.38953 1.72705 1.96 0.639468 0.231348
-3.56774 1.81785 2.56 0.657515 0.129343
-3.65798 1.62864 2.56 0.63555 0.134588
-0.560148 0.215021 -0 0.537114 0.856013
-0.548127 0.244042 -0 0.544084 0.86166
-0.746864 0.286694 -0 0.544053 0.775846
-0.548127 0.244042 -0 0.544084 0.86166
-0.730836 0.325389 -0 0.552059 0.781345
-0.746864 0.286694 -0 0.544053 0.775846
-0.746864 0.286694 -0 0.544053 0.775846
-0.730836 0.325389 -0 0.552059 0.781345
-0.93358 0.358368 -0 0.5492 0.716387
-0.730836 0.325389 -0 0.552059 0.781345
-0.913545 0.406737 -0 0.557988 0.721632
-0.93358 0.358368 -0 0.5492 0.716387
-0.93358 0.358368 -0 0.5492 0.716387
-0.913545 0.406737 -0 0.557988 0.721632
-1.1203 0.430042 -0 0.55317 0.670529
-0.913545 0.406737 -0 0.557988 0.721632
-1.09625 0.488084 -0 0.56257 0.675496
-1.1203 0.430042 -0 0.55317 0.670529
-1.1203 0.430042 -0 0.55317 0.670529
-1.09625 0.488084 -0 0.56257 0.675496
-1.30701 0.501715 -0 0.556324 0.634084
-1.09625 0.488084 -0 0.56257 0.675496
-1.27896 0.569431 -0 0.566216 0.638778
-1.30701 0.501715 -0 0.556324 0.634084
-1.30701 0.501715 -0 0.556324 0.634084
-1.27896 0.569431 -0 0.566216 0.638778
-1.49373 0.573389 -0 0.558892 0.604424
-1.27896 0.569431 -0 0.566216 0.638778
-1.46167 0.650779 -0 0.569186 0.608862
-1.49373 0.573389 -0 0.558892 0.604424
-1.49373 0.573389 -0 0.558892 0.604424
-1.46167 0.650779 -0 0.569186 0.608862
-1.68044 0.645062 -0 0.561022 0.579816
-1.46167 0.650779 -0 0.569186 0.608862
-1.64438 0.732126 -0 0.571653 0.584018
-1.68044 0.645062 -0 0.561022 0.579816
-1.68044 0.645062 -0 0.561022 0.579816
-1.64438 0.732126 -0 0.571653 0.584018
-1.86716 0.716736 -0 0.562818 0.559069
-1.64438 0.732126 -0 0.571653 0.584018
-1.82709 0.813473 -0 0.573735 0.563056
-1.86716 0.716736 -0 0.562818 0.559069
-1.86716 0.716736 -0 0.562818 0.559069
-1.82709 0.813473 -0 0.573735 0.563056
-2.05388 0.788409 -0 0.564352 0.541342
-1.82709 0.813473 -0 0.573735 0.563056
-2.0098 0.894821 -0 0.575514 0.545133
-2.05388 0.788409 -0 0.564352 0.541342
-2.05388 0.788409 -0 0.564352 0.541342
-2.0098 0.894821 -0 0.575514 0.545133
-2.4312 0.933249 0.04 0.567445 0.508285
-2.0098 0.894821 -0 0.575514 0.545133
-2.37902 1.05921 0.04 0.579115 0.511694
-2.4312 0.933249 0.04 0.567445 0.508285
-2.4312 0.933249 0.04 0.567445 0.508285
-2.37902 1.05921 0.04 0.579115 0.511694
-2.61791 1.00492 0.16 0.570162 0.484499
-2.37902 1.05921 0.04 0.579115 0.511694
-2.56173 1.14056 0.16 0.582301 0.487632
-2.61791 1.00492 0.16 0.570162 0.484499
-2.61791 1.00492 0.16 0.570162 0.484499
-2.56173 1.14056 0.16 0.582301 0.487632
-2.80463 1.0766 0.36 0.57387 0.453994
-2.56173 1.14056 0.16 0.582301 0.487632
-2.74444 1.2219 0.36 0.586662 0.45674
-2.80463 1.0766 0.36 0.57387 0.453994
-2.80463 1.0766 0.36 0.57387 0.453994
-2.74444 1.2219 0.36 0.586662 0.45674
-2.99134 1.14827 0.64 0.578671 0.415829
-2.74444 1.2219 0.36 0.586662 0.45674
-2.92715 1.30325 0.64 0.592325 0.418027
-2.99134 1.14827 0.64 0.578671 0.415829
-2.99134 1.14827 0.64 0.578671 0.415829
-2.92715 1.30325 0.64 0.592325 0.418027
-3.17806 1.21994 1 0.584762 0.368422
-2.92715 1.30325 0.64 0.592325 0.418027
-3.10986 1.3846 1 0.59953 0.369828
-3.17806 1.21994 1 0.584762 0.368422
-3.17806 1.21994 1 0.584762 0.368422
-3.10986 1.3846 1 0.59953 0.369828
-3.36478 1.29162 1.44 0.592461 0.30932
-3.10986 1.3846 1 0.59953 0.369828
-3.29257 1.46595 1.44 0.608668 0.309559
-3.36478 1.29162 1.44 0.592461 0.30932
-3.36478 1.29162 1.44 0.592461 0.30932
-3.29257 1.46595 1.44 0.608668 0.309559
-3.55149 1.36329 1.96 0.602264 0.234765
-3.29257 1.46595 1.44 0.608668 0.309559
-3.47528 1.54729 1.96 0.62035 0.23324
-3.55149 1.36329 1.96 0.602264 0.234765
-3.55149 1.36329 1.96 0.602264 0.234765
-3.47528 1.54729 1.96 0.62035 0.23324
-3.73821 1.43496 2.56 0.614952 0.138874
-3.47528 1.54729 1.96 0.62035 0.23324
-3.65798 1.62864 2.56 0.63555 0.134588
-3.73821 1.43496 2.56 0.614952 0.138874
-0.570634 0.18541 -0 0.530206 0.851237
-0.560148 0.215021 -0 0.537114 0.856013
-0.760845 0.247214 -0 0.536151 0.771204
-0.560148 0.215021 -0 0.537114 0.856013
-0.746864 0.286694 -0 0.544053 0.775846
-0.760845 0.247214 -0 0.536151 0.771204
-0.760845 0.247214 -0 0.536151 0.771204
-0.746864 0.286694 -0 0.544053 0.775846
-0.951057 0.309017 -0 0.540551 0.711963
-0.746864 0.286694 -0 0.544053 0.775846
-0.93358 0.358368 -0 0.5492 0.716387
-0.951057 0.309017 -0 0.540551 0.711963
-0.951057 0.309017 -0 0.540551 0.711963
-0.93358 0.358368 -0 0.5492 0.716387
-1.14127 0.37082 -0 0.54394 0.666342
-0.93358 0.358368 -0 0.5492 0.716387
-1.1203 0.430042 -0 0.55317 0.670529
-1.14127 0.37082 -0 0.54394 0.666342
-1.14127 0.37082 -0 0.54394 0.666342
-1.1203 0.430042 -0 0.55317 0.670529
-1.33148 0.432624 -0 0.54663 0.630129
-1.1203 0.430042 -0 0.55317 0.670529
-1.30701 0.501715 -0 0.556324 0.634084
-1.33148 0.432624 -0 0.54663 0.630129
-1.33148 0.432624 -0 0.54663 0.630129
-1.30701 0.501715 -0 0.556324 0.634084
-1.52169 0.494427 -0 0.548817 0.600685
-1.30701 0.501715 -0 0.556324 0.634084
-1.49373 0.573389 -0 0.558892 0.604424
-1.52169 0.494427 -0 0.548817 0.600685
-1.52169 0.494427 -0 0.548817 0.600685
-1.49373 0.573389 -0 0.558892 0.604424
-1.7119 0.556231 -0 0.55063 0.576275
-1.49373 0.573389 -0 0.558892 0.604424
-1.68044 0.645062 -0 0.561022 0.579816
-1.7119 0.556231 -0 0.55063 0.576275
-1.7119 0.556231 -0 0.55063 0.576275
-1.68044 0.645062 -0 0.561022 0.579816
-1.90211 0.618034 -0 0.552157 0.55571
-1.68044 0.645062 -0 0.561022 0.579816
-1.86716 0.716736 -0 0.562818 0.559069
-1.90211 0.618034 -0 0.552157 0.55571
-1.90211 0.618034 -0 0.552157 0.55571
-1.86716 0.716736 -0 0.562818 0.559069
-2.09232 0.679837 -0 0.553462 0.538147
-1.86716 0.716736 -0 0.562818 0.559069
-2.05388 0.788409 -0 0.564352 0.541342
-2.09232 0.679837 -0 0.553462 0.538147
-2.09232 0.679837 -0 0.553462 0.538147
-2.05388 0.788409 -0 0.564352 0.541342
-2.47671 0.804731 0.04 0.55608 0.505409
-2.05388 0.788409 -0 0.564352 0.541342
-2.4312 0.933249 0.04 0.567445 0.508285
-2.47671 0.804731 0.04 0.55608 0.505409
-2.47671 0.804731 0.04 0.55608 0.505409
-2.4312 0.933249 0.04 0.567445 0.508285
-2.66692 0.866534 0.16 0.558359 0.481855
-2.4312 0.933249 0.04 0.567445 0.508285
-2.61791 1.00492 0.16 0.570162 0.484499
-2.66692 0.866534 0.16 0.558359 0.481855
-2.66692 0.866534 0.16 0.558359 0.481855
-2.61791 1.00492 0.16 0.570162 0.484499
-2.85713 0.928337 0.36 0.561459 0.451672
-2.61791 1.00492 0.16 0.570162 0.484499
-2.80463 1.0766 0.36 0.57387 0.453994
-2.85713 0.928337 0.36 0.561459 0.451672
-2.85713 0.928337 0.36 0.561459 0.451672
-2.80463 1.0766 0.36 0.57387 0.453994
-3.04734 0.990141 0.64 0.565462 0.413963
-2.80463 1.0766 0.36 0.57387 0.453994
-2.99134 1.14827 0.64 0.578671 0.415829
-3.04734 0.990141 0.64 0.565462 0.413963
-3.04734 0.990141 0.64 0.565462 0.413963
-2.99134 1.14827 0.64 0.578671 0.415829
-3.23755 1.05194 1 0.570527 0.367212
-2.99134 1.14827 0.64 0.578671 0.415829
-3.17806 1.21994 1 0.584762 0.368422
-3.23755 1.05194 1 0.570527 0.367212
-3.23755 1.05194 1 0.570527 0.367212
-3.17806 1.21994 1 0.584762 0.368422
-3.42776 1.11375 1.44 0.57691 0.309071
-3.17806 1.21994 1 0.584762 0.368422
-3.36478 1.29162 1.44 0.592461 0.30932
-3.42776 1.11375 1.44 0.57691 0.309071
-3.42776 1.11375 1.44 0.57691 0.309071
-3.36478 1.29162 1.44 0.592461 0.30932
-3.61797 1.17555 1.96 0.585009 0.235961
-3.36478 1.29162 1.44 0.592461 0.30932
-3.55149 1.36329 1.96 0.602264 0.234765
-3.61797 1.17555 1.96 0.585009 0.235961
-3.61797 1.17555 1.96 0.585009 0.235961
-3.55149 1.36329 1.96 0.602264 0.234765
-3.80819 1.23735 2.56 0.595448 0.142311
-3.55149 1.36329 1.96 0.602264 0.234765
-3.73821 1.43496 2.56 0.614952 0.138874
-3.80819 1.23735 2.56 0.595448 0.142311
-0.579556 0.155291 -0 0.523349 0.847304
-0.570634 0.18541 -0 0.530206 0.851237
-0.772741 0.207055 -0 0.528333 0.767384
-0.570634 0.18541 -0 0.530206 0.851237
-0.760845 0.247214 -0 0.536151 0.771204
-0.772741 0.207055 -0 0.528333 0.767384
-0.772741 0.207055 -0 0.528333 0.767384
-0.760845 0.247214 -0 0.536151 0.771204
-0.965926 0.258819 -0 0.532016 0.708323
-0.760845 0.247214 -0 0.536151 0.771204
-0.951057 0.309017 -0 0.540551 0.711963
-0.965926 0.258819 -0 0.532016 0.708323
-0.965926 0.258819 -0 0.532016 0.708323
-0.951057 0.309017 -0 0.540551 0.711963
-1.15911 0.310583 -0 0.534848 0.662898
-0.951057 0.309017 -0 0.540551 0.711963
-1.14127 0.37082 -0 0.54394 0.666342
-1.15911 0.310583 -0 0.534848 0.662898
-1.15911 0.310583 -0 0.534848 0.662898
-1.14127 0.37082 -0 0.54394 0.666342
-1.3523 0.362347 -0 0.537095 0.626874
-1.14127 0.37082 -0 0.54394 0.666342
-1.33148 0.432624 -0 0.54663 0.630129
-1.3523 0.362347 -0 0.537095 0.626874
-1.3523 0.362347 -0 0.537095 0.626874
-1.33148 0.432624 -0 0.54663 0.630129
-1.54548 0.41411 -0 0.53892 0.597608
-1.33148 0.432624 -0 0.54663 0.630129
-1.52169 0.494427 -0 0.548817 0.600685
-1.54548 0.41411 -0 0.53892 0.597608
-1.54548 0.41411 -0 0.53892 0.597608
-1.52169 0.494427 -0 0.548817 0.600685
-1.73867 0.465874 -0 0.540432 0.57336
-1.52169 0.494427 -0 0.548817 0.600685
-1.7119 0.556231 -0 0.55063 0.576275
-1.73867 0.465874 -0 0.540432 0.57336
-1.73867 0.465874 -0 0.540432 0.57336
-1.7119 0.556231 -0 0.55063 0.576275
-1.93185 0.517638 -0 0.541705 0.552942
-1.7119 0.556231 -0 0.55063 0.576275
-1.90211 0.618034 -0 0.552157 0.55571
-1.93185 0.517638 -0 0.541705 0.552942
-1.93185 0.517638 -0 0.541705 0.552942
-1.90211 0.618034 -0 0.552157 0.55571
-2.12504 0.569402 -0 0.542792 0.535513
-1.90211 0.618034 -0 0.552157 0.55571
-2.09232 0.679837 -0 0.553462 0.538147
-2.12504 0.569402 -0 0.542792 0.535513
-2.12504 0.569402 -0 0.542792 0.535513
-2.09232 0.679837 -0 0.553462 0.538147
-2.51543 0.674007 0.04 0.544961 0.503034
-2.09232 0.679837 -0 0.553462 0.538147
-2.47671 0.804731 0.04 0.55608 0.505409
-2.51543 0.674007 0.04 0.544961 0.503034
-2.51543 0.674007 0.04 0.544961 0.503034
-2.47671 0.804731 0.04 0.55608 0.505409
-2.70861 0.725771 0.16 0.546827 0.479668
-2.47671 0.804731 0.04 0.55608 0.505409
-2.66692 0.866534 0.16 0.558359 0.481855
-2.70861 0.725771 0.16 0.546827 0.479668
-2.70861 0.725771 0.16 0.546827 0.479668
-2.66692 0.866534 0.16 0.558359 0.481855
-2.9018 0.777535 0.36 0.549356 0.449747
-2.66692 0.866534 0.16 0.558359 0.481855
-2.85713 0.928337 0.36 0.561459 0.451672
-2.9018 0.777535 0.36 0.549356 0.449747
-2.9018 0.777535 0.36 0.549356 0.449747
-2.85713 0.928337 0.36 0.561459 0.451672
-3.09498 0.829298 0.64 0.552611 0.412406
-2.85713 0.928337 0.36 0.561459 0.451672
-3.04734 0.990141 0.64 0.565462 0.413963
-3.09498 0.829298 0.64 0.552611 0.412406
-3.09498 0.829298 0.64 0.552611 0.412406
-3.04734 0.990141 0.64 0.565462 0.413963
-3.28817 0.881062 1 0.55672 0.366182
-3.04734 0.990141 0.64 0.565462 0.413963
-3.23755 1.05194 1 0.570527 0.367212
-3.28817 0.881062 1 0.55672 0.366182
-3.28817 0.881062 1 0.55672 0.366182
-3.23755 1.05194 1 0.570527 0.367212
-3.48135 0.932826 1.44 0.561884 0.308812
-3.23755 1.05194 1 0.570527 0.367212
-3.42776 1.11375 1.44 0.57691 0.309071
-3.48135 0.932826 1.44 0.561884 0.308812
-3.48135 0.932826 1.44 0.561884 0.308812
-3.42776 1.11375 1.44 0.57691 0.309071
-3.67454 0.98459 1.96 0.568416 0.236854
-3.42776 1.11375 1.44 0.57691 0.309071
-3.61797 1.17555 1.96 0.585009 0.235961
-3.67454 0.98459 1.96 0.568416 0.236854
-3.67454 0.98459 1.96 0.568416 0.236854
-3.61797 1.17555 1.96 0.585009 0.235961
-3.86772 1.03635 2.56 0.576806 0.144981
-3.61797 1.17555 1.96 0.585009 0.235961
-3.80819 1.23735 2.56 0.595448 0.142311
-3.86772 1.03635 2.56 0.576806 0.144981
-0.586889 0.124747 -0 0.516529 0.844188
-0.579556 0.155291 -0 0.523349 0.847304
-0.782518 0.166329 -0 0.520579 0.764358
-0.579556 0.155291 -0 0.523349 0.847304
-0.772741 0.207055 -0 0.528333 0.767384
-0.782518 0.166329 -0 0.520579 0.764358
-0.782518 0.166329 -0 0.520579 0.764358
-0.772741 0.207055 -0 0.528333 0.767384
-0.978148 0.207912 -0 0.523568 0.705439
-0.772741 0.207055 -0 0.528333 0.767384
-0.965926 0.258819 -0 0.532016 0.708323
-0.978148 0.207912 -0 0.523568 0.705439
-0.978148 0.207912 -0 0.523568 0.705439
-0.965926 0.258819 -0 0.532016 0.708323
-1.17378 0.249494 -0 0.525864 0.660166
-0.965926 0.258819 -0 0.532016 0.708323
-1.15911 0.310583 -0 0.534848 0.662898
-1.17378 0.249494 -0 0.525864 0.660166
-1.17378 0.249494 -0 0.525864 0.660166
-1.15911 0.310583 -0 0.534848 0.662898
-1.36941 0.291076 -0 0.527684 0.624291
-1.15911 0.310583 -0 0.534848 0.662898
-1.3523 0.362347 -0 0.537095 0.626874
-1.36941 0.291076 -0 0.527684 0.624291
-1.36941 0.291076 -0 0.527684 0.624291
-1.3523 0.362347 -0 0.537095 0.626874
-1.56504 0.332659 -0 0.529162 0.595162
-1.3523 0.362347 -0 0.537095 0.626874
-1.54548 0.41411 -0 0.53892 0.597608
-1.56504 0.332659 -0 0.529162 0.595162
-1.56504 0.332659 -0 0.529162 0.595162
-1.54548 0.41411 -0 0.53892 0.597608
-1.76067 0.374241 -0 0.530386 0.57104
-1.54548 0.41411 -0 0.53892 0.597608
-1.73867 0.465874 -0 0.540432 0.57336
-1.76067 0.374241 -0 0.530386 0.57104
-1.76067 0.374241 -0 0.530386 0.57104
-1.73867 0.465874 -0 0.540432 0.57336
-1.9563 0.415823 -0 0.531416 0.550737
-1.73867 0.465874 -0 0.540432 0.57336
-1.93185 0.517638 -0 0.541705 0.552942
-1.9563 0.415823 -0 0.531416 0.550737
-1.9563 0.415823 -0 0.531416 0.550737
-1.93185 0.517638 -0 0.541705 0.552942
-2.15192 0.457406 -0 0.532295 0.533411
-1.93185 0.517638 -0 0.541705 0.552942
-2.12504 0.569402 -0 0.542792 0.535513
-2.15192 0.457406 -0 0.532295 0.533411
-2.15192 0.457406 -0 0.532295 0.533411
-2.12504 0.569402 -0 0.542792 0.535513
-2.54726 0.541436 0.04 0.534036 0.501134
-2.12504 0.569402 -0 0.542792 0.535513
-2.51543 0.674007 0.04 0.544961 0.503034
-2.54726 0.541436 0.04 0.534036 0.501134
-2.54726 0.541436 0.04 0.534036 0.501134
-2.51543 0.674007 0.04 0.544961 0.503034
-2.74289 0.583018 0.16 0.535508 0.477914
-2.51543 0.674007 0.04 0.544961 0.503034
-2.70861 0.725771 0.16 0.546827 0.479668
-2.74289 0.583018 0.16 0.535508 0.477914
-2.74289 0.583018 0.16 0.535508 0.477914
-2.70861 0.725771 0.16 0.546827 0.479668
-2.93851 0.624601 0.36 0.537493 0.448194
-2.70861 0.725771 0.16 0.546827 0.479668
-2.9018 0.777535 0.36 0.549356 0.449747
-2.93851 0.624601 0.36 0.537493 0.448194
-2.93851 0.624601 0.36 0.537493 0.448194
-2.9018 0.777535 0.36 0.549356 0.449747
-3.13414 0.666183 0.64 0.54004 0.411138
-2.9018 0.777535 0.36 0.549356 0.449747
-3.09498 0.829298 0.64 0.552611 0.412406
-3.13414 0.666183 0.64 0.54004 0.411138
-3.13414 0.666183 0.64 0.54004 0.411138
-3.09498 0.829298 0.64 0.552611 0.412406
-3.32977 0.707765 1 0.543246 0.36532
-3.09498 0.829298 0.64 0.552611 0.412406
-3.28817 0.881062 1 0.55672 0.366182
-3.32977 0.707765 1 0.543246 0.36532
-3.32977 0.707765 1 0.543246 0.36532
-3.28817 0.881062 1 0.55672 0.366182
-3.5254 0.749348 1.44 0.547264 0.308541
-3.28817 0.881062 1 0.55672 0.366182
-3.48135 0.932826 1.44 0.561884 0.308812
-3.5254 0.749348 1.44 0.547264 0.308541
-3.5254 0.749348 1.44 0.547264 0.308541
-3.48135 0.932826 1.44 0.561884 0.308812
-3.72103 0.79093 1.96 0.552335 0.237465
-3.48135 0.932826 1.44 0.561884 0.308812
-3.67454 0.98459 1.96 0.568416 0.236854
-3.72103 0.79093 1.96 0.552335 0.237465
-3.72103 0.79093 1.96 0.552335 0.237465
-3.67454 0.98459 1.96 0.568416 0.236854
-3.91666 0.832512 2.56 0.558828 0.146947
-3.67454 0.98459 1.96 0.568416 0.236854
-3.86772 1.03635 2.56 0.576806 0.144981
-3.91666 0.832512 2.56 0.558828 0.146947
-0.592613 0.0938607 -0 0.509736 0.841873
-0.586889 0.124747 -0 0.516529 0.844188
-0.790151 0.125148 -0 0.512872 0.762105
-0.586889 0.124747 -0 0.516529 0.844188
-0.782518 0.166329 -0 0.520579 0.764358
-0.790151 0.125148 -0 0.512872 0.762105
-0.790151 0.125148 -0 0.512872 0.762105
-0.782518 0.166329 -0 0.520579 0.764358
-0.987688 0.156434 -0 0.515184 0.703287
-0.782518 0.166329 -0 0.520579 0.764358
-0.978148 0.207912 -0 0.523568 0.705439
-0.987688 0.156434 -0 0.515184 0.703287
-0.987688 0.156434 -0 0.515184 0.703287
-0.978148 0.207912 -0 0.523568 0.705439
-1.18523 0.187721 -0 0.51696 0.658123
-0.978148 0.207912 -0 0.523568 0.705439
-1.17378 0.249494 -0 0.525864 0.660166
-1.18523 0.187721 -0 0.51696 0.658123
-1.18523 0.187721 -0 0.51696 0.658123
-1.17378 0.249494 -0 0.525864 0.660166
-1.38276 0.219008 -0 0.518366 0.622354
-1.17378 0.249494 -0 0.525864 0.660166
-1.36941 0.291076 -0 0.527684 0.624291
-1.38276 0.219008 -0 0.518366 0.622354
-1.38276 0.219008 -0 0.518366 0.622354
-1.36941 0.291076 -0 0.527684 0.624291
-1.5803 0.250295 -0 0.519507 0.593325
-1.36941 0.291076 -0 0.527684 0.624291
-1.56504 0.332659 -0 0.529162 0.595162
-1.5803 0.250295 -0 0.519507 0.593325
-1.5803 0.250295 -0 0.519507 0.593325
-1.56504 0.332659 -0 0.529162 0.595162
-1.77784 0.281582 -0 0.520452 0.569293
-1.56504 0.332659 -0 0.529162 0.595162
-1.76067 0.374241 -0 0.530386 0.57104
-1.77784 0.281582 -0 0.520452 0.569293
-1.77784 0.281582 -0 0.520452 0.569293
-1.76067 0.374241 -0 0.530386 0.57104
-1.97538 0.312869 -0 0.521247 0.549072
-1.76067 0.374241 -0 0.530386 0.57104
-1.9563 0.415823 -0 0.531416 0.550737
-1.97538 0.312869 -0 0.521247 0.549072
-1.97538 0.312869 -0 0.521247 0.549072
-1.9563 0.415823 -0 0.531416 0.550737
-2.17291 0.344156 -0 0.521925 0.531821
-1.9563 0.415823 -0 0.531416 0.550737
-2.15192 0.457406 -0 0.532295 0.533411
-2.17291 0.344156 -0 0.521925 0.531821
-2.17291 0.344156 -0 0.521925 0.531821
-2.15192 0.457406 -0 0.532295 0.533411
-2.5721 0.407381 0.04 0.523253 0.499689
-2.15192 0.457406 -0 0.532295 0.533411
-2.54726 0.541436 0.04 0.534036 0.501134
-2.5721 0.407381 0.04 0.523253 0.499689
-2.5721 0.407381 0.04 0.523253 0.499689
-2.54726 0.541436 0.04 0.534036 0.501134
-2.76964 0.438668 0.16 0.524347 0.476573
-2.54726 0.541436 0.04 0.534036 0.501134
-2.74289 0.583018 0.16 0.535508 0.477914
-2.76964 0.438668 0.16 0.524347 0.476573
-2.76964 0.438668 0.16 0.524347 0.476573
-2.74289 0.583018 0.16 0.535508 0.477914
-2.96718 0.469955 0.36 0.525809 0.446997
-2.74289 0.583018 0.16 0.535508 0.477914
-2.93851 0.624601 0.36 0.537493 0.448194
-2.96718 0.469955 0.36 0.525809 0.446997
-2.96718 0.469955 0.36 0.525809 0.446997
-2.93851 0.624601 0.36 0.537493 0.448194
-3.16471 0.501242 0.64 0.527676 0.410144
-2.93851 0.624601 0.36 0.537493 0.448194
-3.13414 0.666183 0.64 0.54004 0.411138
-3.16471 0.501242 0.64 0.527676 0.410144
-3.16471 0.501242 0.64 0.527676 0.410144
-3.13414 0.666183 0.64 0.54004 0.411138
-3.36225 0.532528 1 0.530019 0.364616
-3.13414 0.666183 0.64 0.54004 0.411138
-3.32977 0.707765 1 0.543246 0.36532
-3.36225 0.532528 1 0.530019 0.364616
-3.36225 0.532528 1 0.530019 0.364616
-3.32977 0.707765 1 0.543246 0.36532
-3.55979 0.563815 1.44 0.532947 0.308259
-3.32977 0.707765 1 0.543246 0.36532
-3.5254 0.749348 1.44 0.547264 0.308541
-3.55979 0.563815 1.44 0.532947 0.308259
-3.55979 0.563815 1.44 0.532947 0.308259
-3.5254 0.749348 1.44 0.547264 0.308541
-3.75733 0.595102 1.96 0.536632 0.237811
-3.5254 0.749348 1.44 0.547264 0.308541
-3.72103 0.79093 1.96 0.552335 0.237465
-3.75733 0.595102 1.96 0.536632 0.237811
-3.75733 0.595102 1.96 0.536632 0.237811
-3.72103 0.79093 1.96 0.552335 0.237465
-3.95487 0.626389 2.56 0.54134 0.148255
-3.72103 0.79093 1.96 0.552335 0.237465
-3.91666 0.832512 2.56 0.558828 0.146947
-3.95487 0.626389 2.56 0.54134 0.148255
-0.596713 0.0627171 -0 0.502958 0.840343
-0.592613 0.0938607 -0 0.509736 0.841873
-0.795618 0.0836228 -0 0.505194 0.760609
-0.592613 0.0938607 -0 0.509736 0.841873
-0.790151 0.125148 -0 0.512872 0.762105
-0.795618 0.0836228 -0 0.505194 0.760609
-0.795618 0.0836228 -0 0.505194 0.760609
-0.790151 0.125148 -0 0.512872 0.762105
-0.994522 0.104528 -0 0.506842 0.70185
-0.790151 0.125148 -0 0.512872 0.762105
-0.987688 0.156434 -0 0.515184 0.703287
-0.994522 0.104528 -0 0.506842 0.70185
-0.994522 0.104528 -0 0.506842 0.70185
-0.987688 0.156434 -0 0.515184 0.703287
-1.19343 0.125434 -0 0.508106 0.656753
-0.987688 0.156434 -0 0.515184 0.703287
-1.18523 0.187721 -0 0.51696 0.658123
-1.19343 0.125434 -0 0.508106 0.656753
-1.19343 0.125434 -0 0.508106 0.656753
-1.18523 0.187721 -0 0.51696 0.658123
-1.39233 0.14634 -0 0.509108 0.621048
-1.18523 0.187721 -0 0.51696 0.658123
-1.38276 0.219008 -0 0.518366 0.622354
-1.39233 0.14634 -0 0.509108 0.621048
-1.39233 0.14634 -0 0.509108 0.621048
-1.38276 0.219008 -0 0.518366 0.622354
-1.59124 0.167246 -0 0.50992 0.592079
-1.38276 0.219008 -0 0.518366 0.622354
-1.5803 0.250295 -0 0.519507 0.593325
-1.59124 0.167246 -0 0.50992 0.592079
-1.59124 0.167246 -0 0.50992 0.592079
-1.5803 0.250295 -0 0.519507 0.593325
-1.79014 0.188151 -0 0.510592 0.568103
-1.5803 0.250295 -0 0.519507 0.593325
-1.77784 0.281582 -0 0.520452 0.569293
-1.79014 0.188151 -0 0.510592 0.568103
-1.79014 0.188151 -0 0.510592 0.568103
-1.77784 0.281582 -0 0.520452 0.569293
-1.98904 0.209057 -0 0.511158 0.547932
-1.77784 0.281582 -0 0.520452 0.569293
-1.97538 0.312869 -0 0.521247 0.549072
-1.98904 0.209057 -0 0.511158 0.547932
-1.98904 0.209057 -0 0.511158 0.547932
-1.97538 0.312869 -0 0.521247 0.549072
-2.18795 0.229963 -0 0.51164 0.530727
-1.97538 0.312869 -0 0.521247 0.549072
-2.17291 0.344156 -0 0.521925 0.531821
-2.18795 0.229963 -0 0.51164 0.530727
-2.18795 0.229963 -0 0.51164 0.530727
-2.17291 0.344156 -0 0.521925 0.531821
-2.5899 0.272209 0.04 0.512567 0.498684
-2.17291 0.344156 -0 0.521925 0.531821
-2.5721 0.407381 0.04 0.523253 0.499689
-2.5899 0.272209 0.04 0.512567 0.498684
-2.5899 0.272209 0.04 0.512567 0.498684
-2.5721 0.407381 0.04 0.523253 0.499689
-2.7888 0.293115 0.16 0.513292 0.475631
-2.5721 0.407381 0.04 0.523253 0.499689
-2.76964 0.438668 0.16 0.524347 0.476573
-2.7888 0.293115 0.16 0.513292 0.475631
-2.7888 0.293115 0.16 0.513292 0.475631
-2.76964 0.438668 0.16 0.524347 0.476573
-2.98771 0.314021 0.36 0.514246 0.446143
-2.76964 0.438668 0.16 0.524347 0.476573
-2.96718 0.469955 0.36 0.525809 0.446997
-2.98771 0.314021 0.36 0.514246 0.446143
-2.98771 0.314021 0.36 0.514246 0.446143
-2.96718 0.469955 0.36 0.525809 0.446997
-3.18661 0.334926 0.64 0.515453 0.409413
-2.96718 0.469955 0.36 0.525809 0.446997
-3.16471 0.501242 0.64 0.527676 0.410144
-3.18661 0.334926 0.64 0.515453 0.409413
-3.18661 0.334926 0.64 0.515453 0.409413
-3.16471 0.501242 0.64 0.527676 0.410144
-3.38551 0.355832 1 0.516959 0.364061
-3.16471 0.501242 0.64 0.527676 0.410144
-3.36225 0.532528 1 0.530019 0.364616
-3.38551 0.355832 1 0.516959 0.364061
-3.38551 0.355832 1 0.516959 0.364061
-3.36225 0.532528 1 0.530019 0.364616
-3.58442 0.376738 1.44 0.518833 0.307962
-3.36225 0.532528 1 0.530019 0.364616
-3.55979 0.563815 1.44 0.532947 0.308259
-3.58442 0.376738 1.44 0.518833 0.307962
-3.58442 0.376738 1.44 0.518833 0.307962
-3.55979 0.563815 1.44 0.532947 0.308259
-3.78332 0.397643 1.96 0.521186 0.237899
-3.55979 0.563815 1.44 0.532947 0.308259
-3.75733 0.595102 1.96 0.536632 0.237811
-3.78332 0.397643 1.96 0.521186 0.237899
-3.78332 0.397643 1.96 0.521186 0.237899
-3.75733 0.595102 1.96 0.536632 0.237811
-3.98223 0.418549 2.56 0.524182 0.148934
-3.75733 0.595102 1.96 0.536632 0.237811
-3.95487 0.626389 2.56 0.54134 0.148255
-3.98223 0.418549 2.56 0.524182 0.148934
-0.599178 0.0314016 -0 0.496183 0.839591
-0.596713 0.0627171 -0 0.502958 0.840343
-0.798904 0.0418688 -0 0.497527 0.75986
-0.596713 0.0627171 -0 0.502958 0.840343
-0.795618 0.0836228 -0 0.505194 0.760609
-0.798904 0.0418688 -0 0.497527 0.75986
-0.798904 0.0418688 -0 0.497527 0.75986
-0.795618 0.0836228 -0 0.505194 0.760609
-0.99863 0.052336 -0 0.498517 0.701119
-0.795618 0.0836228 -0 0.505194 0.760609
-0.994522 0.104528 -0 0.506842 0.70185
-0.99863 0.052336 -0 0.498517 0.701119
-0.99863 0.052336 -0 0.498517 0.701119
-0.994522 0.104528 -0 0.506842 0.70185
-1.19836 0.0628031 -0 0.499277 0.656043
-0.994522 0.104528 -0 0.506842 0.70185
-1.19343 0.125434 -0 0.508106 0.656753
-1.19836 0.0628031 -0 0.499277 0.656043
-1.19836 0.0628031 -0 0.499277 0.656043
-1.19343 0.125434 -0 0.508106 0.656753
-1.39808 0.0732703 -0 0.499879 0.620361
-1.19343 0.125434 -0 0.508106 0.656753
-1.39233 0.14634 -0 0.509108 0.621048
-1.39808 0.0732703 -0 0.499879 0.620361
-1.39808 0.0732703 -0 0.499879 0.620361
-1.39233 0.14634 -0 0.509108 0.621048
-1.59781 0.0837375 -0 0.500367 0.591414
-1.39233 0.14634 -0 0.509108 0.621048
-1.59124 0.167246 -0 0.50992 0.592079
-1.59781 0.0837375 -0 0.500367 0.591414
-1.59781 0.0837375 -0 0.500367 0.591414
-1.59124 0.167246 -0 0.50992 0.592079
-1.79753 0.0942047 -0 0.500771 0.567459
-1.59124 0.167246 -0 0.50992 0.592079
-1.79014 0.188151 -0 0.510592 0.568103
-1.79753 0.0942047 -0 0.500771 0.567459
-1.79753 0.0942047 -0 0.500771 0.567459
-1.79014 0.188151 -0 0.510592 0.568103
-1.99726 0.104672 -0 0.501111 0.547307
-1.79014 0.188151 -0 0.510592 0.568103
-1.98904 0.209057 -0 0.511158 0.547932
-1.99726 0.104672 -0 0.501111 0.547307
-1.99726 0.104672 -0 0.501111 0.547307
-1.98904 0.209057 -0 0.511158 0.547932
-2.19699 0.115139 -0 0.5014 0.530119
-1.98904 0.209057 -0 0.511158 0.547932
-2.18795 0.229963 -0 0.51164 0.530727
-2.19699 0.115139 -0 0.5014 0.530119
-2.19699 0.115139 -0 0.5014 0.530119
-2.18795 0.229963 -0 0.51164 0.530727
-2.60059 0.136291 0.04 0.501931 0.498109
-2.18795 0.229963 -0 0.51164 0.530727
-2.5899 0.272209 0.04 0.512567 0.498684
-2.60059 0.136291 0.04 0.501931 0.498109
-2.60059 0.136291 0.04 0.501931 0.498109
-2.5899 0.272209 0.04 0.512567 0.498684
-2.80032 0.146759 0.16 0.502293 0.475078
-2.5899 0.272209 0.04 0.512567 0.498684
-2.7888 0.293115 0.16 0.513292 0.475631
-2.80032 0.146759 0.16 0.502293 0.475078
-2.80032 0.146759 0.16 0.502293 0.475078
-2.7888 0.293115 0.16 0.513292 0.475631
-3.00005 0.157226 0.36 0.502746 0.445622
-2.7888 0.293115 0.16 0.513292 0.475631
-2.98771 0.314021 0.36 0.514246 0.446143
-3.00005 0.157226 0.36 0.502746 0.445622
-3.00005 0.157226 0.36 0.502746 0.445622
-2.98771 0.314021 0.36 0.514246 0.446143
-3.19977 0.167693 0.64 0.503305 0.408937
-2.98771 0.314021 0.36 0.514246 0.446143
-3.18661 0.334926 0.64 0.515453 0.409413
-3.19977 0.167693 0.64 0.503305 0.408937
-3.19977 0.167693 0.64 0.503305 0.408937
-3.18661 0.334926 0.64 0.515453 0.409413
-3.3995 0.17816 1 0.503989 0.363651
-3.18661 0.334926 0.64 0.515453 0.409413
-3.38551 0.355832 1 0.516959 0.364061
-3.3995 0.17816 1 0.503989 0.363651
-3.3995 0.17816 1 0.503989 0.363651
-3.38551 0.355832 1 0.516959 0.364061
-3.59922 0.188627 1.44 0.504832 0.307649
-3.38551 0.355832 1 0.516959 0.364061
-3.58442 0.376738 1.44 0.518833 0.307962
-3.59922 0.188627 1.44 0.504832 0.307649
-3.59922 0.188627 1.44 0.504832 0.307649
-3.58442 0.376738 1.44 0.518833 0.307962
-3.79895 0.199095 1.96 0.50588 0.237735
-3.58442 0.376738 1.44 0.518833 0.307962
-3.78332 0.397643 1.96 0.521186 0.237899
-3.79895 0.199095 1.96 0.50588 0.237735
-3.79895 0.199095 1.96 0.50588 0.237735
-3.78332 0.397643 1.96 0.521186 0.237899
-3.99868 0.209562 2.56 0.507207 0.149003
-3.78332 0.397643 1.96 0.521186 0.237899
-3.98223 0.418549 2.56 0.524182 0.148934
-3.99868 0.209562 2.56 0.507207 0.149003
-0.6 3.67394e-17 -0 0.4894 0.839613
-0.599178 0.0314016 -0 0.496183 0.839591
-0.8 4.89859e-17 -0 0.489855 0.759853
-0.599178 0.0314016 -0 0.496183 0.839591
-0.798904 0.0418688 -0 0.497527 0.75986
-0.8 4.89859e-17 -0 0.489855 0.759853
-0.8 4.89859e-17 -0 0.489855 0.759853
-0.798904 0.0418688 -0 0.497527 0.75986
-1 6.12323e-17 -0 0.49019 0.701087
-0.798904 0.0418688 -0 0.497527 0.75986
-0.99863 0.052336 -0 0.498517 0.701119
-1 6.12323e-17 -0 0.49019 0.701087
-1 6.12323e-17 -0 0.49019 0.701087
-0.99863 0.052336 -0 0.498517 0.701119
-1.2 7.34788e-17 -0 0.490447 0.65599
-0.99863 0.052336 -0 0.498517 0.701119
-1.19836 0.0628031 -0 0.499277 0.656043
-1.2 7.34788e-17 -0 0.490447 0.65599
-1.2 7.34788e-17 -0 0.490447 0.65599
-1.19836 0.0628031 -0 0.499277 0.656043
-1.4 8.57253e-17 -0 0.49065 0.620289
-1.19836 0.0628031 -0 0.499277 0.656043
-1.39808 0.0732703 -0 0.499879 0.620361
-1.4 8.57253e-17 -0 0.49065 0.620289
-1.4 8.57253e-17 -0 0.49065 0.620289
-1.39808 0.0732703 -0 0.499879 0.620361
-1.6 9.79717e-17 -0 0.490815 0.591325
-1.39808 0.0732703 -0 0.499879 0.620361
-1.59781 0.0837375 -0 0.500367 0.591414
-1.6 9.79717e-17 -0 0.490815 0.591325
-1.6 9.79717e-17 -0 0.490815 0.591325
-1.59781 0.0837375 -0 0.500367 0.591414
-1.8 1.10218e-16 -0 0.490952 0.567356
-1.59781 0.0837375 -0 0.500367 0.591414
-1.79753 0.0942047 -0 0.500771 0.567459
-1.8 1.10218e-16 -0 0.490952 0.567356
-1.8 1.10218e-16 -0 0.490952 0.567356
-1.79753 0.0942047 -0 0.500771 0.567459
-2 1.22465e-16 -0 0.491066 0.547191
-1.79753 0.0942047 -0 0.500771 0.567459
-1.99726 0.104672 -0 0.501111 0.547307
-2 1.22465e-16 -0 0.491066 0.547191
-2 1.22465e-16 -0 0.491066 0.547191
-1.99726 0.104672 -0 0.501111 0.547307
-2.2 1.34711e-16 -0 0.491164 0.529992
-1.99726 0.104672 -0 0.501111 0.547307
-2.19699 0.115139 -0 0.5014 0.530119
-2.2 1.34711e-16 -0 0.491164 0.529992
-2.2 1.34711e-16 -0 0.491164 0.529992
-2.19699 0.115139 -0 0.5014 0.530119
-2.60416 1.59459e-16 0.04 0.491301 0.49796
-2.19699 0.115139 -0 0.5014 0.530119
-2.60059 0.136291 0.04 0.501931 0.498109
-2.60416 1.59459e-16 0.04 0.491301 0.49796
-2.60416 1.59459e-16 0.04 0.491301 0.49796
-2.60059 0.136291 0.04 0.501931 0.498109
-2.80416 1.71705e-16 0.16 0.491301 0.474912
-2.60059 0.136291 0.04 0.501931 0.498109
-2.80032 0.146759 0.16 0.502293 0.475078
-2.80416 1.71705e-16 0.16 0.491301 0.474912
-2.80416 1.71705e-16 0.16 0.491301 0.474912
-2.80032 0.146759 0.16 0.502293 0.475078
-3.00416 1.83952e-16 0.36 0.491257 0.44543
-2.80032 0.146759 0.16 0.502293 0.475078
-3.00005 0.157226 0.36 0.502746 0.445622
-3.00416 1.83952e-16 0.36 0.491257 0.44543
-3.00416 1.83952e-16 0.36 0.491257 0.44543
-3.00005 0.157226 0.36 0.502746 0.445622
-3.20416 1.96198e-16 0.64 0.491169 0.408712
-3.00005 0.157226 0.36 0.502746 0.445622
-3.19977 0.167693 0.64 0.503305 0.408937
-3.20416 1.96198e-16 0.64 0.491169 0.408712
-3.20416 1.96198e-16 0.64 0.491169 0.408712
-3.19977 0.167693 0.64 0.503305 0.408937
-3.40416 2.08445e-16 1 0.491037 0.363382
-3.19977 0.167693 0.64 0.503305 0.408937
-3.3995 0.17816 1 0.503989 0.363651
-3.40416 2.08445e-16 1 0.491037 0.363382
-3.40416 2.08445e-16 1 0.491037 0.363382
-3.3995 0.17816 1 0.503989 0.363651
-3.60416 2.20691e-16 1.44 0.490852 0.307319
-3.3995 0.17816 1 0.503989 0.363651
-3.59922 0.188627 1.44 0.504832 0.307649
-3.60416 2.20691e-16 1.44 0.490852 0.307319
-3.60416 2.20691e-16 1.44 0.490852 0.307319
-3.59922 0.188627 1.44 0.504832 0.307649
-3.80416 2.32938e-16 1.96 0.490604 0.237321
-3.59922 0.188627 1.44 0.504832 0.307649
-3.79895 0.199095 1.96 0.50588 0.237735
-3.80416 2.32938e-16 1.96 0.490604 0.237321
-3.80416 2.32938e-16 1.96 0.490604 0.237321
-3.79895 0.199095 1.96 0.50588 0.237735
-4.00416 2.45184e-16 2.56 0.490273 0.148468
-3.79895 0.199095 1.96 0.50588 0.237735
-3.99868 0.209562 2.56 0.507207 0.149003
-4.00416 2.45184e-16 2.56 0.490273 0.148468
-0.599178 -0.0314016 -0 0.482599 0.840409
-0.6 3.67394e-17 -0 0.4894 0.839613
-0.798904 -0.0418688 -0 0.48216 0.760591
-0.6 3.67394e-17 -0 0.4894 0.839613
-0.8 4.89859e-17 -0 0.489855 0.759853
-0.798904 -0.0418688 -0 0.48216 0.760591
-0.798904 -0.0418688 -0 0.48216 0.760591
-0.8 4.89859e-17 -0 0.489855 0.759853
-0.99863 -0.052336 -0 0.481836 0.701757
-0.8 4.89859e-17 -0 0.489855 0.759853
-1 6.12323e-17 -0 0.49019 0.701087
-0.99863 -0.052336 -0 0.481836 0.701757
-0.99863 -0.052336 -0 0.481836 0.701757
-1 6.12323e-17 -0 0.49019 0.701087
-1.19836 -0.0628031 -0 0.481587 0.656593
-1 6.12323e-17 -0 0.49019 0.701087
-1.2 7.34788e-17 -0 0.490447 0.65599
-1.19836 -0.0628031 -0 0.481587 0.656593
-1.19836 -0.0628031 -0 0.481587 0.656593
-1.2 7.34788e-17 -0 0.490447 0.65599
-1.39808 -0.0732703 -0 0.48139 0.620831
-1.2 7.34788e-17 -0 0.490447 0.65599
-1.4 8.57253e-17 -0 0.49065 0.620289
-1.39808 -0.0732703 -0 0.48139 0.620831
-1.39808 -0.0732703 -0 0.48139 0.620831
-1.4 8.57253e-17 -0 0.49065 0.620289
-1.59781 -0.0837375 -0 0.481231 0.591813
-1.4 8.57253e-17 -0 0.49065 0.620289
-1.6 9.79717e-17 -0 0.490815 0.591325
-1.59781 -0.0837375 -0 0.481231 0.591813
-1.59781 -0.0837375 -0 0.481231 0.591813
-1.6 9.79717e-17 -0 0.490815 0.591325
-1.79753 -0.0942047 -0 0.481099 0.567794
-1.6 9.79717e-17 -0 0.490815 0.591325
-1.8 1.10218e-16 -0 0.490952 0.567356
-1.79753 -0.0942047 -0 0.481099 0.567794
-1.79753 -0.0942047 -0 0.481099 0.567794
-1.8 1.10218e-16 -0 0.490952 0.567356
-1.99726 -0.104672 -0 0.480987 0.547585
-1.8 1.10218e-16 -0 0.490952 0.567356
-2 1.22465e-16 -0 0.491066 0.547191
-1.99726 -0.104672 -0 0.480987 0.547585
-1.99726 -0.104672 -0 0.480987 0.547585
-2 1.22465e-16 -0 0.491066 0.547191
-2.19699 -0.115139 -0 0.480892 0.530347
-2 1.22465e-16 -0 0.491066 0.547191
-2.2 1.34711e-16 -0 0.491164 0.529992
-2.19699 -0.115139 -0 0.480892 0.530347
-2.19699 -0.115139 -0 0.480892 0.530347
-2.2 1.34711e-16 -0 0.491164 0.529992
-2.60059 -0.136291 0.04 0.480632 0.498237
-2.2 1.34711e-16 -0 0.491164 0.529992
-2.60416 1.59459e-16 0.04 0.491301 0.49796
-2.60059 -0.136291 0.04 0.480632 0.498237
-2.60059 -0.136291 0.04 0.480632 0.498237
-2.60416 1.59459e-16 0.04 0.491301 0.49796
-2.80032 -0.146759 0.16 0.480268 0.47513
-2.60416 1.59459e-16 0.04 0.491301 0.49796
-2.80416 1.71705e-16 0.16 0.491301 0.474912
-2.80032 -0.146759 0.16 0.480268 0.47513
-2.80032 -0.146759 0.16 0.480268 0.47513
-2.80416 1.71705e-16 0.16 0.491301 0.474912
-3.00005 -0.157226 0.36 0.479722 0.445568
-2.80416 1.71705e-16 0.16 0.491301 0.474912
-3.00416 1.83952e-16 0.36 0.491257 0.44543
-3.00005 -0.157226 0.36 0.479722 0.445568
-3.00005 -0.157226 0.36 0.479722 0.445568
-3.00416 1.83952e-16 0.36 0.491257 0.44543
-3.19977 -0.167693 0.64 0.478984 0.408738
-3.00416 1.83952e-16 0.36 0.491257 0.44543
-3.20416 1.96198e-16 0.64 0.491169 0.408712
-3.19977 -0.167693 0.64 0.478984 0.408738
-3.19977 -0.167693 0.64 0.478984 0.408738
-3.20416 1.96198e-16 0.64 0.491169 0.408712
-3.3995 -0.17816 1 0.478027 0.363252
-3.20416 1.96198e-16 0.64 0.491169 0.408712
-3.40416 2.08445e-16 1 0.491037 0.363382
-3.3995 -0.17816 1 0.478027 0.363252
-3.3995 -0.17816 1 0.478027 0.363252
-3.40416 2.08445e-16 1 0.491037 0.363382
-3.59922 -0.188627 1.44 0.476805 0.30697
-3.40416 2.08445e-16 1 0.491037 0.363382
-3.60416 2.20691e-16 1.44 0.490852 0.307319
-3.59922 -0.188627 1.44 0.476805 0.30697
-3.59922 -0.188627 1.44 0.476805 0.30697
-3.60416 2.20691e-16 1.44 0.490852 0.307319
-3.79895 -0.199095 1.96 0.475247 0.236652
-3.60416 2.20691e-16 1.44 0.490852 0.307319
-3.80416 2.32938e-16 1.96 0.490604 0.237321
-3.79895 -0.199095 1.96 0.475247 0.236652
-3.79895 -0.199095 1.96 0.475247 0.236652
-3.80416 2.32938e-16 1.96 0.490604 0.237321
-3.99868 -0.209562 2.56 0.47324 0.147323
-3.80416 2.32938e-16 1.96 0.490604 0.237321
-4.00416 2.45184e-16 2.56 0.490273 0.148468
-3.99868 -0.209562 2.56 0.47324 0.147323
-0.596713 -0.0627171 -0 0.475767 0.841985
-0.599178 -0.0314016 -0 0.482599 0.840409
-0.795618 -0.0836228 -0 0.474424 0.762077
-0.599178 -0.0314016 -0 0.482599 0.840409
-0.798904 -0.0418688 -0 0.48216 0.760591
-0.795618 -0.0836228 -0 0.474424 0.762077
-0.795618 -0.0836228 -0 0.474424 0.762077
-0.798904 -0.0418688 -0 0.48216 0.760591
-0.994522 -0.104528 -0 0.473433 0.703133
-0.798904 -0.0418688 -0 0.48216 0.760591
-0.99863 -0.052336 -0 0.481836 0.701757
-0.994522 -0.104528 -0 0.473433 0.703133
-0.994522 -0.104528 -0 0.473433 0.703133
-0.99863 -0.052336 -0 0.481836 0.701757
-1.19343 -0.125434 -0 0.472672 0.65786
-0.99863 -0.052336 -0 0.481836 0.701757
-1.19836 -0.0628031 -0 0.481587 0.656593
-1.19343 -0.125434 -0 0.472672 0.65786
-1.19343 -0.125434 -0 0.472672 0.65786
-1.19836 -0.0628031 -0 0.481587 0.656593
-1.39233 -0.14634 -0 0.47207 0.621995
-1.19836 -0.0628031 -0 0.481587 0.656593
-1.39808 -0.0732703 -0 0.48139 0.620831
-1.39233 -0.14634 -0 0.47207 0.621995
-1.39233 -0.14634 -0 0.47207 0.621995
-1.39808 -0.0732703 -0 0.48139 0.620831
-1.59124 -0.167246 -0 0.47158 0.592883
-1.39808 -0.0732703 -0 0.48139 0.620831
-1.59781 -0.0837375 -0 0.481231 0.591813
-1.59124 -0.167246 -0 0.47158 0.592883
-1.59124 -0.167246 -0 0.47158 0.592883
-1.59781 -0.0837375 -0 0.481231 0.591813
-1.79014 -0.188151 -0 0.471175 0.568779
-1.59781 -0.0837375 -0 0.481231 0.591813
-1.79753 -0.0942047 -0 0.481099 0.567794
-1.79014 -0.188151 -0 0.471175 0.568779
-1.79014 -0.188151 -0 0.471175 0.568779
-1.79753 -0.0942047 -0 0.481099 0.567794
-1.98904 -0.209057 -0 0.470834 0.548495
-1.79753 -0.0942047 -0 0.481099 0.567794
-1.99726 -0.104672 -0 0.480987 0.547585
-1.98904 -0.209057 -0 0.470834 0.548495
-1.98904 -0.209057 -0 0.470834 0.548495
-1.99726 -0.104672 -0 0.480987 0.547585
-2.18795 -0.229963 -0 0.470544 0.531188
-1.99726 -0.104672 -0 0.480987 0.547585
-2.19699 -0.115139 -0 0.480892 0.530347
-2.18795 -0.229963 -0 0.470544 0.531188
-2.18795 -0.229963 -0 0.470544 0.531188
-2.19699 -0.115139 -0 0.480892 0.530347
-2.5899 -0.272209 0.04 0.46988 0.498945
-2.19699 -0.115139 -0 0.480892 0.530347
-2.60059 -0.136291 0.04 0.480632 0.498237
-2.5899 -0.272209 0.04 0.46988 0.498945
-2.5899 -0.272209 0.04 0.46988 0.498945
-2.60059 -0.136291 0.04 0.480632 0.498237
-2.7888 -0.293115 0.16 0.469145 0.475738
-2.60059 -0.136291 0.04 0.480632 0.498237
-2.80032 -0.146759 0.16 0.480268 0.47513
-2.7888 -0.293115 0.16 0.469145 0.475738
-2.7888 -0.293115 0.16 0.469145 0.475738
-2.80032 -0.146759 0.16 0.480268 0.47513
-2.98771 -0.314021 0.36 0.468087 0.446039
-2.80032 -0.146759 0.16 0.480268 0.47513
-3.00005 -0.157226 0.36 0.479722 0.445568
-2.98771 -0.314021 0.36 0.468087 0.446039
-2.98771 -0.314021 0.36 0.468087 0.446039
-3.00005 -0.157226 0.36 0.479722 0.445568
-3.18661 -0.334926 0.64 0.466684 0.409018
-3.00005 -0.157226 0.36 0.479722 0.445568
-3.19977 -0.167693 0.64 0.478984 0.408738
-3.18661 -0.334926 0.64 0.466684 0.409018
-3.18661 -0.334926 0.64 0.466684 0.409018
-3.19977 -0.167693 0.64 0.478984 0.408738
-3.38551 -0.355832 1 0.464884 0.363263
-3.19977 -0.167693 0.64 0.478984 0.408738
-3.3995 -0.17816 1 0.478027 0.363252
-3.38551 -0.355832 1 0.464884 0.363263
-3.38551 -0.355832 1 0.464884 0.363263
-3.3995 -0.17816 1 0.478027 0.363252
-3.58442 -0.376738 1.44 0.462601 0.306598
-3.3995 -0.17816 1 0.478027 0.363252
-3.59922 -0.188627 1.44 0.476805 0.30697
-3.58442 -0.376738 1.44 0.462601 0.306598
-3.58442 -0.376738 1.44 0.462601 0.306598
-3.59922 -0.188627 1.44 0.476805 0.30697
-3.78332 -0.397643 1.96 0.459698 0.23572
-3.59922 -0.188627 1.44 0.476805 0.30697
-3.79895 -0.199095 1.96 0.475247 0.236652
-3.78332 -0.397643 1.96 0.459698 0.23572
-3.78332 -0.397643 1.96 0.459698 0.23572
-3.79895 -0.199095 1.96 0.475247 0.236652
-3.98223 -0.418549 2.56 0.455964 0.145549
-3.79895 -0.199095 1.96 0.475247 0.236652
-3.99868 -0.209562 2.56 0.47324 0.147323
-3.98223 -0.418549 2.56 0.455964 0.145549
-0.592613 -0.0938607 -0 0.468893 0.844351
-0.596713 -0.0627171 -0 0.475767 0.841985
-0.790151 -0.125148 -0 0.46663 0.764326
-0.596713 -0.0627171 -0 0.475767 0.841985
-0.795618 -0.0836228 -0 0.474424 0.762077
-0.790151 -0.125148 -0 0.46663 0.764326
-0.790151 -0.125148 -0 0.46663 0.764326
-0.795618 -0.0836228 -0 0.474424 0.762077
-0.987688 -0.156434 -0 0.464959 0.70523
-0.795618 -0.0836228 -0 0.474424 0.762077
-0.994522 -0.104528 -0 0.473433 0.703133
-0.987688 -0.156434 -0 0.464959 0.70523
-0.987688 -0.156434 -0 0.464959 0.70523
-0.994522 -0.104528 -0 0.473433 0.703133
-1.18523 -0.187721 -0 0.463675 0.659802
-0.994522 -0.104528 -0 0.473433 0.703133
-1.19343 -0.125434 -0 0.472672 0.65786
-1.18523 -0.187721 -0 0.463675 0.659802
-1.18523 -0.187721 -0 0.463675 0.659802
-1.19343 -0.125434 -0 0.472672 0.65786
-1.38276 -0.219008 -0 0.462657 0.623792
-1.19343 -0.125434 -0 0.472672 0.65786
-1.39233 -0.14634 -0 0.47207 0.621995
-1.38276 -0.219008 -0 0.462657 0.623792
-1.38276 -0.219008 -0 0.462657 0.623792
-1.39233 -0.14634 -0 0.47207 0.621995
-1.5803 -0.250295 -0 0.46183 0.594547
-1.39233 -0.14634 -0 0.47207 0.621995
-1.59124 -0.167246 -0 0.47158 0.592883
-1.5803 -0.250295 -0 0.46183 0.594547
-1.5803 -0.250295 -0 0.46183 0.594547
-1.59124 -0.167246 -0 0.47158 0.592883
-1.77784 -0.281582 -0 0.461145 0.570323
-1.59124 -0.167246 -0 0.47158 0.592883
-1.79014 -0.188151 -0 0.471175 0.568779
-1.77784 -0.281582 -0 0.461145 0.570323
-1.77784 -0.281582 -0 0.461145 0.570323
-1.79014 -0.188151 -0 0.471175 0.568779
-1.97538 -0.312869 -0 0.460568 0.549931
-1.79014 -0.188151 -0 0.471175 0.568779
-1.98904 -0.209057 -0 0.470834 0.548495
-1.97538 -0.312869 -0 0.460568 0.549931
-1.97538 -0.312869 -0 0.460568 0.549931
-1.98904 -0.209057 -0 0.470834 0.548495
-2.17291 -0.344156 -0 0.460076 0.532526
-1.98904 -0.209057 -0 0.470834 0.548495
-2.18795 -0.229963 -0 0.470544 0.531188
-2.17291 -0.344156 -0 0.460076 0.532526
-2.17291 -0.344156 -0 0.460076 0.532526
-2.18795 -0.229963 -0 0.470544 0.531188
-2.5721 -0.407381 0.04 0.458998 0.500093
-2.18795 -0.229963 -0 0.470544 0.531188
-2.5899 -0.272209 0.04 0.46988 0.498945
-2.5721 -0.407381 0.04 0.458998 0.500093
-2.5721 -0.407381 0.04 0.458998 0.500093
-2.5899 -0.272209 0.04 0.46988 0.498945
-2.76964 -0.438668 0.16 0.45788 0.476745
-2.5899 -0.272209 0.04 0.46988 0.498945
-2.7888 -0.293115 0.16 0.469145 0.475738
-2.76964 -0.438668 0.16 0.45788 0.476745
-2.76964 -0.438668 0.16 0.45788 0.476745
-2.7888 -0.293115 0.16 0.469145 0.475738
-2.96718 -0.469955 0.36 0.456295 0.44685
-2.7888 -0.293115 0.16 0.469145 0.475738
-2.98771 -0.314021 0.36 0.468087 0.446039
-2.96718 -0.469955 0.36 0.456295 0.44685
-2.96718 -0.469955 0.36 0.456295 0.44685
-2.98771 -0.314021 0.36 0.468087 0.446039
-3.16471 -0.501242 0.64 0.454205 0.409557
-2.98771 -0.314021 0.36 0.468087 0.446039
-3.18661 -0.334926 0.64 0.466684 0.409018
-3.16471 -0.501242 0.64 0.454205 0.409557
-3.16471 -0.501242 0.64 0.454205 0.409557
-3.18661 -0.334926 0.64 0.466684 0.409018
-3.36225 -0.532528 1 0.451531 0.363418
-3.18661 -0.334926 0.64 0.466684 0.409018
-3.38551 -0.355832 1 0.464884 0.363263
-3.36225 -0.532528 1 0.451531 0.363418
-3.36225 -0.532528 1 0.451531 0.363418
-3.38551 -0.355832 1 0.464884 0.363263
-3.55979 -0.563815 1.44 0.448144 0.306201
-3.38551 -0.355832 1 0.464884 0.363263
-3.58442 -0.376738 1.44 0.462601 0.306598
-3.55979 -0.563815 1.44 0.448144 0.306201
-3.55979 -0.563815 1.44 0.448144 0.306201
-3.58442 -0.376738 1.44 0.462601 0.306598
-3.75733 -0.595102 1.96 0.443838 0.234513
-3.58442 -0.376738 1.44 0.462601 0.306598
-3.78332 -0.397643 1.96 0.459698 0.23572
-3.75733 -0.595102 1.96 0.443838 0.234513
-3.75733 -0.595102 1.96 0.443838 0.234513
-3.78332 -0.397643 1.96 0.459698 0.23572
-3.95487 -0.626389 2.56 0.438293 0.143115
-3.78332 -0.397643 1.96 0.459698 0.23572
-3.98223 -0.418549 2.56 0.455964 0.145549
-3.95487 -0.626389 2.56 0.438293 0.143115
-0.586889 -0.124747 -0 0.461965 0.847524
-0.592613 -0.0938607 -0 0.468893 0.844351
-0.782518 -0.166329 -0 0.45876 0.767353
-0.592613 -0.0938607 -0 0.468893 0.844351
-0.790151 -0.125148 -0 0.46663 0.764326
-0.782518 -0.166329 -0 0.45876 0.767353
-0.782518 -0.166329 -0 0.45876 0.767353
-0.790151 -0.125148 -0 0.46663 0.764326
-0.978148 -0.207912 -0 0.456389 0.708064
-0.790151 -0.125148 -0 0.46663 0.764326
-0.987688 -0.156434 -0 0.464959 0.70523
-0.978148 -0.207912 -0 0.456389 0.708064
-0.978148 -0.207912 -0 0.456389 0.708064
-0.987688 -0.156434 -0 0.464959 0.70523
-1.17378 -0.249494 -0 0.454565 0.662439
-0.987688 -0.156434 -0 0.464959 0.70523
-1.18523 -0.187721 -0 0.463675 0.659802
-1.17378 -0.249494 -0 0.454565 0.662439
-1.17378 -0.249494 -0 0.454565 0.662439
-1.18523 -0.187721 -0 0.463675 0.659802
-1.36941 -0.291076 -0 0.453118 0.626241
-1.18523 -0.187721 -0 0.463675 0.659802
-1.38276 -0.219008 -0 0.462657 0.623792
-1.36941 -0.291076 -0 0.453118 0.626241
-1.36941 -0.291076 -0 0.453118 0.626241
-1.38276 -0.219008 -0 0.462657 0.623792
-1.56504 -0.332659 -0 0.451942 0.596824
-1.38276 -0.219008 -0 0.462657 0.623792
-1.5803 -0.250295 -0 0.46183 0.594547
-1.56504 -0.332659 -0 0.451942 0.596824
-1.56504 -0.332659 -0 0.451942 0.596824
-1.5803 -0.250295 -0 0.46183 0.594547
-1.76067 -0.374241 -0 0.450968 0.572444
-1.5803 -0.250295 -0 0.46183 0.594547
-1.77784 -0.281582 -0 0.461145 0.570323
-1.76067 -0.374241 -0 0.450968 0.572444
-1.76067 -0.374241 -0 0.450968 0.572444
-1.77784 -0.281582 -0 0.461145 0.570323
-1.9563 -0.415823 -0 0.450147 0.55191
-1.77784 -0.281582 -0 0.461145 0.570323
-1.97538 -0.312869 -0 0.460568 0.549931
-1.9563 -0.415823 -0 0.450147 0.55191
-1.9563 -0.415823 -0 0.450147 0.55191
-1.97538 -0.312869 -0 0.460568 0.549931
-2.15192 -0.457406 -0 0.449446 0.534378
-1.97538 -0.312869 -0 0.460568 0.549931
-2.17291 -0.344156 -0 0.460076 0.532526
-2.15192 -0.457406 -0 0.449446 0.534378
-2.15192 -0.457406 -0 0.449446 0.534378
-2.17291 -0.344156 -0 0.460076 0.532526
-2.54726 -0.541436 0.04 0.447937 0.501696
-2.17291 -0.344156 -0 0.460076 0.532526
-2.5721 -0.407381 0.04 0.458998 0.500093
-2.54726 -0.541436 0.04 0.447937 0.501696
-2.54726 -0.541436 0.04 0.447937 0.501696
-2.5721 -0.407381 0.04 0.458998 0.500093
-2.74289 -0.583018 0.16 0.446421 0.478165
-2.5721 -0.407381 0.04 0.458998 0.500093
-2.76964 -0.438668 0.16 0.45788 0.476745
-2.74289 -0.583018 0.16 0.446421 0.478165
-2.74289 -0.583018 0.16 0.446421 0.478165
-2.76964 -0.438668 0.16 0.45788 0.476745
-2.93851 -0.624601 0.36 0.444285 0.448014
-2.76964 -0.438668 0.16 0.45788 0.476745
-2.96718 -0.469955 0.36 0.456295 0.44685
-2.93851 -0.624601 0.36 0.444285 0.448014
-2.93851 -0.624601 0.36 0.444285 0.448014
-2.96718 -0.469955 0.36 0.456295 0.44685
-3.13414 -0.666183 0.64 0.441476 0.410364
-2.96718 -0.469955 0.36 0.456295 0.44685
-3.16471 -0.501242 0.64 0.454205 0.409557
-3.13414 -0.666183 0.64 0.441476 0.410364
-3.13414 -0.666183 0.64 0.441476 0.410364
-3.16471 -0.501242 0.64 0.454205 0.409557
-3.32977 -0.707765 1 0.437885 0.363721
-3.16471 -0.501242 0.64 0.454205 0.409557
-3.36225 -0.532528 1 0.451531 0.363418
-3.32977 -0.707765 1 0.437885 0.363721
-3.32977 -0.707765 1 0.437885 0.363721
-3.36225 -0.532528 1 0.451531 0.363418
-3.5254 -0.749348 1.44 0.433334 0.305776
-3.36225 -0.532528 1 0.451531 0.363418
-3.55979 -0.563815 1.44 0.448144 0.306201
-3.5254 -0.749348 1.44 0.433334 0.305776
-3.5254 -0.749348 1.44 0.433334 0.305776
-3.55979 -0.563815 1.44 0.448144 0.306201
-3.72103 -0.79093 1.96 0.427541 0.233013
-3.55979 -0.563815 1.44 0.448144 0.306201
-3.75733 -0.595102 1.96 0.443838 0.234513
-3.72103 -0.79093 1.96 0.427541 0.233013
-3.72103 -0.79093 1.96 0.427541 0.233013
-3.75733 -0.595102 1.96 0.443838 0.234513
-3.91666 -0.832512 2.56 0.420063 0.139978
-3.75733 -0.595102 1.96 0.443838 0.234513
-3.95487 -0.626389 2.56 0.438293 0.143115
-3.91666 -0.832512 2.56 0.420063 0.139978
-0.579556 -0.155291 -0 0.45497 0.851522
-0.586889 -0.124747 -0 0.461965 0.847524
-0.772741 -0.207055 -0 0.450793 0.771182
-0.586889 -0.124747 -0 0.461965 0.847524
-0.782518 -0.166329 -0 0.45876 0.767353
-0.772741 -0.207055 -0 0.450793 0.771182
-0.772741 -0.207055 -0 0.450793 0.771182
-0.782518 -0.166329 -0 0.45876 0.767353
-0.965926 -0.258819 -0 0.447699 0.711661
-0.782518 -0.166329 -0 0.45876 0.767353
-0.978148 -0.207912 -0 0.456389 0.708064
-0.965926 -0.258819 -0 0.447699 0.711661
-0.965926 -0.258819 -0 0.447699 0.711661
-0.978148 -0.207912 -0 0.456389 0.708064
-1.15911 -0.310583 -0 0.445314 0.665795
-0.978148 -0.207912 -0 0.456389 0.708064
-1.17378 -0.249494 -0 0.454565 0.662439
-1.15911 -0.310583 -0 0.445314 0.665795
-1.15911 -0.310583 -0 0.445314 0.665795
-1.17378 -0.249494 -0 0.454565 0.662439
-1.3523 -0.362347 -0 0.443421 0.629367
-1.17378 -0.249494 -0 0.454565 0.662439
-1.36941 -0.291076 -0 0.453118 0.626241
-1.3523 -0.362347 -0 0.443421 0.629367
-1.3523 -0.362347 -0 0.443421 0.629367
-1.36941 -0.291076 -0 0.453118 0.626241
-1.54548 -0.41411 -0 0.44188 0.599737
-1.36941 -0.291076 -0 0.453118 0.626241
-1.56504 -0.332659 -0 0.451942 0.596824
-1.54548 -0.41411 -0 0.44188 0.599737
-1.54548 -0.41411 -0 0.44188 0.599737
-1.56504 -0.332659 -0 0.451942 0.596824
-1.73867 -0.465874 -0 0.440603 0.575164
-1.56504 -0.332659 -0 0.451942 0.596824
-1.76067 -0.374241 -0 0.450968 0.572444
-1.73867 -0.465874 -0 0.440603 0.575164
-1.73867 -0.465874 -0 0.440603 0.575164
-1.76067 -0.374241 -0 0.450968 0.572444
-1.93185 -0.517638 -0 0.439526 0.554455
-1.76067 -0.374241 -0 0.450968 0.572444
-1.9563 -0.415823 -0 0.450147 0.55191
-1.93185 -0.517638 -0 0.439526 0.554455
-1.93185 -0.517638 -0 0.439526 0.554455
-1.9563 -0.415823 -0 0.450147 0.55191
-2.12504 -0.569402 -0 0.438606 0.536766
-1.9563 -0.415823 -0 0.450147 0.55191
-2.15192 -0.457406 -0 0.449446 0.534378
-2.12504 -0.569402 -0 0.438606 0.536766
-2.12504 -0.569402 -0 0.438606 0.536766
-2.15192 -0.457406 -0 0.449446 0.534378
-2.51543 -0.674007 0.04 0.436645 0.503775
-2.15192 -0.457406 -0 0.449446 0.534378
-2.54726 -0.541436 0.04 0.447937 0.501696
-2.51543 -0.674007 0.04 0.436645 0.503775
-2.51543 -0.674007 0.04 0.436645 0.503775
-2.54726 -0.541436 0.04 0.447937 0.501696
-2.70861 -0.725771 0.16 0.43471 0.480016
-2.54726 -0.541436 0.04 0.447937 0.501696
-2.74289 -0.583018 0.16 0.446421 0.478165
-2.70861 -0.725771 0.16 0.43471 0.480016
-2.70861 -0.725771 0.16 0.43471 0.480016
-2.74289 -0.583018 0.16 0.446421 0.478165
-2.9018 -0.777535 0.36 0.431992 0.449549
-2.74289 -0.583018 0.16 0.446421 0.478165
-2.93851 -0.624601 0.36 0.444285 0.448014
-2.9018 -0.777535 0.36 0.431992 0.449549
-2.9018 -0.777535 0.36 0.431992 0.449549
-2.93851 -0.624601 0.36 0.444285 0.448014
-3.09498 -0.829298 0.64 0.428422 0.411455
-2.93851 -0.624601 0.36 0.444285 0.448014
-3.13414 -0.666183 0.64 0.441476 0.410364
-3.09498 -0.829298 0.64 0.428422 0.411455
-3.09498 -0.829298 0.64 0.428422 0.411455
-3.13414 -0.666183 0.64 0.441476 0.410364
-3.28817 -0.881062 1 0.423856 0.364179
-3.13414 -0.666183 0.64 0.441476 0.410364
-3.32977 -0.707765 1 0.437885 0.363721
-3.28817 -0.881062 1 0.423856 0.364179
-3.28817 -0.881062 1 0.423856 0.364179
-3.32977 -0.707765 1 0.437885 0.363721
-3.48135 -0.932826 1.44 0.418059 0.305318
-3.32977 -0.707765 1 0.437885 0.363721
-3.5254 -0.749348 1.44 0.433334 0.305776
-3.48135 -0.932826 1.44 0.418059 0.305318
-3.48135 -0.932826 1.44 0.418059 0.305318
-3.5254 -0.749348 1.44 0.433334 0.305776
-3.67454 -0.98459 1.96 0.410665 0.231196
-3.5254 -0.749348 1.44 0.433334 0.305776
-3.72103 -0.79093 1.96 0.427541 0.233013
-3.67454 -0.98459 1.96 0.410665 0.231196
-3.67454 -0.98459 1.96 0.410665 0.231196
-3.72103 -0.79093 1.96 0.427541 0.233013
-3.86772 -1.03635 2.56 0.401089 0.136075
-3.72103 -0.79093 1.96 0.427541 0.233013
-3.91666 -0.832512 2.56 0.420063 0.139978
-3.86772 -1.03635 2.56 0.401089 0.136075
-0.570634 -0.18541 -0 0.447896 0.856372
-0.579556 -0.155291 -0 0.45497 0.851522
-0.760845 -0.247214 -0 0.442711 0.775844
-0.579556 -0.155291 -0 0.45497 0.851522
-0.772741 -0.207055 -0 0.450793 0.771182
-0.760845 -0.247214 -0 0.442711 0.775844
-0.760845 -0.247214 -0 0.442711 0.775844
-0.772741 -0.207055 -0 0.450793 0.771182
-0.951057 -0.309017 -0 0.438861 0.716053
-0.772741 -0.207055 -0 0.450793 0.771182
-0.965926 -0.258819 -0 0.447699 0.711661
-0.951057 -0.309017 -0 0.438861 0.716053
-0.951057 -0.309017 -0 0.438861 0.716053
-0.965926 -0.258819 -0 0.447699 0.711661
-1.14127 -0.37082 -0 0.43589 0.669902
-0.965926 -0.258819 -0 0.447699 0.711661
-1.15911 -0.310583 -0 0.445314 0.665795
-1.14127 -0.37082 -0 0.43589 0.669902
-1.14127 -0.37082 -0 0.43589 0.669902
-1.15911 -0.310583 -0 0.445314 0.665795
-1.33148 -0.432624 -0 0.433527 0.633202
-1.15911 -0.310583 -0 0.445314 0.665795
-1.3523 -0.362347 -0 0.443421 0.629367
-1.33148 -0.432624 -0 0.433527 0.633202
-1.33148 -0.432624 -0 0.433527 0.633202
-1.3523 -0.362347 -0 0.443421 0.629367
-1.52169 -0.494427 -0 0.431603 0.603319
-1.3523 -0.362347 -0 0.443421 0.629367
-1.54548 -0.41411 -0 0.44188 0.599737
-1.52169 -0.494427 -0 0.431603 0.603319
-1.52169 -0.494427 -0 0.431603 0.603319
-1.54548 -0.41411 -0 0.44188 0.599737
-1.7119 -0.556231 -0 0.430006 0.578515
-1.54548 -0.41411 -0 0.44188 0.599737
-1.73867 -0.465874 -0 0.440603 0.575164
-1.7119 -0.556231 -0 0.430006 0.578515
-1.7119 -0.556231 -0 0.430006 0.578515
-1.73867 -0.465874 -0 0.440603 0.575164
-1.90211 -0.618034 -0 0.428659 0.557597
-1.73867 -0.465874 -0 0.440603 0.575164
-1.93185 -0.517638 -0 0.439526 0.554455
-1.90211 -0.618034 -0 0.428659 0.557597
-1.90211 -0.618034 -0 0.428659 0.557597
-1.93185 -0.517638 -0 0.439526 0.554455
-2.09232 -0.679837 -0 0.427507 0.539718
-1.93185 -0.517638 -0 0.439526 0.554455
-2.12504 -0.569402 -0 0.438606 0.536766
-2.09232 -0.679837 -0 0.427507 0.539718
-2.09232 -0.679837 -0 0.427507 0.539718
-2.12504 -0.569402 -0 0.438606 0.536766
-2.47671 -0.804731 0.04 0.425067 0.506356
-2.12504 -0.569402 -0 0.438606 0.536766
-2.51543 -0.674007 0.04 0.436645 0.503775
-2.47671 -0.804731 0.04 0.425067 0.506356
-2.47671 -0.804731 0.04 0.425067 0.506356
-2.51543 -0.674007 0.04 0.436645 0.503775
-2.66692 -0.866534 0.16 0.422686 0.482324
-2.51543 -0.674007 0.04 0.436645 0.503775
-2.70861 -0.725771 0.16 0.43471 0.480016
-2.66692 -0.866534 0.16 0.422686 0.482324
-2.66692 -0.866534 0.16 0.422686 0.482324
-2.70861 -0.725771 0.16 0.43471 0.480016
-2.85713 -0.928337 0.36 0.419347 0.451476
-2.70861 -0.725771 0.16 0.43471 0.480016
-2.9018 -0.777535 0.36 0.431992 0.449549
-2.85713 -0.928337 0.36 0.419347 0.451476
-2.85713 -0.928337 0.36 0.419347 0.451476
-2.9018 -0.777535 0.36 0.431992 0.449549
-3.04734 -0.990141 0.64 0.41496 0.412845
-2.9018 -0.777535 0.36 0.431992 0.449549
-3.09498 -0.829298 0.64 0.428422 0.411455
-3.04734 -0.990141 0.64 0.41496 0.412845
-3.04734 -0.990141 0.64 0.41496 0.412845
-3.09498 -0.829298 0.64 0.428422 0.411455
-3.23755 -1.05194 1 0.409343 0.364803
-3.09498 -0.829298 0.64 0.428422 0.411455
-3.28817 -0.881062 1 0.423856 0.364179
-3.23755 -1.05194 1 0.409343 0.364803
-3.23755 -1.05194 1 0.409343 0.364803
-3.28817 -0.881062 1 0.423856 0.364179
-3.42776 -1.11375 1.44 0.402197 0.304824
-3.28817 -0.881062 1 0.423856 0.364179
-3.48135 -0.932826 1.44 0.418059 0.305318
-3.42776 -1.11375 1.44 0.402197 0.304824
-3.42776 -1.11375 1.44 0.402197 0.304824
-3.48135 -0.932826 1.44 0.418059 0.305318
-3.61797 -1.17555 1.96 0.393052 0.22903
-3.48135 -0.932826 1.44 0.418059 0.305318
-3.67454 -0.98459 1.96 0.410665 0.231196
-3.61797 -1.17555 1.96 0.393052 0.22903
-3.61797 -1.17555 1.96 0.393052 0.22903
-3.67454 -0.98459 1.96 0.410665 0.231196
-3.80819 -1.23735 2.56 0.381161 0.131325
-3.67454 -0.98459 1.96 0.410665 0.231196
-3.86772 -1.03635 2.56 0.401089 0.136075
-3.80819 -1.23735 2.56 0.381161 0.131325
-0.560148 -0.215021 -0 0.440729 0.862105
-0.570634 -0.18541 -0 0.447896 0.856372
-0.746864 -0.286694 -0 0.434492 0.781375
-0.570634 -0.18541 -0 0.447896 0.856372
-0.760845 -0.247214 -0 0.442711 0.775844
-0.746864 -0.286694 -0 0.434492 0.781375
-0.746864 -0.286694 -0 0.434492 0.781375
-0.760845 -0.247214 -0 0.442711 0.775844
-0.93358 -0.358368 -0 0.429848 0.721279
-0.760845 -0.247214 -0 0.442711 0.775844
-0.951057 -0.309017 -0 0.438861 0.716053
-0.93358 -0.358368 -0 0.429848 0.721279
-0.93358 -0.358368 -0 0.429848 0.721279
-0.951057 -0.309017 -0 0.438861 0.716053
-1.1203 -0.430042 -0 0.426257 0.674802
-0.951057 -0.309017 -0 0.438861 0.716053
-1.14127 -0.37082 -0 0.43589 0.669902
-1.1203 -0.430042 -0 0.426257 0.674802
-1.1203 -0.430042 -0 0.426257 0.674802
-1.14127 -0.37082 -0 0.43589 0.669902
-1.30701 -0.501715 -0 0.423397 0.637786
-1.14127 -0.37082 -0 0.43589 0.669902
-1.33148 -0.432624 -0 0.433527 0.633202
-1.30701 -0.501715 -0 0.423397 0.637786
-1.30701 -0.501715 -0 0.423397 0.637786
-1.33148 -0.432624 -0 0.433527 0.633202
-1.49373 -0.573389 -0 0.421065 0.607609
-1.33148 -0.432624 -0 0.433527 0.633202
-1.52169 -0.494427 -0 0.431603 0.603319
-1.49373 -0.573389 -0 0.421065 0.607609
-1.49373 -0.573389 -0 0.421065 0.607609
-1.52169 -0.494427 -0 0.431603 0.603319
-1.68044 -0.645062 -0 0.419128 0.582535
-1.52169 -0.494427 -0 0.431603 0.603319
-1.7119 -0.556231 -0 0.430006 0.578515
-1.68044 -0.645062 -0 0.419128 0.582535
-1.68044 -0.645062 -0 0.419128 0.582535
-1.7119 -0.556231 -0 0.430006 0.578515
-1.86716 -0.716736 -0 0.417493 0.561372
-1.7119 -0.556231 -0 0.430006 0.578515
-1.90211 -0.618034 -0 0.428659 0.557597
-1.86716 -0.716736 -0 0.417493 0.561372
-1.86716 -0.716736 -0 0.417493 0.561372
-1.90211 -0.618034 -0 0.428659 0.557597
-2.05388 -0.788409 -0 0.416094 0.543271
-1.90211 -0.618034 -0 0.428659 0.557597
-2.09232 -0.679837 -0 0.427507 0.539718
-2.05388 -0.788409 -0 0.416094 0.543271
-2.05388 -0.788409 -0 0.416094 0.543271
-2.09232 -0.679837 -0 0.427507 0.539718
-2.4312 -0.933249 0.04 0.413139 0.509474
-2.09232 -0.679837 -0 0.427507 0.539718
-2.47671 -0.804731 0.04 0.425067 0.506356
-2.4312 -0.933249 0.04 0.413139 0.509474
-2.4312 -0.933249 0.04 0.413139 0.509474
-2.47671 -0.804731 0.04 0.425067 0.506356
-2.61791 -1.00492 0.16 0.410279 0.485121
-2.47671 -0.804731 0.04 0.425067 0.506356
-2.66692 -0.866534 0.16 0.422686 0.482324
-2.61791 -1.00492 0.16 0.410279 0.485121
-2.61791 -1.00492 0.16 0.410279 0.485121
-2.66692 -0.866534 0.16 0.422686 0.482324
-2.80463 -1.0766 0.36 0.40627 0.453824
-2.66692 -0.866534 0.16 0.422686 0.482324
-2.85713 -0.928337 0.36 0.419347 0.451476
-2.80463 -1.0766 0.36 0.40627 0.453824
-2.80463 -1.0766 0.36 0.40627 0.453824
-2.85713 -0.928337 0.36 0.419347 0.451476
-2.99134 -1.14827 0.64 0.400998 0.414559
-2.85713 -0.928337 0.36 0.419347 0.451476
-3.04734 -0.990141 0.64 0.41496 0.412845
-2.99134 -1.14827 0.64 0.400998 0.414559
-2.99134 -1.14827 0.64 0.400998 0.414559
-3.04734 -0.990141 0.64 0.41496 0.412845
-3.17806 -1.21994 1 0.394235 0.365605
-3.04734 -0.990141 0.64 0.41496 0.412845
-3.23755 -1.05194 1 0.409343 0.364803
-3.17806 -1.21994 1 0.394235 0.365605
-3.17806 -1.21994 1 0.394235 0.365605
-3.23755 -1.05194 1 0.409343 0.364803
-3.36478 -1.29162 1.44 0.385606 0.304287
-3.23755 -1.05194 1 0.409343 0.364803
-3.42776 -1.11375 1.44 0.402197 0.304824
-3.36478 -1.29162 1.44 0.385606 0.304287
-3.36478 -1.29162 1.44 0.385606 0.304287
-3.42776 -1.11375 1.44 0.402197 0.304824
-3.55149 -1.36329 1.96 0.37452 0.226475
-3.42776 -1.11375 1.44 0.402197 0.304824
-3.61797 -1.17555 1.96 0.393052 0.22903
-3.55149 -1.36329 1.96 0.37452 0.226475
-3.55149 -1.36329 1.96 0.37452 0.226475
-3.61797 -1.17555 1.96 0.393052 0.22903
-3.73821 -1.43496 2.56 0.360029 0.125622
-3.61797 -1.17555 1.96 0.393052 0.22903
-3.80819 -1.23735 2.56 0.381161 0.131325
-3.73821 -1.43496 2.56 0.360029 0.125622
-0.548127 -0.244042 -0 0.433456 0.868761
-0.560148 -0.215021 -0 0.440729 0.862105
-0.730836 -0.325389 -0 0.426112 0.78782
-0.560148 -0.215021 -0 0.440729 0.862105
-0.746864 -0.286694 -0 0.434492 0.781375
-0.730836 -0.325389 -0 0.426112 0.78782
-0.730836 -0.325389 -0 0.426112 0.78782
-0.746864 -0.286694 -0 0.434492 0.781375
-0.913545 -0.406737 -0 0.420629 0.727386
-0.746864 -0.286694 -0 0.434492 0.781375
-0.93358 -0.358368 -0 0.429848 0.721279
-0.913545 -0.406737 -0 0.420629 0.727386
-0.913545 -0.406737 -0 0.420629 0.727386
-0.93358 -0.358368 -0 0.429848 0.721279
-1.09625 -0.488084 -0 0.416379 0.680542
-0.93358 -0.358368 -0 0.429848 0.721279
-1.1203 -0.430042 -0 0.426257 0.674802
-1.09625 -0.488084 -0 0.416379 0.680542
-1.09625 -0.488084 -0 0.416379 0.680542
-1.1203 -0.430042 -0 0.426257 0.674802
-1.27896 -0.569431 -0 0.412988 0.643167
-1.1203 -0.430042 -0 0.426257 0.674802
-1.30701 -0.501715 -0 0.423397 0.637786
-1.27896 -0.569431 -0 0.412988 0.643167
-1.27896 -0.569431 -0 0.412988 0.643167
-1.30701 -0.501715 -0 0.423397 0.637786
-1.46167 -0.650779 -0 0.41022 0.612654
-1.30701 -0.501715 -0 0.423397 0.637786
-1.49373 -0.573389 -0 0.421065 0.607609
-1.46167 -0.650779 -0 0.41022 0.612654
-1.46167 -0.650779 -0 0.41022 0.612654
-1.49373 -0.573389 -0 0.421065 0.607609
-1.64438 -0.732126 -0 0.407917 0.587272
-1.49373 -0.573389 -0 0.421065 0.607609
-1.68044 -0.645062 -0 0.419128 0.582535
-1.64438 -0.732126 -0 0.407917 0.587272
-1.64438 -0.732126 -0 0.407917 0.587272
-1.68044 -0.645062 -0 0.419128 0.582535
-1.82709 -0.813473 -0 0.405971 0.565827
-1.68044 -0.645062 -0 0.419128 0.582535
-1.86716 -0.716736 -0 0.417493 0.561372
-1.82709 -0.813473 -0 0.405971 0.565827
-1.82709 -0.813473 -0 0.405971 0.565827
-1.86716 -0.716736 -0 0.417493 0.561372
-2.0098 -0.894821 -0 0.404305 0.547469
-1.86716 -0.716736 -0 0.417493 0.561372
-2.05388 -0.788409 -0 0.416094 0.543271
-2.0098 -0.894821 -0 0.404305 0.547469
-2.0098 -0.894821 -0 0.404305 0.547469
-2.05388 -0.788409 -0 0.416094 0.543271
-2.37902 -1.05921 0.04 0.400794 0.513169
-2.05388 -0.788409 -0 0.416094 0.543271
-2.4312 -0.933249 0.04 0.413139 0.509474
-2.37902 -1.05921 0.04 0.400794 0.513169
-2.37902 -1.05921 0.04 0.400794 0.513169
-2.4312 -0.933249 0.04 0.413139 0.509474
-2.56173 -1.14056 0.16 0.397413 0.488446
-2.4312 -0.933249 0.04 0.413139 0.509474
-2.61791 -1.00492 0.16 0.410279 0.485121
-2.56173 -1.14056 0.16 0.397413 0.488446
-2.56173 -1.14056 0.16 0.397413 0.488446
-2.61791 -1.00492 0.16 0.410279 0.485121
-2.74444 -1.2219 0.36 0.392674 0.45663
-2.61791 -1.00492 0.16 0.410279 0.485121
-2.80463 -1.0766 0.36 0.40627 0.453824
-2.74444 -1.2219 0.36 0.392674 0.45663
-2.74444 -1.2219 0.36 0.392674 0.45663
-2.80463 -1.0766 0.36 0.40627 0.453824
-2.92715 -1.30325 0.64 0.386431 0.416625
-2.80463 -1.0766 0.36 0.40627 0.453824
-2.99134 -1.14827 0.64 0.400998 0.414559
-2.92715 -1.30325 0.64 0.386431 0.416625
-2.92715 -1.30325 0.64 0.386431 0.416625
-2.99134 -1.14827 0.64 0.400998 0.414559
-3.10986 -1.3846 1 0.378403 0.366602
-2.99134 -1.14827 0.64 0.400998 0.414559
-3.17806 -1.21994 1 0.394235 0.365605
-3.10986 -1.3846 1 0.378403 0.366602
-3.10986 -1.3846 1 0.378403 0.366602
-3.17806 -1.21994 1 0.394235 0.365605
-3.29257 -1.46595 1.44 0.368124 0.303702
-3.17806 -1.21994 1 0.394235 0.365605
-3.36478 -1.29162 1.44 0.385606 0.304287
-3.29257 -1.46595 1.44 0.368124 0.303702
-3.29257 -1.46595 1.44 0.368124 0.303702
-3.36478 -1.29162 1.44 0.385606 0.304287
-3.47528 -1.54729 1.96 0.354853 0.223482
-3.36478 -1.29162 1.44 0.385606 0.304287
-3.55149 -1.36329 1.96 0.37452 0.226475
-3.47528 -1.54729 1.96 0.354853 0.223482
-3.47528 -1.54729 1.96 0.354853 0.223482
-3.55149 -1.36329 1.96 0.37452 0.226475
-3.65798 -1.62864 2.56 0.337397 0.118829
-3.55149 -1.36329 1.96 0.37452 0.226475
-3.73821 -1.43496 2.56 0.360029 0.125622
-3.65798 -1.62864 2.56 0.337397 0.118829
-2.92715 -1.30325 0.64 0.386431 0.416625
-3.10986 -1.3846 1 0.378403 0.366602
-3.03313 -1.54546 1 0.361697 0.367814
-3.03313 -1.54546 1 0.361697 0.367814
-3.10986 -1.3846 1 0.378403 0.366602
-3.21133 -1.63626 1.44 0.349556 0.303059
-3.10986 -1.3846 1 0.378403 0.366602
-3.29257 -1.46595 1.44 0.368124 0.303702
-3.21133 -1.63626 1.44 0.349556 0.303059
-3.21133 -1.63626 1.44 0.349556 0.303059
-3.29257 -1.46595 1.44 0.368124 0.303702
-3.38953 -1.72705 1.96 0.333792 0.219985
-3.29257 -1.46595 1.44 0.368124 0.303702
-3.47528 -1.54729 1.96 0.354853 0.223482
-3.38953 -1.72705 1.96 0.333792 0.219985
-3.38953 -1.72705 1.96 0.333792 0.219985
-3.47528 -1.54729 1.96 0.354853 0.223482
-3.56774 -1.81785 2.56 0.312898 0.110769
-3.47528 -1.54729 1.96 0.354853 0.223482
-3.65798 -1.62864 2.56 0.337397 0.118829
-3.56774 -1.81785 2.56 0.312898 0.110769
