0.34102 -0.193185 -0 0.563052 0.996221
0.34102 -0.19563 -0 0.563733 0.996176
0.34102 -0.38637 -0 0.616807 0.992697
0.34102 -0.19563 -0 0.563733 0.996176
0.34102 -0.391259 -0 0.618165 0.992607
0.34102 -0.38637 -0 0.616807 0.992697
0.34102 -0.38637 -0 0.616807 0.992697
0.34102 -0.391259 -0 0.618165 0.992607
0.34102 -0.579556 -0 0.670414 0.989182
0.34102 -0.391259 -0 0.618165 0.992607
0.34102 -0.586889 -0 0.672446 0.989049
0.34102 -0.579556 -0 0.670414 0.989182
0.34102 -0.190211 -0 0.562223 0.996275
0.34102 -0.193185 -0 0.563052 0.996221
0.34102 -0.380423 -0 0.615154 0.992805
0.34102 -0.193185 -0 0.563052 0.996221
0.34102 -0.38637 -0 0.616807 0.992697
0.34102 -0.380423 -0 0.615154 0.992805
0.34102 -0.380423 -0 0.615154 0.992805
0.34102 -0.38637 -0 0.616807 0.992697
0.34102 -0.570634 -0 0.667942 0.989344
0.34102 -0.38637 -0 0.616807 0.992697
0.34102 -0.579556 -0 0.670414 0.989182
0.34102 -0.570634 -0 0.667942 0.989344
0.34102 -0.186716 -0 0.561249 0.996339
0.34102 -0.190211 -0 0.562223 0.996275
0.34102 -0.373432 -0 0.613211 0.992932
0.34102 -0.190211 -0 0.562223 0.996275
0.34102 -0.380423 -0 0.615154 0.992805
0.34102 -0.373432 -0 0.613211 0.992932
0.34102 -0.373432 -0 0.613211 0.992932
0.34102 -0.380423 -0 0.615154 0.992805
0.34102 -0.560148 -0 0.665035 0.989534
0.34102 -0.380423 -0 0.615154 0.992805
0.34102 -0.570634 -0 0.667942 0.989344
0.34102 -0.560148 -0 0.665035 0.989534
0.34102 -0.182709 -0 0.560133 0.996412
0.34102 -0.186716 -0 0.561249 0.996339
0.34102 -0.365418 -0 0.610984 0.993078
0.34102 -0.186716 -0 0.561249 0.996339
0.34102 -0.373432 -0 0.613211 0.992932
0.34102 -0.365418 -0 0.610984 0.993078
0.34102 -0.365418 -0 0.610984 0.993078
0.34102 -0.373432 -0 0.613211 0.992932
0.34102 -0.548127 -0 0.661703 0.989753
0.34102 -0.373432 -0 0.613211 0.992932
0.34102 -0.560148 -0 0.665035 0.989534
0.34102 -0.548127 -0 0.661703 0.989753
0.34102 -0.178201 -0 0.558876 0.996495
0.34102 -0.182709 -0 0.560133 0.996412
0.34102 -0.356403 -0 0.608478 0.993243
0.34102 -0.182709 -0 0.560133 0.996412
0.34102 -0.365418 -0 0.610984 0.993078
0.34102 -0.356403 -0 0.608478 0.993243
0.34102 -0.356403 -0 0.608478 0.993243
0.34102 -0.365418 -0 0.610984 0.993078
0.34102 -0.534604 -0 0.657954 0.989999
0.34102 -0.365418 -0 0.610984 0.993078
0.34102 -0.548127 -0 0.661703 0.989753
0.34102 -0.534604 -0 0.657954 0.989999
0.34102 -0.173205 -0 0.557484 0.996586
0.34102 -0.178201 -0 0.558876 0.996495
0.34102 -0.34641 -0 0.6057 0.993425
0.34102 -0.178201 -0 0.558876 0.996495
0.34102 -0.356403 -0 0.608478 0.993243
0.34102 -0.34641 -0 0.6057 0.993425
0.34102 -0.34641 -0 0.6057 0.993425
0.34102 -0.356403 -0 0.608478 0.993243
0.34102 -0.519615 -0 0.653797 0.990271
0.34102 -0.356403 -0 0.608478 0.993243
0.34102 -0.534604 -0 0.657954 0.989999
0.34102 -0.519615 -0 0.653797 0.990271
0.34102 -0.167734 -0 0.555959 0.996686
0.34102 -0.173205 -0 0.557484 0.996586
0.34102 -0.335468 -0 0.602657 0.993624
0.34102 -0.173205 -0 0.557484 0.996586
0.34102 -0.34641 -0 0.6057 0.993425
0.34102 -0.335468 -0 0.602657 0.993624
0.34102 -0.335468 -0 0.602657 0.993624
0.34102 -0.34641 -0 0.6057 0.993425
0.34102 -0.503202 -0 0.649244 0.99057
0.34102 -0.34641 -0 0.6057 0.993425
0.34102 -0.519615 -0 0.653797 0.990271
0.34102 -0.503202 -0 0.649244 0.99057
0.544639 -0.838671 -0 0.694633 0.85859
0.5 -0.866025 -0 0.709787 0.881475
0.653567 -1.0064 -0 0.71 0.807149
0.5 -0.866025 -0 0.709787 0.881475
0.6 -1.03923 -0 0.727275 0.829676
0.653567 -1.0064 -0 0.71 0.807149
0.653567 -1.0064 -0 0.71 0.807149
0.6 -1.03923 -0 0.727275 0.829676
0.762495 -1.17414 -0 0.722731 0.764532
0.6 -1.03923 -0 0.727275 0.829676
0.7 -1.21244 -0 0.741866 0.786461
0.762495 -1.17414 -0 0.722731 0.764532
0.762495 -1.17414 -0 0.722731 0.764532
0.7 -1.21244 -0 0.741866 0.786461
0.871422 -1.34187 -0 0.73345 0.728649
0.7 -1.21244 -0 0.741866 0.786461
0.8 -1.38564 -0 0.754223 0.749859
0.871422 -1.34187 -0 0.73345 0.728649
0.871422 -1.34187 -0 0.73345 0.728649
0.8 -1.38564 -0 0.754223 0.749859
0.98035 -1.50961 -0 0.7426 0.69802
0.8 -1.38564 -0 0.754223 0.749859
0.9 -1.55885 -0 0.764823 0.718461
0.98035 -1.50961 -0 0.7426 0.69802
0.98035 -1.50961 -0 0.7426 0.69802
0.9 -1.55885 -0 0.764823 0.718461
1.08928 -1.67734 -0 0.750501 0.67157
0.9 -1.55885 -0 0.764823 0.718461
1 -1.73205 -0 0.774017 0.69123
1.08928 -1.67734 -0 0.750501 0.67157
1.08928 -1.67734 -0 0.750501 0.67157
1 -1.73205 -0 0.774017 0.69123
1.19821 -1.84508 -0 0.757394 0.648499
1 -1.73205 -0 0.774017 0.69123
1.1 -1.90526 -0 0.782066 0.667388
1.19821 -1.84508 -0 0.757394 0.648499
1.19821 -1.84508 -0 0.757394 0.648499
1.1 -1.90526 -0 0.782066 0.667388
1.41833 -2.18404 0.04 0.771865 0.604558
1.1 -1.90526 -0 0.782066 0.667388
1.30208 -2.25527 0.04 0.799049 0.621842
1.41833 -2.18404 0.04 0.771865 0.604558
1.41833 -2.18404 0.04 0.771865 0.604558
1.30208 -2.25527 0.04 0.799049 0.621842
1.52726 -2.35177 0.16 0.785374 0.572432
1.30208 -2.25527 0.04 0.799049 0.621842
1.40208 -2.42848 0.16 0.814998 0.588511
1.52726 -2.35177 0.16 0.785374 0.572432
1.52726 -2.35177 0.16 0.785374 0.572432
1.40208 -2.42848 0.16 0.814998 0.588511
1.63618 -2.5195 0.36 0.804653 0.529882
1.40208 -2.42848 0.16 0.814998 0.588511
1.50208 -2.60168 0.36 0.837938 0.544085
1.63618 -2.5195 0.36 0.804653 0.529882
1.63618 -2.5195 0.36 0.804653 0.529882
1.50208 -2.60168 0.36 0.837938 0.544085
1.74511 -2.68724 0.64 0.831012 0.474014
1.50208 -2.60168 0.36 0.837938 0.544085
1.60208 -2.77489 0.64 0.869659 0.485135
1.74511 -2.68724 0.64 0.831012 0.474014
1.74511 -2.68724 0.64 0.831012 0.474014
1.60208 -2.77489 0.64 0.869659 0.485135
1.85404 -2.85497 1 0.866831 0.399898
1.60208 -2.77489 0.64 0.869659 0.485135
1.70208 -2.94809 1 0.913441 0.405728
1.85404 -2.85497 1 0.866831 0.399898
1.85404 -2.85497 1 0.866831 0.399898
1.70208 -2.94809 1 0.913441 0.405728
1.96297 -3.02271 1.44 0.916313 0.299046
1.70208 -2.94809 1 0.913441 0.405728
1.80208 -3.1213 1.44 0.975245 0.295319
1.96297 -3.02271 1.44 0.916313 0.299046
1.96297 -3.02271 1.44 0.916313 0.299046
1.80208 -3.1213 1.44 0.975245 0.295319
2.0719 -3.19044 1.96 0.98719 0.155979
0.34102 -0.161803 -0 0.554306 0.996795
0.34102 -0.167734 -0 0.555959 0.996686
0.34102 -0.323607 -0 0.599359 0.993841
0.34102 -0.167734 -0 0.555959 0.996686
0.34102 -0.335468 -0 0.602657 0.993624
0.34102 -0.323607 -0 0.599359 0.993841
0.34102 -0.323607 -0 0.599359 0.993841
0.34102 -0.335468 -0 0.602657 0.993624
0.352671 -0.48541 -0 0.642298 0.981993
0.34102 -0.335468 -0 0.602657 0.993624
0.34102 -0.503202 -0 0.649244 0.99057
0.352671 -0.48541 -0 0.642298 0.981993
0.352671 -0.48541 -0 0.642298 0.981993
0.34102 -0.503202 -0 0.649244 0.99057
0.470228 -0.647214 -0 0.663669 0.901491
0.34102 -0.503202 -0 0.649244 0.99057
0.435711 -0.670936 -0 0.675716 0.921913
0.470228 -0.647214 -0 0.663669 0.901491
0.470228 -0.647214 -0 0.663669 0.901491
0.435711 -0.670936 -0 0.675716 0.921913
0.587785 -0.809017 -0 0.680454 0.838263
0.435711 -0.670936 -0 0.675716 0.921913
0.544639 -0.838671 -0 0.694633 0.85859
0.587785 -0.809017 -0 0.680454 0.838263
0.587785 -0.809017 -0 0.680454 0.838263
0.544639 -0.838671 -0 0.694633 0.85859
0.705342 -0.97082 -0 0.693986 0.787288
0.544639 -0.838671 -0 0.694633 0.85859
0.653567 -1.0064 -0 0.71 0.807149
0.705342 -0.97082 -0 0.693986 0.787288
0.705342 -0.97082 -0 0.693986 0.787288
0.653567 -1.0064 -0 0.71 0.807149
0.822899 -1.13262 -0 0.705128 0.745318
0.653567 -1.0064 -0 0.71 0.807149
0.762495 -1.17414 -0 0.722731 0.764532
0.822899 -1.13262 -0 0.705128 0.745318
0.822899 -1.13262 -0 0.705128 0.745318
0.762495 -1.17414 -0 0.722731 0.764532
0.940456 -1.29443 -0 0.714461 0.710162
0.762495 -1.17414 -0 0.722731 0.764532
0.871422 -1.34187 -0 0.73345 0.728649
0.940456 -1.29443 -0 0.714461 0.710162
0.940456 -1.29443 -0 0.714461 0.710162
0.871422 -1.34187 -0 0.73345 0.728649
1.05801 -1.45623 -0 0.722393 0.680283
0.871422 -1.34187 -0 0.73345 0.728649
0.98035 -1.50961 -0 0.7426 0.69802
1.05801 -1.45623 -0 0.722393 0.680283
1.05801 -1.45623 -0 0.722393 0.680283
0.98035 -1.50961 -0 0.7426 0.69802
1.17557 -1.61803 -0 0.729217 0.654577
0.98035 -1.50961 -0 0.7426 0.69802
1.08928 -1.67734 -0 0.750501 0.67157
1.17557 -1.61803 -0 0.729217 0.654577
1.17557 -1.61803 -0 0.729217 0.654577
1.08928 -1.67734 -0 0.750501 0.67157
1.29313 -1.77984 -0 0.73515 0.632227
1.08928 -1.67734 -0 0.750501 0.67157
1.19821 -1.84508 -0 0.757394 0.648499
1.29313 -1.77984 -0 0.73515 0.632227
1.29313 -1.77984 -0 0.73515 0.632227
1.19821 -1.84508 -0 0.757394 0.648499
1.53069 -2.10681 0.04 0.747557 0.589776
1.19821 -1.84508 -0 0.757394 0.648499
1.41833 -2.18404 0.04 0.771865 0.604558
1.53069 -2.10681 0.04 0.747557 0.589776
1.53069 -2.10681 0.04 0.747557 0.589776
1.41833 -2.18404 0.04 0.771865 0.604558
1.64825 -2.26862 0.16 0.759083 0.558774
1.41833 -2.18404 0.04 0.771865 0.604558
1.52726 -2.35177 0.16 0.785374 0.572432
1.64825 -2.26862 0.16 0.759083 0.558774
1.64825 -2.26862 0.16 0.759083 0.558774
1.52726 -2.35177 0.16 0.785374 0.572432
1.7658 -2.43042 0.36 0.775423 0.517934
1.52726 -2.35177 0.16 0.785374 0.572432
1.63618 -2.5195 0.36 0.804653 0.529882
1.7658 -2.43042 0.36 0.775423 0.517934
1.7658 -2.43042 0.36 0.775423 0.517934
1.63618 -2.5195 0.36 0.804653 0.529882
1.88336 -2.59222 0.64 0.797553 0.464788
1.63618 -2.5195 0.36 0.804653 0.529882
1.74511 -2.68724 0.64 0.831012 0.474014
1.88336 -2.59222 0.64 0.797553 0.464788
1.88336 -2.59222 0.64 0.797553 0.464788
1.74511 -2.68724 0.64 0.831012 0.474014
2.00092 -2.75403 1 0.827239 0.395175
1.74511 -2.68724 0.64 0.831012 0.474014
1.85404 -2.85497 1 0.866831 0.399898
2.00092 -2.75403 1 0.827239 0.395175
2.00092 -2.75403 1 0.827239 0.395175
1.85404 -2.85497 1 0.866831 0.399898
2.11847 -2.91583 1.44 0.867528 0.302109
1.85404 -2.85497 1 0.866831 0.399898
1.96297 -3.02271 1.44 0.916313 0.299046
2.11847 -2.91583 1.44 0.867528 0.302109
2.11847 -2.91583 1.44 0.867528 0.302109
1.96297 -3.02271 1.44 0.916313 0.299046
2.23603 -3.07763 1.96 0.923829 0.173321
1.96297 -3.02271 1.44 0.916313 0.299046
2.0719 -3.19044 1.96 0.98719 0.155979
2.23603 -3.07763 1.96 0.923829 0.173321
0.34102 -0.155429 -0 0.552529 0.996911
0.34102 -0.161803 -0 0.554306 0.996795
0.34102 -0.310858 -0 0.595813 0.994073
0.34102 -0.161803 -0 0.554306 0.996795
0.34102 -0.323607 -0 0.599359 0.993841
0.34102 -0.310858 -0 0.595813 0.994073
0.34102 -0.310858 -0 0.595813 0.994073
0.34102 -0.323607 -0 0.599359 0.993841
0.377592 -0.466288 -0 0.633085 0.964064
0.34102 -0.323607 -0 0.599359 0.993841
0.352671 -0.48541 -0 0.642298 0.981993
0.377592 -0.466288 -0 0.633085 0.964064
0.377592 -0.466288 -0 0.633085 0.964064
0.352671 -0.48541 -0 0.642298 0.981993
0.503456 -0.621717 -0 0.652219 0.883172
0.352671 -0.48541 -0 0.642298 0.981993
0.470228 -0.647214 -0 0.663669 0.901491
0.503456 -0.621717 -0 0.652219 0.883172
0.503456 -0.621717 -0 0.652219 0.883172
0.470228 -0.647214 -0 0.663669 0.901491
0.62932 -0.777146 -0 0.66712 0.820178
0.470228 -0.647214 -0 0.663669 0.901491
0.587785 -0.809017 -0 0.680454 0.838263
0.62932 -0.777146 -0 0.66712 0.820178
0.62932 -0.777146 -0 0.66712 0.820178
0.587785 -0.809017 -0 0.680454 0.838263
0.755184 -0.932575 -0 0.679052 0.769733
0.587785 -0.809017 -0 0.680454 0.838263
0.705342 -0.97082 -0 0.693986 0.787288
0.755184 -0.932575 -0 0.679052 0.769733
0.755184 -0.932575 -0 0.679052 0.769733
0.705342 -0.97082 -0 0.693986 0.787288
0.881049 -1.088 -0 0.688822 0.728428
0.705342 -0.97082 -0 0.693986 0.787288
0.822899 -1.13262 -0 0.705128 0.745318
0.881049 -1.088 -0 0.688822 0.728428
0.881049 -1.088 -0 0.688822 0.728428
0.822899 -1.13262 -0 0.705128 0.745318
1.00691 -1.24343 -0 0.696969 0.693985
0.822899 -1.13262 -0 0.705128 0.745318
0.940456 -1.29443 -0 0.714461 0.710162
1.00691 -1.24343 -0 0.696969 0.693985
1.00691 -1.24343 -0 0.696969 0.693985
0.940456 -1.29443 -0 0.714461 0.710162
1.13278 -1.39886 -0 0.703867 0.664825
0.940456 -1.29443 -0 0.714461 0.710162
1.05801 -1.45623 -0 0.722393 0.680283
1.13278 -1.39886 -0 0.703867 0.664825
1.13278 -1.39886 -0 0.703867 0.664825
1.05801 -1.45623 -0 0.722393 0.680283
1.25864 -1.55429 -0 0.709782 0.639819
1.05801 -1.45623 -0 0.722393 0.680283
1.17557 -1.61803 -0 0.729217 0.654577
1.25864 -1.55429 -0 0.709782 0.639819
1.25864 -1.55429 -0 0.709782 0.639819
1.17557 -1.61803 -0 0.729217 0.654577
1.3845 -1.70972 -0 0.71491 0.618138
1.17557 -1.61803 -0 0.729217 0.654577
1.29313 -1.77984 -0 0.73515 0.632227
1.3845 -1.70972 -0 0.71491 0.618138
1.3845 -1.70972 -0 0.71491 0.618138
1.29313 -1.77984 -0 0.73515 0.632227
1.63885 -2.02381 0.04 0.725597 0.577058
1.29313 -1.77984 -0 0.73515 0.632227
1.53069 -2.10681 0.04 0.747557 0.589776
1.63885 -2.02381 0.04 0.725597 0.577058
1.63885 -2.02381 0.04 0.725597 0.577058
1.53069 -2.10681 0.04 0.747557 0.589776
1.76472 -2.17924 0.16 0.735488 0.547091
1.53069 -2.10681 0.04 0.747557 0.589776
1.64825 -2.26862 0.16 0.759083 0.558774
1.76472 -2.17924 0.16 0.735488 0.547091
1.76472 -2.17924 0.16 0.735488 0.547091
1.64825 -2.26862 0.16 0.759083 0.558774
1.89058 -2.33467 0.36 0.749429 0.507801
1.64825 -2.26862 0.16 0.759083 0.558774
1.7658 -2.43042 0.36 0.775423 0.517934
1.89058 -2.33467 0.36 0.749429 0.507801
1.89058 -2.33467 0.36 0.749429 0.507801
1.7658 -2.43042 0.36 0.775423 0.517934
2.01645 -2.4901 0.64 0.76816 0.45706
1.7658 -2.43042 0.36 0.775423 0.517934
1.88336 -2.59222 0.64 0.797553 0.464788
2.01645 -2.4901 0.64 0.76816 0.45706
2.01645 -2.4901 0.64 0.76816 0.45706
1.88336 -2.59222 0.64 0.797553 0.464788
2.14231 -2.64553 1 0.793015 0.391307
1.88336 -2.59222 0.64 0.797553 0.464788
2.00092 -2.75403 1 0.827239 0.395175
2.14231 -2.64553 1 0.793015 0.391307
2.14231 -2.64553 1 0.793015 0.391307
2.00092 -2.75403 1 0.827239 0.395175
2.26817 -2.80096 1.44 0.826256 0.30468
2.00092 -2.75403 1 0.827239 0.395175
2.11847 -2.91583 1.44 0.867528 0.302109
2.26817 -2.80096 1.44 0.826256 0.30468
2.26817 -2.80096 1.44 0.826256 0.30468
2.11847 -2.91583 1.44 0.867528 0.302109
2.39404 -2.95639 1.96 0.871784 0.187199
2.11847 -2.91583 1.44 0.867528 0.302109
2.23603 -3.07763 1.96 0.923829 0.173321
2.39404 -2.95639 1.96 0.871784 0.187199
2.39404 -2.95639 1.96 0.871784 0.187199
2.23603 -3.07763 1.96 0.923829 0.173321
2.5199 -3.11182 2.56 0.936732 0.0206955
0.34102 -0.148629 -0 0.550633 0.997035
0.34102 -0.155429 -0 0.552529 0.996911
0.34102 -0.297258 -0 0.592029 0.994321
0.34102 -0.155429 -0 0.552529 0.996911
0.34102 -0.310858 -0 0.595813 0.994073
0.34102 -0.297258 -0 0.592029 0.994321
0.34102 -0.297258 -0 0.592029 0.994321
0.34102 -0.310858 -0 0.595813 0.994073
0.401478 -0.445887 -0 0.624185 0.947825
0.34102 -0.310858 -0 0.595813 0.994073
0.377592 -0.466288 -0 0.633085 0.964064
0.401478 -0.445887 -0 0.624185 0.947825
0.401478 -0.445887 -0 0.624185 0.947825
0.377592 -0.466288 -0 0.633085 0.964064
0.535304 -0.594516 -0 0.641297 0.866734
0.377592 -0.466288 -0 0.633085 0.964064
0.503456 -0.621717 -0 0.652219 0.883172
0.535304 -0.594516 -0 0.641297 0.866734
0.535304 -0.594516 -0 0.641297 0.866734
0.503456 -0.621717 -0 0.652219 0.883172
0.669131 -0.743145 -0 0.65452 0.804068
0.503456 -0.621717 -0 0.652219 0.883172
0.62932 -0.777146 -0 0.66712 0.820178
0.669131 -0.743145 -0 0.65452 0.804068
0.669131 -0.743145 -0 0.65452 0.804068
0.62932 -0.777146 -0 0.66712 0.820178
0.802957 -0.891774 -0 0.665046 0.75419
0.62932 -0.777146 -0 0.66712 0.820178
0.755184 -0.932575 -0 0.679052 0.769733
0.802957 -0.891774 -0 0.665046 0.75419
0.802957 -0.891774 -0 0.665046 0.75419
0.755184 -0.932575 -0 0.679052 0.769733
0.936783 -1.0404 -0 0.673622 0.713546
0.755184 -0.932575 -0 0.679052 0.769733
0.881049 -1.088 -0 0.688822 0.728428
0.936783 -1.0404 -0 0.673622 0.713546
0.936783 -1.0404 -0 0.673622 0.713546
0.881049 -1.088 -0 0.688822 0.728428
1.07061 -1.18903 -0 0.680745 0.679791
0.881049 -1.088 -0 0.688822 0.728428
1.00691 -1.24343 -0 0.696969 0.693985
1.07061 -1.18903 -0 0.680745 0.679791
1.07061 -1.18903 -0 0.680745 0.679791
1.00691 -1.24343 -0 0.696969 0.693985
1.20444 -1.33766 -0 0.686756 0.651309
1.00691 -1.24343 -0 0.696969 0.693985
1.13278 -1.39886 -0 0.703867 0.664825
1.20444 -1.33766 -0 0.686756 0.651309
1.20444 -1.33766 -0 0.686756 0.651309
1.13278 -1.39886 -0 0.703867 0.664825
1.33826 -1.48629 -0 0.691895 0.626955
1.13278 -1.39886 -0 0.703867 0.664825
1.25864 -1.55429 -0 0.709782 0.639819
1.33826 -1.48629 -0 0.691895 0.626955
1.33826 -1.48629 -0 0.691895 0.626955
1.25864 -1.55429 -0 0.709782 0.639819
1.47209 -1.63492 -0 0.69634 0.605891
1.25864 -1.55429 -0 0.709782 0.639819
1.3845 -1.70972 -0 0.71491 0.618138
1.47209 -1.63492 -0 0.69634 0.605891
1.47209 -1.63492 -0 0.69634 0.605891
1.3845 -1.70972 -0 0.71491 0.618138
1.74253 -1.93527 0.04 0.705576 0.566065
1.3845 -1.70972 -0 0.71491 0.618138
1.63885 -2.02381 0.04 0.725597 0.577058
1.74253 -1.93527 0.04 0.705576 0.566065
1.74253 -1.93527 0.04 0.705576 0.566065
1.63885 -2.02381 0.04 0.725597 0.577058
1.87635 -2.0839 0.16 0.714098 0.537046
1.63885 -2.02381 0.04 0.725597 0.577058
1.76472 -2.17924 0.16 0.735488 0.547091
1.87635 -2.0839 0.16 0.714098 0.537046
1.87635 -2.0839 0.16 0.714098 0.537046
1.76472 -2.17924 0.16 0.735488 0.547091
2.01018 -2.23253 0.36 0.726054 0.499155
1.76472 -2.17924 0.16 0.735488 0.547091
1.89058 -2.33467 0.36 0.749429 0.507801
2.01018 -2.23253 0.36 0.726054 0.499155
2.01018 -2.23253 0.36 0.726054 0.499155
1.89058 -2.33467 0.36 0.749429 0.507801
2.144 -2.38116 0.64 0.742007 0.450539
1.89058 -2.33467 0.36 0.749429 0.507801
2.01645 -2.4901 0.64 0.76816 0.45706
2.144 -2.38116 0.64 0.742007 0.450539
2.144 -2.38116 0.64 0.742007 0.450539
2.01645 -2.4901 0.64 0.76816 0.45706
2.27783 -2.52979 1 0.762982 0.388113
2.01645 -2.4901 0.64 0.76816 0.45706
2.14231 -2.64553 1 0.793015 0.391307
2.27783 -2.52979 1 0.762982 0.388113
2.27783 -2.52979 1 0.762982 0.388113
2.14231 -2.64553 1 0.793015 0.391307
2.41166 -2.67842 1.44 0.790691 0.306876
2.14231 -2.64553 1 0.793015 0.391307
2.26817 -2.80096 1.44 0.826256 0.30468
2.41166 -2.67842 1.44 0.790691 0.306876
2.41166 -2.67842 1.44 0.790691 0.306876
2.26817 -2.80096 1.44 0.826256 0.30468
2.54548 -2.82704 1.96 0.828018 0.198525
2.26817 -2.80096 1.44 0.826256 0.30468
2.39404 -2.95639 1.96 0.871784 0.187199
2.54548 -2.82704 1.96 0.828018 0.198525
2.54548 -2.82704 1.96 0.828018 0.198525
2.39404 -2.95639 1.96 0.871784 0.187199
2.67931 -2.97567 2.56 0.880054 0.0484793
2.39404 -2.95639 1.96 0.871784 0.187199
2.5199 -3.11182 2.56 0.936732 0.0206955
2.67931 -2.97567 2.56 0.880054 0.0484793
0.34102 -0.141421 -0 0.548623 0.997167
0.34102 -0.148629 -0 0.550633 0.997035
0.34102 -0.282843 -0 0.588018 0.994584
0.34102 -0.148629 -0 0.550633 0.997035
0.34102 -0.297258 -0 0.592029 0.994321
0.34102 -0.282843 -0 0.588018 0.994584
0.34102 -0.282843 -0 0.588018 0.994584
0.34102 -0.297258 -0 0.592029 0.994321
0.424264 -0.424264 -0 0.615567 0.933136
0.34102 -0.297258 -0 0.592029 0.994321
0.401478 -0.445887 -0 0.624185 0.947825
0.424264 -0.424264 -0 0.615567 0.933136
0.424264 -0.424264 -0 0.615567 0.933136
0.401478 -0.445887 -0 0.624185 0.947825
0.565685 -0.565685 -0 0.630841 0.85199
0.401478 -0.445887 -0 0.624185 0.947825
0.535304 -0.594516 -0 0.641297 0.866734
0.565685 -0.565685 -0 0.630841 0.85199
0.565685 -0.565685 -0 0.630841 0.85199
0.535304 -0.594516 -0 0.641297 0.866734
0.707107 -0.707107 -0 0.642562 0.789715
0.535304 -0.594516 -0 0.641297 0.866734
0.669131 -0.743145 -0 0.65452 0.804068
0.707107 -0.707107 -0 0.642562 0.789715
0.707107 -0.707107 -0 0.642562 0.789715
0.669131 -0.743145 -0 0.65452 0.804068
0.848528 -0.848528 -0 0.651841 0.740415
0.669131 -0.743145 -0 0.65452 0.804068
0.802957 -0.891774 -0 0.665046 0.75419
0.848528 -0.848528 -0 0.651841 0.740415
0.848528 -0.848528 -0 0.651841 0.740415
0.802957 -0.891774 -0 0.665046 0.75419
0.98995 -0.98995 -0 0.65937 0.700416
0.802957 -0.891774 -0 0.665046 0.75419
0.936783 -1.0404 -0 0.673622 0.713546
0.98995 -0.98995 -0 0.65937 0.700416
0.98995 -0.98995 -0 0.65937 0.700416
0.936783 -1.0404 -0 0.673622 0.713546
1.13137 -1.13137 -0 0.6656 0.667314
0.936783 -1.0404 -0 0.673622 0.713546
1.07061 -1.18903 -0 0.680745 0.679791
1.13137 -1.13137 -0 0.6656 0.667314
1.13137 -1.13137 -0 0.6656 0.667314
1.07061 -1.18903 -0 0.680745 0.679791
1.27279 -1.27279 -0 0.670842 0.639466
1.07061 -1.18903 -0 0.680745 0.679791
1.20444 -1.33766 -0 0.686756 0.651309
1.27279 -1.27279 -0 0.670842 0.639466
1.27279 -1.27279 -0 0.670842 0.639466
1.20444 -1.33766 -0 0.686756 0.651309
1.41421 -1.41421 -0 0.675313 0.615714
1.20444 -1.33766 -0 0.686756 0.651309
1.33826 -1.48629 -0 0.691895 0.626955
1.41421 -1.41421 -0 0.675313 0.615714
1.41421 -1.41421 -0 0.675313 0.615714
1.33826 -1.48629 -0 0.691895 0.626955
1.55563 -1.55563 -0 0.679171 0.595215
1.33826 -1.48629 -0 0.691895 0.626955
1.47209 -1.63492 -0 0.69634 0.605891
1.55563 -1.55563 -0 0.679171 0.595215
1.55563 -1.55563 -0 0.679171 0.595215
1.47209 -1.63492 -0 0.69634 0.605891
1.84142 -1.84142 0.04 0.68717 0.556532
1.47209 -1.63492 -0 0.69634 0.605891
1.74253 -1.93527 0.04 0.705576 0.566065
1.84142 -1.84142 0.04 0.68717 0.556532
1.84142 -1.84142 0.04 0.68717 0.556532
1.74253 -1.93527 0.04 0.705576 0.566065
1.98284 -1.98284 0.16 0.694534 0.528376
1.74253 -1.93527 0.04 0.705576 0.566065
1.87635 -2.0839 0.16 0.714098 0.537046
1.98284 -1.98284 0.16 0.694534 0.528376
1.98284 -1.98284 0.16 0.694534 0.528376
1.87635 -2.0839 0.16 0.714098 0.537046
2.12426 -2.12426 0.36 0.704822 0.491744
1.87635 -2.0839 0.16 0.714098 0.537046
2.01018 -2.23253 0.36 0.726054 0.499155
2.12426 -2.12426 0.36 0.704822 0.491744
2.12426 -2.12426 0.36 0.704822 0.491744
2.01018 -2.23253 0.36 0.726054 0.499155
2.26569 -2.26569 0.64 0.718471 0.445008
2.01018 -2.23253 0.36 0.726054 0.499155
2.144 -2.38116 0.64 0.742007 0.450539
2.26569 -2.26569 0.64 0.718471 0.445008
2.26569 -2.26569 0.64 0.718471 0.445008
2.144 -2.38116 0.64 0.742007 0.450539
2.40711 -2.40711 1 0.736276 0.385464
2.144 -2.38116 0.64 0.742007 0.450539
2.27783 -2.52979 1 0.762982 0.388113
2.40711 -2.40711 1 0.736276 0.385464
2.40711 -2.40711 1 0.736276 0.385464
2.27783 -2.52979 1 0.762982 0.388113
2.54853 -2.54853 1.44 0.759555 0.308781
2.27783 -2.52979 1 0.762982 0.388113
2.41166 -2.67842 1.44 0.790691 0.306876
2.54853 -2.54853 1.44 0.759555 0.308781
2.54853 -2.54853 1.44 0.759555 0.308781
2.41166 -2.67842 1.44 0.790691 0.306876
2.68995 -2.68995 1.96 0.790482 0.207917
2.41166 -2.67842 1.44 0.790691 0.306876
2.54548 -2.82704 1.96 0.828018 0.198525
2.68995 -2.68995 1.96 0.790482 0.207917
2.68995 -2.68995 1.96 0.790482 0.207917
2.54548 -2.82704 1.96 0.828018 0.198525
2.83137 -2.83137 2.56 0.83279 0.070869
2.54548 -2.82704 1.96 0.828018 0.198525
2.67931 -2.97567 2.56 0.880054 0.0484793
2.83137 -2.83137 2.56 0.83279 0.070869
0.34102 -0.133826 -0 0.546505 0.997306
0.34102 -0.141421 -0 0.548623 0.997167
0.34102 -0.267652 -0 0.58379 0.994861
0.34102 -0.141421 -0 0.548623 0.997167
0.34102 -0.282843 -0 0.588018 0.994584
0.34102 -0.267652 -0 0.58379 0.994861
0.34102 -0.267652 -0 0.58379 0.994861
0.34102 -0.282843 -0 0.588018 0.994584
0.445887 -0.401478 -0 0.607204 0.919872
0.34102 -0.282843 -0 0.588018 0.994584
0.424264 -0.424264 -0 0.615567 0.933136
0.445887 -0.401478 -0 0.607204 0.919872
0.445887 -0.401478 -0 0.607204 0.919872
0.424264 -0.424264 -0 0.615567 0.933136
0.594516 -0.535304 -0 0.620797 0.83878
0.424264 -0.424264 -0 0.615567 0.933136
0.565685 -0.565685 -0 0.630841 0.85199
0.594516 -0.535304 -0 0.620797 0.83878
0.594516 -0.535304 -0 0.620797 0.83878
0.565685 -0.565685 -0 0.630841 0.85199
0.743145 -0.669131 -0 0.631164 0.776933
0.565685 -0.565685 -0 0.630841 0.85199
0.707107 -0.707107 -0 0.642562 0.789715
0.743145 -0.669131 -0 0.631164 0.776933
0.743145 -0.669131 -0 0.631164 0.776933
0.707107 -0.707107 -0 0.642562 0.789715
0.891774 -0.802957 -0 0.639332 0.728207
0.707107 -0.707107 -0 0.642562 0.789715
0.848528 -0.848528 -0 0.651841 0.740415
0.891774 -0.802957 -0 0.639332 0.728207
0.891774 -0.802957 -0 0.639332 0.728207
0.848528 -0.848528 -0 0.651841 0.740415
1.0404 -0.936783 -0 0.645933 0.688826
0.848528 -0.848528 -0 0.651841 0.740415
0.98995 -0.98995 -0 0.65937 0.700416
1.0404 -0.936783 -0 0.645933 0.688826
1.0404 -0.936783 -0 0.645933 0.688826
0.98995 -0.98995 -0 0.65937 0.700416
1.18903 -1.07061 -0 0.651379 0.656338
0.98995 -0.98995 -0 0.65937 0.700416
1.13137 -1.13137 -0 0.6656 0.667314
1.18903 -1.07061 -0 0.651379 0.656338
1.18903 -1.07061 -0 0.651379 0.656338
1.13137 -1.13137 -0 0.6656 0.667314
1.33766 -1.20444 -0 0.655948 0.629078
1.13137 -1.13137 -0 0.6656 0.667314
1.27279 -1.27279 -0 0.670842 0.639466
1.33766 -1.20444 -0 0.655948 0.629078
1.33766 -1.20444 -0 0.655948 0.629078
1.27279 -1.27279 -0 0.670842 0.639466
1.48629 -1.33826 -0 0.659837 0.605879
1.27279 -1.27279 -0 0.670842 0.639466
1.41421 -1.41421 -0 0.675313 0.615714
1.48629 -1.33826 -0 0.659837 0.605879
1.48629 -1.33826 -0 0.659837 0.605879
1.41421 -1.41421 -0 0.675313 0.615714
1.63492 -1.47209 -0 0.663186 0.585896
1.41421 -1.41421 -0 0.675313 0.615714
1.55563 -1.55563 -0 0.679171 0.595215
1.63492 -1.47209 -0 0.663186 0.585896
1.63492 -1.47209 -0 0.663186 0.585896
1.55563 -1.55563 -0 0.679171 0.595215
1.93527 -1.74253 0.04 0.670118 0.54825
1.55563 -1.55563 -0 0.679171 0.595215
1.84142 -1.84142 0.04 0.68717 0.556532
1.93527 -1.74253 0.04 0.670118 0.54825
1.93527 -1.74253 0.04 0.670118 0.54825
1.84142 -1.84142 0.04 0.68717 0.556532
2.0839 -1.87635 0.16 0.67649 0.520876
1.84142 -1.84142 0.04 0.68717 0.556532
1.98284 -1.98284 0.16 0.694534 0.528376
2.0839 -1.87635 0.16 0.67649 0.520876
2.0839 -1.87635 0.16 0.67649 0.520876
1.98284 -1.98284 0.16 0.694534 0.528376
2.23253 -2.01018 0.36 0.685362 0.485373
1.98284 -1.98284 0.16 0.694534 0.528376
2.12426 -2.12426 0.36 0.704822 0.491744
2.23253 -2.01018 0.36 0.685362 0.485373
2.23253 -2.01018 0.36 0.685362 0.485373
2.12426 -2.12426 0.36 0.704822 0.491744
2.38116 -2.144 0.64 0.697073 0.440302
2.12426 -2.12426 0.36 0.704822 0.491744
2.26569 -2.26569 0.64 0.718471 0.445008
2.38116 -2.144 0.64 0.697073 0.440302
2.38116 -2.144 0.64 0.697073 0.440302
2.26569 -2.26569 0.64 0.718471 0.445008
2.52979 -2.27783 1 0.712248 0.383262
2.26569 -2.26569 0.64 0.718471 0.445008
2.40711 -2.40711 1 0.736276 0.385464
2.52979 -2.27783 1 0.712248 0.383262
2.52979 -2.27783 1 0.712248 0.383262
2.40711 -2.40711 1 0.736276 0.385464
2.67842 -2.41166 1.44 0.731913 0.310454
2.40711 -2.40711 1 0.736276 0.385464
2.54853 -2.54853 1.44 0.759555 0.308781
2.67842 -2.41166 1.44 0.731913 0.310454
2.67842 -2.41166 1.44 0.731913 0.310454
2.54853 -2.54853 1.44 0.759555 0.308781
2.82704 -2.54548 1.96 0.757738 0.215805
2.54853 -2.54853 1.44 0.759555 0.308781
2.68995 -2.68995 1.96 0.790482 0.207917
2.82704 -2.54548 1.96 0.757738 0.215805
2.82704 -2.54548 1.96 0.757738 0.215805
2.68995 -2.68995 1.96 0.790482 0.207917
2.97567 -2.67931 2.56 0.792516 0.0892137
2.68995 -2.68995 1.96 0.790482 0.207917
2.83137 -2.83137 2.56 0.83279 0.070869
2.97567 -2.67931 2.56 0.792516 0.0892137
0.34102 -0.125864 -0 0.544285 0.997452
0.34102 -0.133826 -0 0.546505 0.997306
0.34102 -0.251728 -0 0.579358 0.995152
0.34102 -0.133826 -0 0.546505 0.997306
0.34102 -0.267652 -0 0.58379 0.994861
0.34102 -0.251728 -0 0.579358 0.995152
0.34102 -0.251728 -0 0.579358 0.995152
0.34102 -0.267652 -0 0.58379 0.994861
0.466288 -0.377592 -0 0.599071 0.907928
0.34102 -0.267652 -0 0.58379 0.994861
0.445887 -0.401478 -0 0.607204 0.919872
0.466288 -0.377592 -0 0.599071 0.907928
0.466288 -0.377592 -0 0.599071 0.907928
0.445887 -0.401478 -0 0.607204 0.919872
0.621717 -0.503456 -0 0.611119 0.826969
0.445887 -0.401478 -0 0.607204 0.919872
0.594516 -0.535304 -0 0.620797 0.83878
0.621717 -0.503456 -0 0.611119 0.826969
0.621717 -0.503456 -0 0.611119 0.826969
0.594516 -0.535304 -0 0.620797 0.83878
0.777146 -0.62932 -0 0.620257 0.765566
0.594516 -0.535304 -0 0.620797 0.83878
0.743145 -0.669131 -0 0.631164 0.776933
0.777146 -0.62932 -0 0.620257 0.765566
0.777146 -0.62932 -0 0.620257 0.765566
0.743145 -0.669131 -0 0.631164 0.776933
0.932575 -0.755184 -0 0.627426 0.717398
0.743145 -0.669131 -0 0.631164 0.776933
0.891774 -0.802957 -0 0.639332 0.728207
0.932575 -0.755184 -0 0.627426 0.717398
0.932575 -0.755184 -0 0.627426 0.717398
0.891774 -0.802957 -0 0.639332 0.728207
1.088 -0.881049 -0 0.6332 0.678602
0.891774 -0.802957 -0 0.639332 0.728207
1.0404 -0.936783 -0 0.645933 0.688826
1.088 -0.881049 -0 0.6332 0.678602
1.088 -0.881049 -0 0.6332 0.678602
1.0404 -0.936783 -0 0.645933 0.688826
1.24343 -1.00691 -0 0.637949 0.646686
1.0404 -0.936783 -0 0.645933 0.688826
1.18903 -1.07061 -0 0.651379 0.656338
1.24343 -1.00691 -0 0.637949 0.646686
1.24343 -1.00691 -0 0.637949 0.646686
1.18903 -1.07061 -0 0.651379 0.656338
1.39886 -1.13278 -0 0.641926 0.619967
1.18903 -1.07061 -0 0.651379 0.656338
1.33766 -1.20444 -0 0.655948 0.629078
1.39886 -1.13278 -0 0.641926 0.619967
1.39886 -1.13278 -0 0.641926 0.619967
1.33766 -1.20444 -0 0.655948 0.629078
1.55429 -1.25864 -0 0.645303 0.597273
1.33766 -1.20444 -0 0.655948 0.629078
1.48629 -1.33826 -0 0.659837 0.605879
1.55429 -1.25864 -0 0.645303 0.597273
1.55429 -1.25864 -0 0.645303 0.597273
1.48629 -1.33826 -0 0.659837 0.605879
1.70972 -1.3845 -0 0.648207 0.577758
1.48629 -1.33826 -0 0.659837 0.605879
1.63492 -1.47209 -0 0.663186 0.585896
1.70972 -1.3845 -0 0.648207 0.577758
1.70972 -1.3845 -0 0.648207 0.577758
1.63492 -1.47209 -0 0.663186 0.585896
2.02381 -1.63885 0.04 0.65421 0.541049
1.63492 -1.47209 -0 0.663186 0.585896
1.93527 -1.74253 0.04 0.670118 0.54825
2.02381 -1.63885 0.04 0.65421 0.541049
2.02381 -1.63885 0.04 0.65421 0.541049
1.93527 -1.74253 0.04 0.670118 0.54825
2.17924 -1.76472 0.16 0.659722 0.514382
1.93527 -1.74253 0.04 0.670118 0.54825
2.0839 -1.87635 0.16 0.67649 0.520876
2.17924 -1.76472 0.16 0.659722 0.514382
2.17924 -1.76472 0.16 0.659722 0.514382
2.0839 -1.87635 0.16 0.67649 0.520876
2.33467 -1.89058 0.36 0.667377 0.479891
2.0839 -1.87635 0.16 0.67649 0.520876
2.23253 -2.01018 0.36 0.685362 0.485373
2.33467 -1.89058 0.36 0.667377 0.479891
2.33467 -1.89058 0.36 0.667377 0.479891
2.23253 -2.01018 0.36 0.685362 0.485373
2.4901 -2.01645 0.64 0.677437 0.436291
2.23253 -2.01018 0.36 0.685362 0.485373
2.38116 -2.144 0.64 0.697073 0.440302
2.4901 -2.01645 0.64 0.677437 0.436291
2.4901 -2.01645 0.64 0.677437 0.436291
2.38116 -2.144 0.64 0.697073 0.440302
2.64553 -2.14231 1 0.690399 0.381433
2.38116 -2.144 0.64 0.697073 0.440302
2.52979 -2.27783 1 0.712248 0.383262
2.64553 -2.14231 1 0.690399 0.381433
2.64553 -2.14231 1 0.690399 0.381433
2.52979 -2.27783 1 0.712248 0.383262
2.80096 -2.26817 1.44 0.70707 0.311941
2.52979 -2.27783 1 0.712248 0.383262
2.67842 -2.41166 1.44 0.731913 0.310454
2.80096 -2.26817 1.44 0.70707 0.311941
2.80096 -2.26817 1.44 0.70707 0.311941
2.67842 -2.41166 1.44 0.731913 0.310454
2.95639 -2.39404 1.96 0.728747 0.222499
2.67842 -2.41166 1.44 0.731913 0.310454
2.82704 -2.54548 1.96 0.757738 0.215805
2.95639 -2.39404 1.96 0.728747 0.222499
2.95639 -2.39404 1.96 0.728747 0.222499
2.82704 -2.54548 1.96 0.757738 0.215805
3.11182 -2.5199 2.56 0.757561 0.104441
2.82704 -2.54548 1.96 0.757738 0.215805
2.97567 -2.67931 2.56 0.792516 0.0892137
3.11182 -2.5199 2.56 0.757561 0.104441
0.34102 -0.117557 -0 0.541968 0.997604
0.34102 -0.125864 -0 0.544285 0.997452
0.34102 -0.235114 -0 0.574732 0.995455
0.34102 -0.125864 -0 0.544285 0.997452
0.34102 -0.251728 -0 0.579358 0.995152
0.34102 -0.235114 -0 0.574732 0.995455
0.34102 -0.235114 -0 0.574732 0.995455
0.34102 -0.251728 -0 0.579358 0.995152
0.48541 -0.352671 -0 0.591144 0.897209
0.34102 -0.251728 -0 0.579358 0.995152
0.466288 -0.377592 -0 0.599071 0.907928
0.48541 -0.352671 -0 0.591144 0.897209
0.48541 -0.352671 -0 0.591144 0.897209
0.466288 -0.377592 -0 0.599071 0.907928
0.647214 -0.470228 -0 0.601766 0.816437
0.466288 -0.377592 -0 0.599071 0.907928
0.621717 -0.503456 -0 0.611119 0.826969
0.647214 -0.470228 -0 0.601766 0.816437
0.647214 -0.470228 -0 0.601766 0.816437
0.621717 -0.503456 -0 0.611119 0.826969
0.809017 -0.587785 -0 0.609781 0.755483
0.621717 -0.503456 -0 0.611119 0.826969
0.777146 -0.62932 -0 0.620257 0.765566
0.809017 -0.587785 -0 0.609781 0.755483
0.809017 -0.587785 -0 0.609781 0.755483
0.777146 -0.62932 -0 0.620257 0.765566
0.97082 -0.705342 -0 0.616045 0.707849
0.777146 -0.62932 -0 0.620257 0.765566
0.932575 -0.755184 -0 0.627426 0.717398
0.97082 -0.705342 -0 0.616045 0.707849
0.97082 -0.705342 -0 0.616045 0.707849
0.932575 -0.755184 -0 0.627426 0.717398
1.13262 -0.822899 -0 0.621075 0.6696
0.932575 -0.755184 -0 0.627426 0.717398
1.088 -0.881049 -0 0.6332 0.678602
1.13262 -0.822899 -0 0.621075 0.6696
1.13262 -0.822899 -0 0.621075 0.6696
1.088 -0.881049 -0 0.6332 0.678602
1.29443 -0.940456 -0 0.625203 0.63821
1.088 -0.881049 -0 0.6332 0.678602
1.24343 -1.00691 -0 0.637949 0.646686
1.29443 -0.940456 -0 0.625203 0.63821
1.29443 -0.940456 -0 0.625203 0.63821
1.24343 -1.00691 -0 0.637949 0.646686
1.45623 -1.05801 -0 0.628652 0.611987
1.24343 -1.00691 -0 0.637949 0.646686
1.39886 -1.13278 -0 0.641926 0.619967
1.45623 -1.05801 -0 0.628652 0.611987
1.45623 -1.05801 -0 0.628652 0.611987
1.39886 -1.13278 -0 0.641926 0.619967
1.61803 -1.17557 -0 0.631576 0.589752
1.39886 -1.13278 -0 0.641926 0.619967
1.55429 -1.25864 -0 0.645303 0.597273
1.61803 -1.17557 -0 0.631576 0.589752
1.61803 -1.17557 -0 0.631576 0.589752
1.55429 -1.25864 -0 0.645303 0.597273
1.77984 -1.29313 -0 0.634087 0.570659
1.55429 -1.25864 -0 0.645303 0.597273
1.70972 -1.3845 -0 0.648207 0.577758
1.77984 -1.29313 -0 0.634087 0.570659
1.77984 -1.29313 -0 0.634087 0.570659
1.70972 -1.3845 -0 0.648207 0.577758
2.10681 -1.53069 0.04 0.639271 0.534794
1.70972 -1.3845 -0 0.648207 0.577758
2.02381 -1.63885 0.04 0.65421 0.541049
2.10681 -1.53069 0.04 0.639271 0.534794
2.10681 -1.53069 0.04 0.639271 0.534794
2.02381 -1.63885 0.04 0.65421 0.541049
2.26862 -1.64825 0.16 0.644032 0.508763
2.02381 -1.63885 0.04 0.65421 0.541049
2.17924 -1.76472 0.16 0.659722 0.514382
2.26862 -1.64825 0.16 0.644032 0.508763
2.26862 -1.64825 0.16 0.644032 0.508763
2.17924 -1.76472 0.16 0.659722 0.514382
2.43042 -1.7658 0.36 0.650628 0.475176
2.17924 -1.76472 0.16 0.659722 0.514382
2.33467 -1.89058 0.36 0.667377 0.479891
2.43042 -1.7658 0.36 0.650628 0.475176
2.43042 -1.7658 0.36 0.650628 0.475176
2.33467 -1.89058 0.36 0.667377 0.479891
2.59222 -1.88336 0.64 0.659266 0.432876
2.33467 -1.89058 0.36 0.667377 0.479891
2.4901 -2.01645 0.64 0.677437 0.436291
2.59222 -1.88336 0.64 0.659266 0.432876
2.59222 -1.88336 0.64 0.659266 0.432876
2.4901 -2.01645 0.64 0.677437 0.436291
2.75403 -2.00092 1 0.67034 0.37992
2.4901 -2.01645 0.64 0.677437 0.436291
2.64553 -2.14231 1 0.690399 0.381433
2.75403 -2.00092 1 0.67034 0.37992
2.75403 -2.00092 1 0.67034 0.37992
2.64553 -2.14231 1 0.690399 0.381433
2.91583 -2.11847 1.44 0.684491 0.313277
2.64553 -2.14231 1 0.690399 0.381433
2.80096 -2.26817 1.44 0.70707 0.311941
2.91583 -2.11847 1.44 0.684491 0.313277
2.91583 -2.11847 1.44 0.684491 0.313277
2.80096 -2.26817 1.44 0.70707 0.311941
3.07763 -2.23603 1.96 0.70274 0.228226
2.80096 -2.26817 1.44 0.70707 0.311941
2.95639 -2.39404 1.96 0.728747 0.222499
3.07763 -2.23603 1.96 0.70274 0.228226
3.07763 -2.23603 1.96 0.70274 0.228226
2.95639 -2.39404 1.96 0.728747 0.222499
3.23944 -2.35359 2.56 0.726729 0.117207
2.95639 -2.39404 1.96 0.728747 0.222499
3.11182 -2.5199 2.56 0.757561 0.104441
3.23944 -2.35359 2.56 0.726729 0.117207
0.34102 -0.108928 -0 0.53956 0.997761
0.34102 -0.117557 -0 0.541968 0.997604
0.34102 -0.217856 -0 0.569925 0.99577
0.34102 -0.117557 -0 0.541968 0.997604
0.34102 -0.235114 -0 0.574732 0.995455
0.34102 -0.217856 -0 0.569925 0.99577
0.34102 -0.217856 -0 0.569925 0.99577
0.34102 -0.235114 -0 0.574732 0.995455
0.503202 -0.326783 -0 0.583402 0.887635
0.34102 -0.235114 -0 0.574732 0.995455
0.48541 -0.352671 -0 0.591144 0.897209
0.503202 -0.326783 -0 0.583402 0.887635
0.503202 -0.326783 -0 0.583402 0.887635
0.48541 -0.352671 -0 0.591144 0.897209
0.670936 -0.435711 -0 0.592699 0.807086
0.48541 -0.352671 -0 0.591144 0.897209
0.647214 -0.470228 -0 0.601766 0.816437
0.670936 -0.435711 -0 0.592699 0.807086
0.670936 -0.435711 -0 0.592699 0.807086
0.647214 -0.470228 -0 0.601766 0.816437
0.838671 -0.544639 -0 0.599683 0.74657
0.647214 -0.470228 -0 0.601766 0.816437
0.809017 -0.587785 -0 0.609781 0.755483
0.838671 -0.544639 -0 0.599683 0.74657
0.838671 -0.544639 -0 0.599683 0.74657
0.809017 -0.587785 -0 0.609781 0.755483
1.0064 -0.653567 -0 0.605123 0.69944
0.809017 -0.587785 -0 0.609781 0.755483
0.97082 -0.705342 -0 0.616045 0.707849
1.0064 -0.653567 -0 0.605123 0.69944
1.0064 -0.653567 -0 0.605123 0.69944
0.97082 -0.705342 -0 0.616045 0.707849
1.17414 -0.762495 -0 0.609479 0.661697
0.97082 -0.705342 -0 0.616045 0.707849
1.13262 -0.822899 -0 0.621075 0.6696
1.17414 -0.762495 -0 0.609479 0.661697
1.17414 -0.762495 -0 0.609479 0.661697
1.13262 -0.822899 -0 0.621075 0.6696
1.34187 -0.871422 -0 0.613046 0.630791
1.13262 -0.822899 -0 0.621075 0.6696
1.29443 -0.940456 -0 0.625203 0.63821
1.34187 -0.871422 -0 0.613046 0.630791
1.34187 -0.871422 -0 0.613046 0.630791
1.29443 -0.940456 -0 0.625203 0.63821
1.50961 -0.98035 -0 0.61602 0.605017
1.29443 -0.940456 -0 0.625203 0.63821
1.45623 -1.05801 -0 0.628652 0.611987
1.50961 -0.98035 -0 0.61602 0.605017
1.50961 -0.98035 -0 0.61602 0.605017
1.45623 -1.05801 -0 0.628652 0.611987
1.67734 -1.08928 -0 0.618539 0.583197
1.45623 -1.05801 -0 0.628652 0.611987
1.61803 -1.17557 -0 0.631576 0.589752
1.67734 -1.08928 -0 0.618539 0.583197
1.67734 -1.08928 -0 0.618539 0.583197
1.61803 -1.17557 -0 0.631576 0.589752
1.84508 -1.19821 -0 0.620699 0.564484
1.61803 -1.17557 -0 0.631576 0.589752
1.77984 -1.29313 -0 0.634087 0.570659
1.84508 -1.19821 -0 0.620699 0.564484
1.84508 -1.19821 -0 0.620699 0.564484
1.77984 -1.29313 -0 0.634087 0.570659
2.18404 -1.41833 0.04 0.625157 0.529375
1.77984 -1.29313 -0 0.634087 0.570659
2.10681 -1.53069 0.04 0.639271 0.534794
2.18404 -1.41833 0.04 0.625157 0.529375
2.18404 -1.41833 0.04 0.625157 0.529375
2.10681 -1.53069 0.04 0.639271 0.534794
2.35177 -1.52726 0.16 0.629254 0.503913
2.10681 -1.53069 0.04 0.639271 0.534794
2.26862 -1.64825 0.16 0.644032 0.508763
2.35177 -1.52726 0.16 0.629254 0.503913
2.35177 -1.52726 0.16 0.629254 0.503913
2.26862 -1.64825 0.16 0.644032 0.508763
2.5195 -1.63618 0.36 0.634919 0.471131
2.26862 -1.64825 0.16 0.644032 0.508763
2.43042 -1.7658 0.36 0.650628 0.475176
2.5195 -1.63618 0.36 0.634919 0.471131
2.5195 -1.63618 0.36 0.634919 0.471131
2.43042 -1.7658 0.36 0.650628 0.475176
2.68724 -1.74511 0.64 0.642317 0.429977
2.43042 -1.7658 0.36 0.650628 0.475176
2.59222 -1.88336 0.64 0.659266 0.432876
2.68724 -1.74511 0.64 0.642317 0.429977
2.68724 -1.74511 0.64 0.642317 0.429977
2.59222 -1.88336 0.64 0.659266 0.432876
2.85497 -1.85404 1 0.65176 0.378681
2.59222 -1.88336 0.64 0.659266 0.432876
2.75403 -2.00092 1 0.67034 0.37992
2.85497 -1.85404 1 0.65176 0.378681
2.85497 -1.85404 1 0.65176 0.378681
2.75403 -2.00092 1 0.67034 0.37992
3.02271 -1.96297 1.44 0.663763 0.314488
2.75403 -2.00092 1 0.67034 0.37992
2.91583 -2.11847 1.44 0.684491 0.313277
3.02271 -1.96297 1.44 0.663763 0.314488
3.02271 -1.96297 1.44 0.663763 0.314488
2.91583 -2.11847 1.44 0.684491 0.313277
3.19044 -2.0719 1.96 0.679129 0.233158
2.91583 -2.11847 1.44 0.684491 0.313277
3.07763 -2.23603 1.96 0.70274 0.228226
3.19044 -2.0719 1.96 0.679129 0.233158
3.19044 -2.0719 1.96 0.679129 0.233158
3.07763 -2.23603 1.96 0.70274 0.228226
3.35817 -2.18082 2.56 0.699143 0.127992
3.07763 -2.23603 1.96 0.70274 0.228226
3.23944 -2.35359 2.56 0.726729 0.117207
3.35817 -2.18082 2.56 0.699143 0.127992
0.34102 -0.1 -0 0.537069 0.997925
0.34102 -0.108928 -0 0.53956 0.997761
0.34641 -0.2 -0 0.56451 0.991908
0.34102 -0.108928 -0 0.53956 0.997761
0.34102 -0.217856 -0 0.569925 0.99577
0.34641 -0.2 -0 0.56451 0.991908
0.34641 -0.2 -0 0.56451 0.991908
0.34102 -0.217856 -0 0.569925 0.99577
0.519615 -0.3 -0 0.575826 0.879135
0.34102 -0.217856 -0 0.569925 0.99577
0.503202 -0.326783 -0 0.583402 0.887635
0.519615 -0.3 -0 0.575826 0.879135
0.519615 -0.3 -0 0.575826 0.879135
0.503202 -0.326783 -0 0.583402 0.887635
0.69282 -0.4 -0 0.583885 0.798829
0.503202 -0.326783 -0 0.583402 0.887635
0.670936 -0.435711 -0 0.592699 0.807086
0.69282 -0.4 -0 0.583885 0.798829
0.69282 -0.4 -0 0.583885 0.798829
0.670936 -0.435711 -0 0.592699 0.807086
0.866025 -0.5 -0 0.589915 0.738734
0.670936 -0.435711 -0 0.592699 0.807086
0.838671 -0.544639 -0 0.599683 0.74657
0.866025 -0.5 -0 0.589915 0.738734
0.866025 -0.5 -0 0.589915 0.738734
0.838671 -0.544639 -0 0.599683 0.74657
1.03923 -0.6 -0 0.594598 0.692073
0.838671 -0.544639 -0 0.599683 0.74657
1.0064 -0.653567 -0 0.605123 0.69944
1.03923 -0.6 -0 0.594598 0.692073
1.03923 -0.6 -0 0.594598 0.692073
1.0064 -0.653567 -0 0.605123 0.69944
1.21244 -0.7 -0 0.598339 0.654794
1.0064 -0.653567 -0 0.605123 0.69944
1.17414 -0.762495 -0 0.609479 0.661697
1.21244 -0.7 -0 0.598339 0.654794
1.21244 -0.7 -0 0.598339 0.654794
1.17414 -0.762495 -0 0.609479 0.661697
1.38564 -0.8 -0 0.601396 0.624326
1.17414 -0.762495 -0 0.609479 0.661697
1.34187 -0.871422 -0 0.613046 0.630791
1.38564 -0.8 -0 0.601396 0.624326
1.38564 -0.8 -0 0.601396 0.624326
1.34187 -0.871422 -0 0.613046 0.630791
1.55885 -0.9 -0 0.603942 0.598958
1.34187 -0.871422 -0 0.613046 0.630791
1.50961 -0.98035 -0 0.61602 0.605017
1.55885 -0.9 -0 0.603942 0.598958
1.55885 -0.9 -0 0.603942 0.598958
1.50961 -0.98035 -0 0.61602 0.605017
1.73205 -1 -0 0.606094 0.577509
1.50961 -0.98035 -0 0.61602 0.605017
1.67734 -1.08928 -0 0.618539 0.583197
1.73205 -1 -0 0.606094 0.577509
1.73205 -1 -0 0.606094 0.577509
1.67734 -1.08928 -0 0.618539 0.583197
1.90526 -1.1 -0 0.607938 0.559136
1.67734 -1.08928 -0 0.618539 0.583197
1.84508 -1.19821 -0 0.620699 0.564484
1.90526 -1.1 -0 0.607938 0.559136
1.90526 -1.1 -0 0.607938 0.559136
1.84508 -1.19821 -0 0.620699 0.564484
2.25527 -1.30208 0.04 0.611744 0.524702
1.84508 -1.19821 -0 0.620699 0.564484
2.18404 -1.41833 0.04 0.625157 0.529375
2.25527 -1.30208 0.04 0.611744 0.524702
2.25527 -1.30208 0.04 0.611744 0.524702
2.18404 -1.41833 0.04 0.625157 0.529375
2.42848 -1.40208 0.16 0.615249 0.499747
2.18404 -1.41833 0.04 0.625157 0.529375
2.35177 -1.52726 0.16 0.629254 0.503913
2.42848 -1.40208 0.16 0.615249 0.499747
2.42848 -1.40208 0.16 0.615249 0.499747
2.35177 -1.52726 0.16 0.629254 0.503913
2.60168 -1.50208 0.36 0.620088 0.467677
2.35177 -1.52726 0.16 0.629254 0.503913
2.5195 -1.63618 0.36 0.634919 0.471131
2.60168 -1.50208 0.36 0.620088 0.467677
2.60168 -1.50208 0.36 0.620088 0.467677
2.5195 -1.63618 0.36 0.634919 0.471131
2.77489 -1.60208 0.64 0.626392 0.427531
2.5195 -1.63618 0.36 0.634919 0.471131
2.68724 -1.74511 0.64 0.642317 0.429977
2.77489 -1.60208 0.64 0.626392 0.427531
2.77489 -1.60208 0.64 0.626392 0.427531
2.68724 -1.74511 0.64 0.642317 0.429977
2.94809 -1.70208 1 0.63441 0.377679
2.68724 -1.74511 0.64 0.642317 0.429977
2.85497 -1.85404 1 0.65176 0.378681
2.94809 -1.70208 1 0.63441 0.377679
2.94809 -1.70208 1 0.63441 0.377679
2.85497 -1.85404 1 0.65176 0.378681
3.1213 -1.80208 1.44 0.644554 0.315596
2.85497 -1.85404 1 0.65176 0.378681
3.02271 -1.96297 1.44 0.663763 0.314488
3.1213 -1.80208 1.44 0.644554 0.315596
3.1213 -1.80208 1.44 0.644554 0.315596
3.02271 -1.96297 1.44 0.663763 0.314488
3.2945 -1.90208 1.96 0.657463 0.237425
3.02271 -1.96297 1.44 0.663763 0.314488
3.19044 -2.0719 1.96 0.679129 0.233158
3.2945 -1.90208 1.96 0.657463 0.237425
3.2945 -1.90208 1.96 0.657463 0.237425
3.19044 -2.0719 1.96 0.679129 0.233158
3.46771 -2.00208 2.56 0.674143 0.13715
3.19044 -2.0719 1.96 0.679129 0.233158
3.35817 -2.18082 2.56 0.699143 0.127992
3.46771 -2.00208 2.56 0.674143 0.13715
3.46771 -2.00208 2.56 0.674143 0.13715
3.35817 -2.18082 2.56 0.699143 0.127992
3.64091 -2.10208 3.24 0.696239 0.00500306
0.34102 -0.0907981 -0 0.534502 0.998093
0.34102 -0.1 -0 0.537069 0.997925
0.356403 -0.181596 -0 0.558669 0.984609
0.34102 -0.1 -0 0.537069 0.997925
0.34641 -0.2 -0 0.56451 0.991908
0.356403 -0.181596 -0 0.558669 0.984609
0.356403 -0.181596 -0 0.558669 0.984609
0.34641 -0.2 -0 0.56451 0.991908
0.534604 -0.272394 -0 0.568399 0.871647
0.34641 -0.2 -0 0.56451 0.991908
0.519615 -0.3 -0 0.575826 0.879135
0.534604 -0.272394 -0 0.568399 0.871647
3.56774 -1.81785 2.56 0.651219 0.144949
3.46771 -2.00208 2.56 0.674143 0.13715
3.74594 -1.90865 3.24 0.669391 0.0193183
3.46771 -2.00208 2.56 0.674143 0.13715
3.64091 -2.10208 3.24 0.696239 0.00500306
3.74594 -1.90865 3.24 0.669391 0.0193183
0.34102 -0.0813473 -0 0.531865 0.998266
0.34102 -0.0907981 -0 0.534502 0.998093
0.365418 -0.162695 -0 0.552889 0.978204
0.34102 -0.0907981 -0 0.534502 0.998093
0.356403 -0.181596 -0 0.558669 0.984609
0.365418 -0.162695 -0 0.552889 0.978204
0.365418 -0.162695 -0 0.552889 0.978204
0.356403 -0.181596 -0 0.558669 0.984609
0.548127 -0.244042 -0 0.561103 0.865118
0.356403 -0.181596 -0 0.558669 0.984609
0.534604 -0.272394 -0 0.568399 0.871647
0.548127 -0.244042 -0 0.561103 0.865118
3.65798 -1.62864 2.56 0.62997 0.151597
3.56774 -1.81785 2.56 0.651219 0.144949
3.84069 -1.70999 3.24 0.644801 0.0313402
3.56774 -1.81785 2.56 0.651219 0.144949
3.74594 -1.90865 3.24 0.669391 0.0193183
3.84069 -1.70999 3.24 0.644801 0.0313402
0.34102 -0.0716736 -0 0.529165 0.998443
0.34102 -0.0813473 -0 0.531865 0.998266
0.373432 -0.143347 -0 0.547165 0.972664
0.34102 -0.0813473 -0 0.531865 0.998266
0.365418 -0.162695 -0 0.552889 0.978204
0.373432 -0.143347 -0 0.547165 0.972664
0.373432 -0.143347 -0 0.547165 0.972664
0.365418 -0.162695 -0 0.552889 0.978204
0.560148 -0.215021 -0 0.553923 0.859503
0.365418 -0.162695 -0 0.552889 0.978204
0.548127 -0.244042 -0 0.561103 0.865118
0.560148 -0.215021 -0 0.553923 0.859503
3.73821 -1.43496 2.56 0.610075 0.157251
3.65798 -1.62864 2.56 0.62997 0.151597
3.92492 -1.50664 3.24 0.62201 0.0414185
3.65798 -1.62864 2.56 0.62997 0.151597
3.84069 -1.70999 3.24 0.644801 0.0313402
3.92492 -1.50664 3.24 0.62201 0.0414185
0.34102 -0.0618034 -0 0.526409 0.998624
0.34102 -0.0716736 -0 0.529165 0.998443
0.380423 -0.123607 -0 0.541491 0.967961
0.34102 -0.0716736 -0 0.529165 0.998443
0.373432 -0.143347 -0 0.547165 0.972664
0.380423 -0.123607 -0 0.541491 0.967961
0.380423 -0.123607 -0 0.541491 0.967961
0.373432 -0.143347 -0 0.547165 0.972664
0.570634 -0.18541 -0 0.546844 0.854765
0.373432 -0.143347 -0 0.547165 0.972664
0.560148 -0.215021 -0 0.553923 0.859503
0.570634 -0.18541 -0 0.546844 0.854765
3.80819 -1.23735 2.56 0.591268 0.162038
3.73821 -1.43496 2.56 0.610075 0.157251
3.9984 -1.29916 3.24 0.600647 0.0498202
3.73821 -1.43496 2.56 0.610075 0.157251
3.92492 -1.50664 3.24 0.62201 0.0414185
3.9984 -1.29916 3.24 0.600647 0.0498202
0.34102 -0.0517638 -0 0.523606 0.998807
0.34102 -0.0618034 -0 0.526409 0.998624
0.38637 -0.103528 -0 0.535862 0.964072
0.34102 -0.0618034 -0 0.526409 0.998624
0.380423 -0.123607 -0 0.541491 0.967961
0.38637 -0.103528 -0 0.535862 0.964072
0.38637 -0.103528 -0 0.535862 0.964072
0.380423 -0.123607 -0 0.541491 0.967961
0.579556 -0.155291 -0 0.539853 0.850869
0.380423 -0.123607 -0 0.541491 0.967961
0.570634 -0.18541 -0 0.546844 0.854765
0.579556 -0.155291 -0 0.539853 0.850869
3.86772 -1.03635 2.56 0.57333 0.166053
3.80819 -1.23735 2.56 0.591268 0.162038
4.06091 -1.08812 3.24 0.580412 0.0567499
3.80819 -1.23735 2.56 0.591268 0.162038
3.9984 -1.29916 3.24 0.600647 0.0498202
4.06091 -1.08812 3.24 0.580412 0.0567499
0.34102 -0.0415823 -0 0.520764 0.998994
0.34102 -0.0517638 -0 0.523606 0.998807
0.391259 -0.0831647 -0 0.530273 0.960978
0.34102 -0.0517638 -0 0.523606 0.998807
0.38637 -0.103528 -0 0.535862 0.964072
0.391259 -0.0831647 -0 0.530273 0.960978
0.391259 -0.0831647 -0 0.530273 0.960978
0.38637 -0.103528 -0 0.535862 0.964072
0.586889 -0.124747 -0 0.532936 0.847791
0.38637 -0.103528 -0 0.535862 0.964072
0.579556 -0.155291 -0 0.539853 0.850869
0.586889 -0.124747 -0 0.532936 0.847791
3.91666 -0.832512 2.56 0.55607 0.169372
3.86772 -1.03635 2.56 0.57333 0.166053
4.11229 -0.874095 3.24 0.561051 0.0623641
3.86772 -1.03635 2.56 0.57333 0.166053
4.06091 -1.08812 3.24 0.580412 0.0567499
4.11229 -0.874095 3.24 0.561051 0.0623641
0.34102 -0.0312869 -0 0.517888 0.999182
0.34102 -0.0415823 -0 0.520764 0.998994
0.395075 -0.0625738 -0 0.524717 0.958666
0.34102 -0.0415823 -0 0.520764 0.998994
0.391259 -0.0831647 -0 0.530273 0.960978
0.395075 -0.0625738 -0 0.524717 0.958666
0.395075 -0.0625738 -0 0.524717 0.958666
0.391259 -0.0831647 -0 0.530273 0.960978
0.592613 -0.0938607 -0 0.52608 0.84551
0.391259 -0.0831647 -0 0.530273 0.960978
0.586889 -0.124747 -0 0.532936 0.847791
0.592613 -0.0938607 -0 0.52608 0.84551
3.95487 -0.626389 2.56 0.539324 0.172053
3.91666 -0.832512 2.56 0.55607 0.169372
4.1524 -0.657676 3.24 0.542345 0.0667812
3.91666 -0.832512 2.56 0.55607 0.169372
4.11229 -0.874095 3.24 0.561051 0.0623641
4.1524 -0.657676 3.24 0.542345 0.0667812
0.34102 -0.0209057 -0 0.514989 0.999219
0.34102 -0.0312869 -0 0.517888 0.999182
0.397809 -0.0418114 -0 0.519191 0.957123
0.34102 -0.0312869 -0 0.517888 0.999182
0.395075 -0.0625738 -0 0.524717 0.958666
0.397809 -0.0418114 -0 0.519191 0.957123
0.397809 -0.0418114 -0 0.519191 0.957123
0.395075 -0.0625738 -0 0.524717 0.958666
0.596713 -0.0627171 -0 0.519274 0.844009
0.395075 -0.0625738 -0 0.524717 0.958666
0.592613 -0.0938607 -0 0.52608 0.84551
0.596713 -0.0627171 -0 0.519274 0.844009
3.98223 -0.418549 2.56 0.522943 0.17414
3.95487 -0.626389 2.56 0.539324 0.172053
4.18113 -0.439455 3.24 0.524102 0.0700882
3.95487 -0.626389 2.56 0.539324 0.172053
4.1524 -0.657676 3.24 0.542345 0.0667812
4.18113 -0.439455 3.24 0.524102 0.0700882
0.34102 -0.0104672 -0 0.512073 0.999219
0.34102 -0.0209057 -0 0.514989 0.999219
0.399452 -0.0209344 -0 0.51369 0.956341
0.34102 -0.0209057 -0 0.514989 0.999219
0.397809 -0.0418114 -0 0.519191 0.957123
0.399452 -0.0209344 -0 0.51369 0.956341
0.399452 -0.0209344 -0 0.51369 0.956341
0.397809 -0.0418114 -0 0.519191 0.957123
0.599178 -0.0314016 -0 0.512504 0.843279
0.397809 -0.0418114 -0 0.519191 0.957123
0.596713 -0.0627171 -0 0.519274 0.844009
0.599178 -0.0314016 -0 0.512504 0.843279
3.99868 -0.209562 2.56 0.506791 0.175664
3.98223 -0.418549 2.56 0.522943 0.17414
4.1984 -0.220029 3.24 0.506145 0.0723457
3.98223 -0.418549 2.56 0.522943 0.17414
4.18113 -0.439455 3.24 0.524102 0.0700882
4.1984 -0.220029 3.24 0.506145 0.0723457
0.34102 -0.0104672 -0 0.512073 0.999219
0.399452 -0.0209344 -0 0.51369 0.956341
0.4 -2.44929e-17 -0 0.508208 0.956316
0.4 -2.44929e-17 -0 0.508208 0.956316
0.399452 -0.0209344 -0 0.51369 0.956341
0.6 -3.67394e-17 -0 0.505761 0.843312
0.399452 -0.0209344 -0 0.51369 0.956341
0.599178 -0.0314016 -0 0.512504 0.843279
0.6 -3.67394e-17 -0 0.505761 0.843312
4.00416 -2.45184e-16 2.56 0.490739 0.176645
3.99868 -0.209562 2.56 0.506791 0.175664
4.20416 -2.57431e-16 3.24 0.488308 0.0735911
3.99868 -0.209562 2.56 0.506791 0.175664
4.1984 -0.220029 3.24 0.506145 0.0723457
4.20416 -2.57431e-16 3.24 0.488308 0.0735911
0.399452 0.0209344 -0 0.502741 0.957046
0.4 -2.44929e-17 -0 0.508208 0.956316
0.599178 0.0314016 -0 0.499032 0.844108
0.4 -2.44929e-17 -0 0.508208 0.956316
0.6 -3.67394e-17 -0 0.505761 0.843312
0.599178 0.0314016 -0 0.499032 0.844108
3.99868 0.209562 2.56 0.474659 0.177093
4.00416 -2.45184e-16 2.56 0.490739 0.176645
4.1984 0.220029 3.24 0.47043 0.07384
4.00416 -2.45184e-16 2.56 0.490739 0.176645
4.20416 -2.57431e-16 3.24 0.488308 0.0735911
4.1984 0.220029 3.24 0.47043 0.07384
0.397809 0.0418114 -0 0.497284 0.958535
0.399452 0.0209344 -0 0.502741 0.957046
0.596713 0.0627171 -0 0.492305 0.845671
0.399452 0.0209344 -0 0.502741 0.957046
0.599178 0.0314016 -0 0.499032 0.844108
0.596713 0.0627171 -0 0.492305 0.845671
3.98223 0.418549 2.56 0.458426 0.177008
3.99868 0.209562 2.56 0.474659 0.177093
4.18113 0.439455 3.24 0.452349 0.0730875
3.99868 0.209562 2.56 0.474659 0.177093
4.1984 0.220029 3.24 0.47043 0.07384
4.18113 0.439455 3.24 0.452349 0.0730875
0.395075 0.0625738 -0 0.491832 0.960788
0.397809 0.0418114 -0 0.497284 0.958535
0.592613 0.0938607 -0 0.48557 0.848007
0.397809 0.0418114 -0 0.497284 0.958535
0.596713 0.0627171 -0 0.492305 0.845671
0.592613 0.0938607 -0 0.48557 0.848007
3.95487 0.626389 2.56 0.441908 0.176381
3.98223 0.418549 2.56 0.458426 0.177008
4.1524 0.657676 3.24 0.433895 0.0713073
3.98223 0.418549 2.56 0.458426 0.177008
4.18113 0.439455 3.24 0.452349 0.0730875
4.1524 0.657676 3.24 0.433895 0.0713073
0.391259 0.0831647 -0 0.486382 0.963814
0.395075 0.0625738 -0 0.491832 0.960788
0.586889 0.124747 -0 0.478815 0.851132
0.395075 0.0625738 -0 0.491832 0.960788
0.592613 0.0938607 -0 0.48557 0.848007
0.586889 0.124747 -0 0.478815 0.851132
3.91666 0.832512 2.56 0.424965 0.17519
3.95487 0.626389 2.56 0.441908 0.176381
4.11229 0.874095 3.24 0.414887 0.0684506
3.95487 0.626389 2.56 0.441908 0.176381
4.1524 0.657676 3.24 0.433895 0.0713073
4.11229 0.874095 3.24 0.414887 0.0684506
0.38637 0.103528 -0 0.480928 0.967626
0.391259 0.0831647 -0 0.486382 0.963814
0.579556 0.155291 -0 0.472028 0.855061
0.391259 0.0831647 -0 0.486382 0.963814
0.586889 0.124747 -0 0.478815 0.851132
0.579556 0.155291 -0 0.472028 0.855061
3.86772 1.03635 2.56 0.407442 0.173403
3.91666 0.832512 2.56 0.424965 0.17519
4.06091 1.08812 3.24 0.395122 0.0644428
3.91666 0.832512 2.56 0.424965 0.17519
4.11229 0.874095 3.24 0.414887 0.0684506
4.06091 1.08812 3.24 0.395122 0.0644428
0.380423 0.123607 -0 0.475465 0.972239
0.38637 0.103528 -0 0.480928 0.967626
0.570634 0.18541 -0 0.465197 0.85982
0.38637 0.103528 -0 0.480928 0.967626
0.579556 0.155291 -0 0.472028 0.855061
0.570634 0.18541 -0 0.465197 0.85982
3.80819 1.23735 2.56 0.389169 0.170976
3.86772 1.03635 2.56 0.407442 0.173403
3.9984 1.29916 3.24 0.374369 0.0591796
3.86772 1.03635 2.56 0.407442 0.173403
4.06091 1.08812 3.24 0.395122 0.0644428
3.9984 1.29916 3.24 0.374369 0.0591796
0.373432 0.143347 -0 0.469991 0.977675
0.380423 0.123607 -0 0.475465 0.972239
0.560148 0.215021 -0 0.458311 0.865436
0.380423 0.123607 -0 0.475465 0.972239
0.570634 0.18541 -0 0.465197 0.85982
0.560148 0.215021 -0 0.458311 0.865436
3.73821 1.43496 2.56 0.369945 0.167848
3.80819 1.23735 2.56 0.389169 0.170976
3.92492 1.50664 3.24 0.352359 0.0525198
3.80819 1.23735 2.56 0.389169 0.170976
3.9984 1.29916 3.24 0.374369 0.0591796
3.92492 1.50664 3.24 0.352359 0.0525198
0.365418 0.162695 -0 0.464499 0.983957
0.373432 0.143347 -0 0.469991 0.977675
0.548127 0.244042 -0 0.451357 0.871945
0.373432 0.143347 -0 0.469991 0.977675
0.560148 0.215021 -0 0.458311 0.865436
0.548127 0.244042 -0 0.451357 0.871945
3.65798 1.62864 2.56 0.349536 0.163937
3.73821 1.43496 2.56 0.369945 0.167848
3.84069 1.70999 3.24 0.328766 0.044277
3.73821 1.43496 2.56 0.369945 0.167848
3.92492 1.50664 3.24 0.352359 0.0525198
3.84069 1.70999 3.24 0.328766 0.044277
0.356403 0.181596 -0 0.458986 0.991114
0.365418 0.162695 -0 0.464499 0.983957
0.534604 0.272394 -0 0.44432 0.879387
0.365418 0.162695 -0 0.464499 0.983957
0.548127 0.244042 -0 0.451357 0.871945
0.534604 0.272394 -0 0.44432 0.879387
3.56774 1.81785 2.56 0.327662 0.15914
3.65798 1.62864 2.56 0.349536 0.163937
3.74594 1.90865 3.24 0.303192 0.0342048
3.65798 1.62864 2.56 0.349536 0.163937
3.84069 1.70999 3.24 0.328766 0.044277
3.74594 1.90865 3.24 0.303192 0.0342048
0.34641 0.2 -0 0.453447 0.999178
0.356403 0.181596 -0 0.458986 0.991114
0.519615 0.3 -0 0.437188 0.887812
0.356403 0.181596 -0 0.458986 0.991114
0.534604 0.272394 -0 0.44432 0.879387
0.519615 0.3 -0 0.437188 0.887812
3.46771 2.00208 2.56 0.303977 0.15332
3.56774 1.81785 2.56 0.327662 0.15914
3.64091 2.10208 3.24 0.275135 0.0219785
3.56774 1.81785 2.56 0.327662 0.15914
3.74594 1.90865 3.24 0.303192 0.0342048
3.64091 2.10208 3.24 0.275135 0.0219785
0.34641 0.2 -0 0.453447 0.999178
0.519615 0.3 -0 0.437188 0.887812
0.503202 0.326783 -0 0.429946 0.897275
0.838671 0.544639 -0 0.407422 0.757957
0.866025 0.5 -0 0.416915 0.748943
1.0064 0.653567 -0 0.399887 0.711349
0.866025 0.5 -0 0.416915 0.748943
1.03923 0.6 -0 0.410169 0.702737
1.0064 0.653567 -0 0.399887 0.711349
1.0064 0.653567 -0 0.399887 0.711349
1.03923 0.6 -0 0.410169 0.702737
1.17414 0.762495 -0 0.393849 0.674002
1.03923 0.6 -0 0.410169 0.702737
1.21244 0.7 -0 0.404777 0.665802
1.17414 0.762495 -0 0.393849 0.674002
1.17414 0.762495 -0 0.393849 0.674002
1.21244 0.7 -0 0.404777 0.665802
1.34187 0.871422 -0 0.388902 0.643405
1.21244 0.7 -0 0.404777 0.665802
1.38564 0.8 -0 0.400368 0.635602
1.34187 0.871422 -0 0.388902 0.643405
1.34187 0.871422 -0 0.388902 0.643405
1.38564 0.8 -0 0.400368 0.635602
1.50961 0.98035 -0 0.384775 0.617879
1.38564 0.8 -0 0.400368 0.635602
1.55885 0.9 -0 0.396696 0.610449
1.50961 0.98035 -0 0.384775 0.617879
1.50961 0.98035 -0 0.384775 0.617879
1.55885 0.9 -0 0.396696 0.610449
1.67734 1.08928 -0 0.38128 0.596261
1.55885 0.9 -0 0.396696 0.610449
1.73205 1 -0 0.393591 0.589176
1.67734 1.08928 -0 0.38128 0.596261
1.67734 1.08928 -0 0.38128 0.596261
1.73205 1 -0 0.393591 0.589176
1.84508 1.19821 -0 0.378282 0.577717
1.73205 1 -0 0.393591 0.589176
1.90526 1.1 -0 0.39093 0.570948
1.84508 1.19821 -0 0.378282 0.577717
1.84508 1.19821 -0 0.378282 0.577717
1.90526 1.1 -0 0.39093 0.570948
2.18404 1.41833 0.04 0.372223 0.542956
1.90526 1.1 -0 0.39093 0.570948
2.25527 1.30208 0.04 0.385566 0.536815
2.18404 1.41833 0.04 0.372223 0.542956
2.18404 1.41833 0.04 0.372223 0.542956
2.25527 1.30208 0.04 0.385566 0.536815
2.35177 1.52726 0.16 0.366908 0.517829
2.25527 1.30208 0.04 0.385566 0.536815
2.42848 1.40208 0.16 0.380879 0.512149
2.35177 1.52726 0.16 0.366908 0.517829
2.35177 1.52726 0.16 0.366908 0.517829
2.42848 1.40208 0.16 0.380879 0.512149
2.5195 1.63618 0.36 0.359644 0.485503
2.42848 1.40208 0.16 0.380879 0.512149
2.60168 1.50208 0.36 0.374494 0.480473
2.5195 1.63618 0.36 0.359644 0.485503
2.5195 1.63618 0.36 0.359644 0.485503
2.60168 1.50208 0.36 0.374494 0.480473
2.68724 1.74511 0.64 0.350215 0.444922
2.60168 1.50208 0.36 0.374494 0.480473
2.77489 1.60208 0.64 0.366234 0.44082
2.68724 1.74511 0.64 0.350215 0.444922
2.68724 1.74511 0.64 0.350215 0.444922
2.77489 1.60208 0.64 0.366234 0.44082
2.85497 1.85404 1 0.338213 0.394314
2.77489 1.60208 0.64 0.366234 0.44082
2.94809 1.70208 1 0.355763 0.391559
2.85497 1.85404 1 0.338213 0.394314
2.85497 1.85404 1 0.338213 0.394314
2.94809 1.70208 1 0.355763 0.391559
3.02271 1.96297 1.44 0.322978 0.330923
3.35817 2.18082 2.56 0.278048 0.146299
3.46771 2.00208 2.56 0.303977 0.15332
3.52591 2.28975 3.24 0.243949 0.00716518
3.46771 2.00208 2.56 0.303977 0.15332
3.64091 2.10208 3.24 0.275135 0.0219785
3.52591 2.28975 3.24 0.243949 0.00716518
0.48541 0.352671 -0 0.422579 0.907842
0.503202 0.326783 -0 0.429946 0.897275
0.647214 0.470228 -0 0.408369 0.828239
0.503202 0.326783 -0 0.429946 0.897275
0.670936 0.435711 -0 0.41709 0.817757
0.647214 0.470228 -0 0.408369 0.828239
0.647214 0.470228 -0 0.408369 0.828239
0.670936 0.435711 -0 0.41709 0.817757
0.809017 0.587785 -0 0.397633 0.768099
0.670936 0.435711 -0 0.41709 0.817757
0.838671 0.544639 -0 0.407422 0.757957
0.809017 0.587785 -0 0.397633 0.768099
0.809017 0.587785 -0 0.397633 0.768099
0.838671 0.544639 -0 0.407422 0.757957
0.97082 0.705342 -0 0.389237 0.721062
0.838671 0.544639 -0 0.407422 0.757957
1.0064 0.653567 -0 0.399887 0.711349
0.97082 0.705342 -0 0.389237 0.721062
0.97082 0.705342 -0 0.389237 0.721062
1.0064 0.653567 -0 0.399887 0.711349
1.13262 0.822899 -0 0.38249 0.683267
1.0064 0.653567 -0 0.399887 0.711349
1.17414 0.762495 -0 0.393849 0.674002
1.13262 0.822899 -0 0.38249 0.683267
1.13262 0.822899 -0 0.38249 0.683267
1.17414 0.762495 -0 0.393849 0.674002
1.29443 0.940456 -0 0.376951 0.652233
1.17414 0.762495 -0 0.393849 0.674002
1.34187 0.871422 -0 0.388902 0.643405
1.29443 0.940456 -0 0.376951 0.652233
1.29443 0.940456 -0 0.376951 0.652233
1.34187 0.871422 -0 0.388902 0.643405
1.45623 1.05801 -0 0.37232 0.626295
1.34187 0.871422 -0 0.388902 0.643405
1.50961 0.98035 -0 0.384775 0.617879
1.45623 1.05801 -0 0.37232 0.626295
1.45623 1.05801 -0 0.37232 0.626295
1.50961 0.98035 -0 0.384775 0.617879
1.61803 1.17557 -0 0.368393 0.604293
1.50961 0.98035 -0 0.384775 0.617879
1.67734 1.08928 -0 0.38128 0.596261
1.61803 1.17557 -0 0.368393 0.604293
1.61803 1.17557 -0 0.368393 0.604293
1.67734 1.08928 -0 0.38128 0.596261
1.77984 1.29313 -0 0.365019 0.585394
1.67734 1.08928 -0 0.38128 0.596261
1.84508 1.19821 -0 0.378282 0.577717
1.77984 1.29313 -0 0.365019 0.585394
1.77984 1.29313 -0 0.365019 0.585394
1.84508 1.19821 -0 0.378282 0.577717
2.10681 1.53069 0.04 0.358184 0.549931
1.84508 1.19821 -0 0.378282 0.577717
2.18404 1.41833 0.04 0.372223 0.542956
2.10681 1.53069 0.04 0.358184 0.549931
2.10681 1.53069 0.04 0.358184 0.549931
2.18404 1.41833 0.04 0.372223 0.542956
2.26862 1.64825 0.16 0.352162 0.524287
2.18404 1.41833 0.04 0.372223 0.542956
2.35177 1.52726 0.16 0.366908 0.517829
2.26862 1.64825 0.16 0.352162 0.524287
2.26862 1.64825 0.16 0.352162 0.524287
2.35177 1.52726 0.16 0.366908 0.517829
2.43042 1.7658 0.36 0.343907 0.491229
2.35177 1.52726 0.16 0.366908 0.517829
2.5195 1.63618 0.36 0.359644 0.485503
2.43042 1.7658 0.36 0.343907 0.491229
2.43042 1.7658 0.36 0.343907 0.491229
2.5195 1.63618 0.36 0.359644 0.485503
2.59222 1.88336 0.64 0.33315 0.449593
2.5195 1.63618 0.36 0.359644 0.485503
2.68724 1.74511 0.64 0.350215 0.444922
2.59222 1.88336 0.64 0.33315 0.449593
2.59222 1.88336 0.64 0.33315 0.449593
2.68724 1.74511 0.64 0.350215 0.444922
2.75403 2.00092 1 0.319392 0.397438
2.68724 1.74511 0.64 0.350215 0.444922
2.85497 1.85404 1 0.338213 0.394314
2.75403 2.00092 1 0.319392 0.397438
2.75403 2.00092 1 0.319392 0.397438
2.85497 1.85404 1 0.338213 0.394314
2.91583 2.11847 1.44 0.301823 0.33173
2.85497 1.85404 1 0.338213 0.394314
3.02271 1.96297 1.44 0.322978 0.330923
2.91583 2.11847 1.44 0.301823 0.33173
2.91583 2.11847 1.44 0.301823 0.33173
3.02271 1.96297 1.44 0.322978 0.330923
3.07763 2.23603 1.96 0.279159 0.247735
3.02271 1.96297 1.44 0.322978 0.330923
3.19044 2.0719 1.96 0.303474 0.250497
3.07763 2.23603 1.96 0.279159 0.247735
3.07763 2.23603 1.96 0.279159 0.247735
3.19044 2.0719 1.96 0.303474 0.250497
3.23944 2.35359 2.56 0.249324 0.137845
3.19044 2.0719 1.96 0.303474 0.250497
3.35817 2.18082 2.56 0.278048 0.146299
3.23944 2.35359 2.56 0.249324 0.137845
0.466288 0.377592 -0 0.415068 0.919587
0.48541 0.352671 -0 0.422579 0.907842
0.621717 0.503456 -0 0.399402 0.839948
0.48541 0.352671 -0 0.422579 0.907842
0.647214 0.470228 -0 0.408369 0.828239
0.621717 0.503456 -0 0.399402 0.839948
0.621717 0.503456 -0 0.399402 0.839948
0.647214 0.470228 -0 0.408369 0.828239
0.777146 0.62932 -0 0.387505 0.779472
0.647214 0.470228 -0 0.408369 0.828239
0.809017 0.587785 -0 0.397633 0.768099
0.777146 0.62932 -0 0.387505 0.779472
0.777146 0.62932 -0 0.387505 0.779472
0.809017 0.587785 -0 0.397633 0.768099
0.932575 0.755184 -0 0.378163 0.731985
0.809017 0.587785 -0 0.397633 0.768099
0.97082 0.705342 -0 0.389237 0.721062
0.932575 0.755184 -0 0.378163 0.731985
0.932575 0.755184 -0 0.378163 0.731985
0.97082 0.705342 -0 0.389237 0.721062
1.088 0.881049 -0 0.370633 0.693709
0.97082 0.705342 -0 0.389237 0.721062
1.13262 0.822899 -0 0.38249 0.683267
1.088 0.881049 -0 0.370633 0.693709
1.088 0.881049 -0 0.370633 0.693709
1.13262 0.822899 -0 0.38249 0.683267
1.24343 1.00691 -0 0.364435 0.6622
1.13262 0.822899 -0 0.38249 0.683267
1.29443 0.940456 -0 0.376951 0.652233
1.24343 1.00691 -0 0.364435 0.6622
1.24343 1.00691 -0 0.364435 0.6622
1.29443 0.940456 -0 0.376951 0.652233
1.39886 1.13278 -0 0.359243 0.635809
1.29443 0.940456 -0 0.376951 0.652233
1.45623 1.05801 -0 0.37232 0.626295
1.39886 1.13278 -0 0.359243 0.635809
1.39886 1.13278 -0 0.359243 0.635809
1.45623 1.05801 -0 0.37232 0.626295
1.55429 1.25864 -0 0.354832 0.613384
1.45623 1.05801 -0 0.37232 0.626295
1.61803 1.17557 -0 0.368393 0.604293
1.55429 1.25864 -0 0.354832 0.613384
1.55429 1.25864 -0 0.354832 0.613384
1.61803 1.17557 -0 0.368393 0.604293
1.70972 1.3845 -0 0.351037 0.594092
1.61803 1.17557 -0 0.368393 0.604293
1.77984 1.29313 -0 0.365019 0.585394
1.70972 1.3845 -0 0.351037 0.594092
1.70972 1.3845 -0 0.351037 0.594092
1.77984 1.29313 -0 0.365019 0.585394
2.02381 1.63885 0.04 0.343325 0.557847
1.77984 1.29313 -0 0.365019 0.585394
2.10681 1.53069 0.04 0.358184 0.549931
2.02381 1.63885 0.04 0.343325 0.557847
2.02381 1.63885 0.04 0.343325 0.557847
2.10681 1.53069 0.04 0.358184 0.549931
2.17924 1.76472 0.16 0.336502 0.531627
2.10681 1.53069 0.04 0.358184 0.549931
2.26862 1.64825 0.16 0.352162 0.524287
2.17924 1.76472 0.16 0.336502 0.531627
2.17924 1.76472 0.16 0.336502 0.531627
2.26862 1.64825 0.16 0.352162 0.524287
2.33467 1.89058 0.36 0.327117 0.497748
2.26862 1.64825 0.16 0.352162 0.524287
2.43042 1.7658 0.36 0.343907 0.491229
2.33467 1.89058 0.36 0.327117 0.497748
2.33467 1.89058 0.36 0.327117 0.497748
2.43042 1.7658 0.36 0.343907 0.491229
2.4901 2.01645 0.64 0.314833 0.454919
2.43042 1.7658 0.36 0.343907 0.491229
2.59222 1.88336 0.64 0.33315 0.449593
2.4901 2.01645 0.64 0.314833 0.454919
2.4901 2.01645 0.64 0.314833 0.454919
2.59222 1.88336 0.64 0.33315 0.449593
2.64553 2.14231 1 0.299036 0.400993
2.59222 1.88336 0.64 0.33315 0.449593
2.75403 2.00092 1 0.319392 0.397438
2.64553 2.14231 1 0.299036 0.400993
2.64553 2.14231 1 0.299036 0.400993
2.75403 2.00092 1 0.319392 0.397438
2.80096 2.26817 1.44 0.278724 0.332594
2.75403 2.00092 1 0.319392 0.397438
2.91583 2.11847 1.44 0.301823 0.33173
2.80096 2.26817 1.44 0.278724 0.332594
2.80096 2.26817 1.44 0.278724 0.332594
2.91583 2.11847 1.44 0.301823 0.33173
2.95639 2.39404 1.96 0.25229 0.244388
2.91583 2.11847 1.44 0.301823 0.33173
3.07763 2.23603 1.96 0.279159 0.247735
2.95639 2.39404 1.96 0.25229 0.244388
2.95639 2.39404 1.96 0.25229 0.244388
3.07763 2.23603 1.96 0.279159 0.247735
3.11182 2.5199 2.56 0.217084 0.127646
3.07763 2.23603 1.96 0.279159 0.247735
3.23944 2.35359 2.56 0.249324 0.137845
3.11182 2.5199 2.56 0.217084 0.127646
0.445887 0.401478 -0 0.407397 0.932597
0.466288 0.377592 -0 0.415068 0.919587
0.594516 0.535304 -0 0.390155 0.852993
0.466288 0.377592 -0 0.415068 0.919587
0.621717 0.503456 -0 0.399402 0.839948
0.594516 0.535304 -0 0.390155 0.852993
0.594516 0.535304 -0 0.390155 0.852993
0.621717 0.503456 -0 0.399402 0.839948
0.743145 0.669131 -0 0.376986 0.792197
0.621717 0.503456 -0 0.399402 0.839948
0.777146 0.62932 -0 0.387505 0.779472
0.743145 0.669131 -0 0.376986 0.792197
0.743145 0.669131 -0 0.376986 0.792197
0.777146 0.62932 -0 0.387505 0.779472
0.891774 0.802957 -0 0.3666 0.744248
0.777146 0.62932 -0 0.387505 0.779472
0.932575 0.755184 -0 0.378163 0.731985
0.891774 0.802957 -0 0.3666 0.744248
0.891774 0.802957 -0 0.3666 0.744248
0.932575 0.755184 -0 0.378163 0.731985
1.0404 0.936783 -0 0.358199 0.705461
0.932575 0.755184 -0 0.378163 0.731985
1.088 0.881049 -0 0.370633 0.693709
1.0404 0.936783 -0 0.358199 0.705461
1.0404 0.936783 -0 0.358199 0.705461
1.088 0.881049 -0 0.370633 0.693709
1.18903 1.07061 -0 0.351263 0.673441
1.088 0.881049 -0 0.370633 0.693709
1.24343 1.00691 -0 0.364435 0.6622
1.18903 1.07061 -0 0.351263 0.673441
1.18903 1.07061 -0 0.351263 0.673441
1.24343 1.00691 -0 0.364435 0.6622
1.33766 1.20444 -0 0.34544 0.646558
1.24343 1.00691 -0 0.364435 0.6622
1.39886 1.13278 -0 0.359243 0.635809
1.33766 1.20444 -0 0.34544 0.646558
1.33766 1.20444 -0 0.34544 0.646558
1.39886 1.13278 -0 0.359243 0.635809
1.48629 1.33826 -0 0.340482 0.623669
1.39886 1.13278 -0 0.359243 0.635809
1.55429 1.25864 -0 0.354832 0.613384
1.48629 1.33826 -0 0.340482 0.623669
1.48629 1.33826 -0 0.340482 0.623669
1.55429 1.25864 -0 0.354832 0.613384
1.63492 1.47209 -0 0.336209 0.603943
1.55429 1.25864 -0 0.354832 0.613384
1.70972 1.3845 -0 0.351037 0.594092
1.63492 1.47209 -0 0.336209 0.603943
1.63492 1.47209 -0 0.336209 0.603943
1.70972 1.3845 -0 0.351037 0.594092
1.93527 1.74253 0.04 0.327501 0.566833
1.70972 1.3845 -0 0.351037 0.594092
2.02381 1.63885 0.04 0.343325 0.557847
1.93527 1.74253 0.04 0.327501 0.566833
1.93527 1.74253 0.04 0.327501 0.566833
2.02381 1.63885 0.04 0.343325 0.557847
2.0839 1.87635 0.16 0.319761 0.539977
2.02381 1.63885 0.04 0.343325 0.557847
2.17924 1.76472 0.16 0.336502 0.531627
2.0839 1.87635 0.16 0.319761 0.539977
2.0839 1.87635 0.16 0.319761 0.539977
2.17924 1.76472 0.16 0.336502 0.531627
2.23253 2.01018 0.36 0.309073 0.505183
2.17924 1.76472 0.16 0.336502 0.531627
2.33467 1.89058 0.36 0.327117 0.497748
2.23253 2.01018 0.36 0.309073 0.505183
2.23253 2.01018 0.36 0.309073 0.505183
2.33467 1.89058 0.36 0.327117 0.497748
2.38116 2.144 0.64 0.295015 0.461008
2.33467 1.89058 0.36 0.327117 0.497748
2.4901 2.01645 0.64 0.314833 0.454919
2.38116 2.144 0.64 0.295015 0.461008
2.38116 2.144 0.64 0.295015 0.461008
2.4901 2.01645 0.64 0.314833 0.454919
2.52979 2.27783 1 0.276823 0.405057
2.4901 2.01645 0.64 0.314833 0.454919
2.64553 2.14231 1 0.299036 0.400993
2.52979 2.27783 1 0.276823 0.405057
2.52979 2.27783 1 0.276823 0.405057
2.64553 2.14231 1 0.299036 0.400993
2.67842 2.41166 1.44 0.253243 0.333529
2.64553 2.14231 1 0.299036 0.400993
2.80096 2.26817 1.44 0.278724 0.332594
2.67842 2.41166 1.44 0.253243 0.333529
2.67842 2.41166 1.44 0.253243 0.333529
2.80096 2.26817 1.44 0.278724 0.332594
2.82704 2.54548 1.96 0.222235 0.240333
2.80096 2.26817 1.44 0.278724 0.332594
2.95639 2.39404 1.96 0.25229 0.244388
2.82704 2.54548 1.96 0.222235 0.240333
2.82704 2.54548 1.96 0.222235 0.240333
2.95639 2.39404 1.96 0.25229 0.244388
2.97567 2.67931 2.56 0.180367 0.11528
2.95639 2.39404 1.96 0.25229 0.244388
3.11182 2.5199 2.56 0.217084 0.127646
2.97567 2.67931 2.56 0.180367 0.11528
0.424264 0.424264 -0 0.399546 0.946969
0.445887 0.401478 -0 0.407397 0.932597
0.565685 0.565685 -0 0.380591 0.8675
0.445887 0.401478 -0 0.407397 0.932597
0.594516 0.535304 -0 0.390155 0.852993
0.565685 0.565685 -0 0.380591 0.8675
0.565685 0.565685 -0 0.380591 0.8675
0.594516 0.535304 -0 0.390155 0.852993
0.707107 0.707107 -0 0.366021 0.806418
0.594516 0.535304 -0 0.390155 0.852993
0.743145 0.669131 -0 0.376986 0.792197
0.707107 0.707107 -0 0.366021 0.806418
0.707107 0.707107 -0 0.366021 0.806418
0.743145 0.669131 -0 0.376986 0.792197
0.848528 0.848528 -0 0.354473 0.758003
0.743145 0.669131 -0 0.376986 0.792197
0.891774 0.802957 -0 0.3666 0.744248
0.848528 0.848528 -0 0.354473 0.758003
0.848528 0.848528 -0 0.354473 0.758003
0.891774 0.802957 -0 0.3666 0.744248
0.98995 0.98995 -0 0.345094 0.718686
0.891774 0.802957 -0 0.3666 0.744248
1.0404 0.936783 -0 0.358199 0.705461
0.98995 0.98995 -0 0.345094 0.718686
0.98995 0.98995 -0 0.345094 0.718686
1.0404 0.936783 -0 0.358199 0.705461
1.13137 1.13137 -0 0.337327 0.686121
1.0404 0.936783 -0 0.358199 0.705461
1.18903 1.07061 -0 0.351263 0.673441
1.13137 1.13137 -0 0.337327 0.686121
1.13137 1.13137 -0 0.337327 0.686121
1.18903 1.07061 -0 0.351263 0.673441
1.27279 1.27279 -0 0.330788 0.658708
1.18903 1.07061 -0 0.351263 0.673441
1.33766 1.20444 -0 0.34544 0.646558
1.27279 1.27279 -0 0.330788 0.658708
1.27279 1.27279 -0 0.330788 0.658708
1.33766 1.20444 -0 0.34544 0.646558
1.41421 1.41421 -0 0.325207 0.635313
1.33766 1.20444 -0 0.34544 0.646558
1.48629 1.33826 -0 0.340482 0.623669
1.41421 1.41421 -0 0.325207 0.635313
1.41421 1.41421 -0 0.325207 0.635313
1.48629 1.33826 -0 0.340482 0.623669
1.55563 1.55563 -0 0.320389 0.615113
1.48629 1.33826 -0 0.340482 0.623669
1.63492 1.47209 -0 0.336209 0.603943
1.55563 1.55563 -0 0.320389 0.615113
1.55563 1.55563 -0 0.320389 0.615113
1.63492 1.47209 -0 0.336209 0.603943
1.84142 1.84142 0.04 0.310536 0.57705
1.63492 1.47209 -0 0.336209 0.603943
1.93527 1.74253 0.04 0.327501 0.566833
1.84142 1.84142 0.04 0.310536 0.57705
1.84142 1.84142 0.04 0.310536 0.57705
1.93527 1.74253 0.04 0.327501 0.566833
1.98284 1.98284 0.16 0.301736 0.549494
1.93527 1.74253 0.04 0.327501 0.566833
2.0839 1.87635 0.16 0.319761 0.539977
1.98284 1.98284 0.16 0.301736 0.549494
1.98284 1.98284 0.16 0.301736 0.549494
2.0839 1.87635 0.16 0.319761 0.539977
2.12426 2.12426 0.36 0.28953 0.513685
2.0839 1.87635 0.16 0.319761 0.539977
2.23253 2.01018 0.36 0.309073 0.505183
2.12426 2.12426 0.36 0.28953 0.513685
2.12426 2.12426 0.36 0.28953 0.513685
2.23253 2.01018 0.36 0.309073 0.505183
2.26569 2.26569 0.64 0.273387 0.467997
2.23253 2.01018 0.36 0.309073 0.505183
2.38116 2.144 0.64 0.295015 0.461008
2.26569 2.26569 0.64 0.273387 0.467997
2.26569 2.26569 0.64 0.273387 0.467997
2.38116 2.144 0.64 0.295015 0.461008
2.40711 2.40711 1 0.252344 0.409729
2.38116 2.144 0.64 0.295015 0.461008
2.52979 2.27783 1 0.276823 0.405057
2.40711 2.40711 1 0.252344 0.409729
2.40711 2.40711 1 0.252344 0.409729
2.52979 2.27783 1 0.276823 0.405057
2.54853 2.54853 1.44 0.224812 0.334554
2.52979 2.27783 1 0.276823 0.405057
2.67842 2.41166 1.44 0.253243 0.333529
2.54853 2.54853 1.44 0.224812 0.334554
2.54853 2.54853 1.44 0.224812 0.334554
2.67842 2.41166 1.44 0.253243 0.333529
2.68995 2.68995 1.96 0.188162 0.235406
2.67842 2.41166 1.44 0.253243 0.333529
2.82704 2.54548 1.96 0.222235 0.240333
2.68995 2.68995 1.96 0.188162 0.235406
2.68995 2.68995 1.96 0.188162 0.235406
2.82704 2.54548 1.96 0.222235 0.240333
2.83137 2.83137 2.56 0.137855 0.100162
2.82704 2.54548 1.96 0.222235 0.240333
2.97567 2.67931 2.56 0.180367 0.11528
2.83137 2.83137 2.56 0.137855 0.100162
0.401478 0.445887 -0 0.391494 0.962817
0.424264 0.424264 -0 0.399546 0.946969
0.535304 0.594516 -0 0.370667 0.883614
0.424264 0.424264 -0 0.399546 0.946969
0.565685 0.565685 -0 0.380591 0.8675
0.535304 0.594516 -0 0.370667 0.883614
0.535304 0.594516 -0 0.370667 0.883614
0.565685 0.565685 -0 0.380591 0.8675
0.669131 0.743145 -0 0.354544 0.822303
0.565685 0.565685 -0 0.380591 0.8675
0.707107 0.707107 -0 0.366021 0.806418
0.669131 0.743145 -0 0.354544 0.822303
0.669131 0.743145 -0 0.354544 0.822303
0.707107 0.707107 -0 0.366021 0.806418
0.802957 0.891774 -0 0.341694 0.773436
0.707107 0.707107 -0 0.366021 0.806418
0.848528 0.848528 -0 0.354473 0.758003
0.802957 0.891774 -0 0.341694 0.773436
0.802957 0.891774 -0 0.341694 0.773436
0.848528 0.848528 -0 0.354473 0.758003
0.936783 1.0404 -0 0.331212 0.733574
0.848528 0.848528 -0 0.354473 0.758003
0.98995 0.98995 -0 0.345094 0.718686
0.936783 1.0404 -0 0.331212 0.733574
0.936783 1.0404 -0 0.331212 0.733574
0.98995 0.98995 -0 0.345094 0.718686
1.07061 1.18903 -0 0.322498 0.700438
0.98995 0.98995 -0 0.345094 0.718686
1.13137 1.13137 -0 0.337327 0.686121
1.07061 1.18903 -0 0.322498 0.700438
1.07061 1.18903 -0 0.322498 0.700438
1.13137 1.13137 -0 0.337327 0.686121
1.20444 1.33766 -0 0.315141 0.672458
1.13137 1.13137 -0 0.337327 0.686121
1.27279 1.27279 -0 0.330788 0.658708
1.20444 1.33766 -0 0.315141 0.672458
1.20444 1.33766 -0 0.315141 0.672458
1.27279 1.27279 -0 0.330788 0.658708
1.33826 1.48629 -0 0.308845 0.648517
1.27279 1.27279 -0 0.330788 0.658708
1.41421 1.41421 -0 0.325207 0.635313
1.33826 1.48629 -0 0.308845 0.648517
1.33826 1.48629 -0 0.308845 0.648517
1.41421 1.41421 -0 0.325207 0.635313
1.47209 1.63492 -0 0.303397 0.6278
1.41421 1.41421 -0 0.325207 0.635313
1.55563 1.55563 -0 0.320389 0.615113
1.47209 1.63492 -0 0.303397 0.6278
1.47209 1.63492 -0 0.303397 0.6278
1.55563 1.55563 -0 0.320389 0.615113
1.74253 1.93527 0.04 0.292215 0.588695
1.55563 1.55563 -0 0.320389 0.615113
1.84142 1.84142 0.04 0.310536 0.57705
1.74253 1.93527 0.04 0.292215 0.588695
1.74253 1.93527 0.04 0.292215 0.588695
1.84142 1.84142 0.04 0.310536 0.57705
1.87635 2.0839 0.16 0.282177 0.560375
1.84142 1.84142 0.04 0.310536 0.57705
1.98284 1.98284 0.16 0.301736 0.549494
1.87635 2.0839 0.16 0.282177 0.560375
1.87635 2.0839 0.16 0.282177 0.560375
1.98284 1.98284 0.16 0.301736 0.549494
2.01018 2.23253 0.36 0.268184 0.523447
1.98284 1.98284 0.16 0.301736 0.549494
2.12426 2.12426 0.36 0.28953 0.513685
2.01018 2.23253 0.36 0.268184 0.523447
2.01018 2.23253 0.36 0.268184 0.523447
2.12426 2.12426 0.36 0.28953 0.513685
2.144 2.38116 0.64 0.249557 0.47606
2.12426 2.12426 0.36 0.28953 0.513685
2.26569 2.26569 0.64 0.273387 0.467997
2.144 2.38116 0.64 0.249557 0.47606
2.144 2.38116 0.64 0.249557 0.47606
2.26569 2.26569 0.64 0.273387 0.467997
2.27783 2.52979 1 0.225072 0.415141
2.26569 2.26569 0.64 0.273387 0.467997
2.40711 2.40711 1 0.252344 0.409729
2.27783 2.52979 1 0.225072 0.415141
2.27783 2.52979 1 0.225072 0.415141
2.40711 2.40711 1 0.252344 0.409729
2.41166 2.67842 1.44 0.192684 0.335693
2.40711 2.40711 1 0.252344 0.409729
2.54853 2.54853 1.44 0.224812 0.334554
2.41166 2.67842 1.44 0.192684 0.335693
2.41166 2.67842 1.44 0.192684 0.335693
2.54853 2.54853 1.44 0.224812 0.334554
2.54548 2.82704 1.96 0.148938 0.229382
2.54853 2.54853 1.44 0.224812 0.334554
2.68995 2.68995 1.96 0.188162 0.235406
2.54548 2.82704 1.96 0.148938 0.229382
2.54548 2.82704 1.96 0.148938 0.229382
2.68995 2.68995 1.96 0.188162 0.235406
2.67931 2.97567 2.56 0.0876874 0.0814622
2.68995 2.68995 1.96 0.188162 0.235406
2.83137 2.83137 2.56 0.137855 0.100162
2.67931 2.97567 2.56 0.0876874 0.0814622
0.377592 0.466288 -0 0.383218 0.98027
0.401478 0.445887 -0 0.391494 0.962817
0.503456 0.621717 -0 0.360335 0.901506
0.401478 0.445887 -0 0.391494 0.962817
0.535304 0.594516 -0 0.370667 0.883614
0.503456 0.621717 -0 0.360335 0.901506
0.503456 0.621717 -0 0.360335 0.901506
0.535304 0.594516 -0 0.370667 0.883614
0.62932 0.777146 -0 0.342481 0.840052
0.535304 0.594516 -0 0.370667 0.883614
0.669131 0.743145 -0 0.354544 0.822303
0.62932 0.777146 -0 0.342481 0.840052
0.62932 0.777146 -0 0.342481 0.840052
0.669131 0.743145 -0 0.354544 0.822303
0.755184 0.932575 -0 0.328162 0.790766
0.669131 0.743145 -0 0.354544 0.822303
0.802957 0.891774 -0 0.341694 0.773436
0.755184 0.932575 -0 0.328162 0.790766
0.755184 0.932575 -0 0.328162 0.790766
0.802957 0.891774 -0 0.341694 0.773436
0.881049 1.088 -0 0.316423 0.750361
0.802957 0.891774 -0 0.341694 0.773436
0.936783 1.0404 -0 0.331212 0.733574
0.881049 1.088 -0 0.316423 0.750361
0.881049 1.088 -0 0.316423 0.750361
0.936783 1.0404 -0 0.331212 0.733574
1.00691 1.24343 -0 0.306625 0.716634
0.936783 1.0404 -0 0.331212 0.733574
1.07061 1.18903 -0 0.322498 0.700438
1.00691 1.24343 -0 0.306625 0.716634
1.00691 1.24343 -0 0.306625 0.716634
1.07061 1.18903 -0 0.322498 0.700438
1.13278 1.39886 -0 0.298322 0.688056
1.07061 1.18903 -0 0.322498 0.700438
1.20444 1.33766 -0 0.315141 0.672458
1.13278 1.39886 -0 0.298322 0.688056
1.13278 1.39886 -0 0.298322 0.688056
1.20444 1.33766 -0 0.315141 0.672458
1.25864 1.55429 -0 0.291197 0.663531
1.20444 1.33766 -0 0.315141 0.672458
1.33826 1.48629 -0 0.308845 0.648517
1.25864 1.55429 -0 0.291197 0.663531
1.25864 1.55429 -0 0.291197 0.663531
1.33826 1.48629 -0 0.308845 0.648517
1.3845 1.70972 -0 0.285016 0.642255
1.33826 1.48629 -0 0.308845 0.648517
1.47209 1.63492 -0 0.303397 0.6278
1.3845 1.70972 -0 0.285016 0.642255
1.3845 1.70972 -0 0.285016 0.642255
1.47209 1.63492 -0 0.303397 0.6278
1.63885 2.02381 0.04 0.272276 0.602017
1.47209 1.63492 -0 0.303397 0.6278
1.74253 1.93527 0.04 0.292215 0.588695
1.63885 2.02381 0.04 0.272276 0.602017
1.63885 2.02381 0.04 0.272276 0.602017
1.74253 1.93527 0.04 0.292215 0.588695
1.76472 2.17924 0.16 0.260774 0.572868
1.74253 1.93527 0.04 0.292215 0.588695
1.87635 2.0839 0.16 0.282177 0.560375
1.76472 2.17924 0.16 0.260774 0.572868
1.76472 2.17924 0.16 0.260774 0.572868
1.87635 2.0839 0.16 0.282177 0.560375
1.89058 2.33467 0.36 0.24465 0.53471
1.87635 2.0839 0.16 0.282177 0.560375
2.01018 2.23253 0.36 0.268184 0.523447
1.89058 2.33467 0.36 0.24465 0.53471
1.89058 2.33467 0.36 0.24465 0.53471
2.01018 2.23253 0.36 0.268184 0.523447
2.01645 2.4901 0.64 0.223025 0.485422
2.01018 2.23253 0.36 0.268184 0.523447
2.144 2.38116 0.64 0.249557 0.47606
2.01645 2.4901 0.64 0.223025 0.485422
2.01645 2.4901 0.64 0.223025 0.485422
2.144 2.38116 0.64 0.249557 0.47606
2.14231 2.64553 1 0.19432 0.421461
2.144 2.38116 0.64 0.249557 0.47606
2.27783 2.52979 1 0.225072 0.415141
2.14231 2.64553 1 0.19432 0.421461
2.14231 2.64553 1 0.19432 0.421461
2.27783 2.52979 1 0.225072 0.415141
2.26817 2.80096 1.44 0.155855 0.336977
2.27783 2.52979 1 0.225072 0.415141
2.41166 2.67842 1.44 0.192684 0.335693
2.26817 2.80096 1.44 0.155855 0.336977
2.26817 2.80096 1.44 0.155855 0.336977
2.41166 2.67842 1.44 0.192684 0.335693
2.39404 2.95639 1.96 0.102987 0.221947
2.41166 2.67842 1.44 0.192684 0.335693
2.54548 2.82704 1.96 0.148938 0.229382
2.39404 2.95639 1.96 0.102987 0.221947
2.39404 2.95639 1.96 0.102987 0.221947
2.54548 2.82704 1.96 0.148938 0.229382
2.5199 3.11182 2.56 0.0271479 0.0579596
2.54548 2.82704 1.96 0.148938 0.229382
2.67931 2.97567 2.56 0.0876874 0.0814622
2.5199 3.11182 2.56 0.0271479 0.0579596
0.352671 0.48541 -0 0.374691 0.999219
0.377592 0.466288 -0 0.383218 0.98027
0.470228 0.647214 -0 0.349539 0.921376
0.377592 0.466288 -0 0.383218 0.98027
0.503456 0.621717 -0 0.360335 0.901506
0.470228 0.647214 -0 0.349539 0.921376
0.470228 0.647214 -0 0.349539 0.921376
0.503456 0.621717 -0 0.360335 0.901506
0.587785 0.809017 -0 0.329743 0.859904
0.503456 0.621717 -0 0.360335 0.901506
0.62932 0.777146 -0 0.342481 0.840052
0.587785 0.809017 -0 0.329743 0.859904
0.587785 0.809017 -0 0.329743 0.859904
0.62932 0.777146 -0 0.342481 0.840052
0.705342 0.97082 -0 0.313755 0.81026
0.62932 0.777146 -0 0.342481 0.840052
0.755184 0.932575 -0 0.328162 0.790766
0.705342 0.97082 -0 0.313755 0.81026
0.705342 0.97082 -0 0.313755 0.81026
0.755184 0.932575 -0 0.328162 0.790766
0.822899 1.13262 -0 0.300574 0.769331
0.755184 0.932575 -0 0.328162 0.790766
0.881049 1.088 -0 0.316423 0.750361
0.822899 1.13262 -0 0.300574 0.769331
0.822899 1.13262 -0 0.300574 0.769331
0.881049 1.088 -0 0.316423 0.750361
0.940456 1.29443 -0 0.28952 0.735005
0.881049 1.088 -0 0.316423 0.750361
1.00691 1.24343 -0 0.306625 0.716634
0.940456 1.29443 -0 0.28952 0.735005
0.940456 1.29443 -0 0.28952 0.735005
1.00691 1.24343 -0 0.306625 0.716634
1.05801 1.45623 -0 0.280117 0.705806
1.00691 1.24343 -0 0.306625 0.716634
1.13278 1.39886 -0 0.298322 0.688056
1.05801 1.45623 -0 0.280117 0.705806
1.05801 1.45623 -0 0.280117 0.705806
1.13278 1.39886 -0 0.298322 0.688056
1.17557 1.61803 -0 0.27202 0.680664
1.13278 1.39886 -0 0.298322 0.688056
1.25864 1.55429 -0 0.291197 0.663531
1.17557 1.61803 -0 0.27202 0.680664
1.17557 1.61803 -0 0.27202 0.680664
1.25864 1.55429 -0 0.291197 0.663531
1.29313 1.77984 -0 0.264975 0.658788
1.25864 1.55429 -0 0.291197 0.663531
1.3845 1.70972 -0 0.285016 0.642255
1.29313 1.77984 -0 0.264975 0.658788
1.29313 1.77984 -0 0.264975 0.658788
1.3845 1.70972 -0 0.285016 0.642255
1.53069 2.10681 0.04 0.250389 0.617327
1.3845 1.70972 -0 0.285016 0.642255
1.63885 2.02381 0.04 0.272276 0.602017
1.53069 2.10681 0.04 0.250389 0.617327
1.53069 2.10681 0.04 0.250389 0.617327
1.63885 2.02381 0.04 0.272276 0.602017
1.64825 2.26862 0.16 0.237135 0.58729
1.63885 2.02381 0.04 0.272276 0.602017
1.76472 2.17924 0.16 0.260774 0.572868
1.64825 2.26862 0.16 0.237135 0.58729
1.64825 2.26862 0.16 0.237135 0.58729
1.76472 2.17924 0.16 0.260774 0.572868
1.7658 2.43042 0.36 0.218435 0.547792
1.76472 2.17924 0.16 0.260774 0.572868
1.89058 2.33467 0.36 0.24465 0.53471
1.7658 2.43042 0.36 0.218435 0.547792
1.7658 2.43042 0.36 0.218435 0.547792
1.89058 2.33467 0.36 0.24465 0.53471
1.88336 2.59222 0.64 0.193137 0.496378
1.89058 2.33467 0.36 0.24465 0.53471
2.01645 2.4901 0.64 0.223025 0.485422
1.88336 2.59222 0.64 0.193137 0.496378
1.88336 2.59222 0.64 0.193137 0.496378
2.01645 2.4901 0.64 0.223025 0.485422
2.00092 2.75403 1 0.159167 0.42892
2.01645 2.4901 0.64 0.223025 0.485422
2.14231 2.64553 1 0.19432 0.421461
2.00092 2.75403 1 0.159167 0.42892
2.00092 2.75403 1 0.159167 0.42892
2.14231 2.64553 1 0.19432 0.421461
2.11847 2.91583 1.44 0.11294 0.338451
2.14231 2.64553 1 0.19432 0.421461
2.26817 2.80096 1.44 0.155855 0.336977
2.11847 2.91583 1.44 0.11294 0.338451
2.11847 2.91583 1.44 0.11294 0.338451
2.26817 2.80096 1.44 0.155855 0.336977
2.23603 3.07763 1.96 0.048045 0.212645
2.26817 2.80096 1.44 0.155855 0.336977
2.39404 2.95639 1.96 0.102987 0.221947
2.23603 3.07763 1.96 0.048045 0.212645
0.352671 0.48541 -0 0.374691 0.999219
0.470228 0.647214 -0 0.349539 0.921376
0.435711 0.670936 -0 0.338218 0.943462
0.435711 0.670936 -0 0.338218 0.943462
0.470228 0.647214 -0 0.349539 0.921376
0.544639 0.838671 -0 0.316227 0.882146
0.470228 0.647214 -0 0.349539 0.921376
0.587785 0.809017 -0 0.329743 0.859904
0.544639 0.838671 -0 0.316227 0.882146
0.544639 0.838671 -0 0.316227 0.882146
0.587785 0.809017 -0 0.329743 0.859904
0.653567 1.0064 -0 0.298329 0.832241
0.587785 0.809017 -0 0.329743 0.859904
0.705342 0.97082 -0 0.313755 0.81026
0.653567 1.0064 -0 0.298329 0.832241
0.653567 1.0064 -0 0.298329 0.832241
0.705342 0.97082 -0 0.313755 0.81026
0.762495 1.17414 -0 0.283478 0.790833
0.705342 0.97082 -0 0.313755 0.81026
0.822899 1.13262 -0 0.300574 0.769331
0.762495 1.17414 -0 0.283478 0.790833
0.762495 1.17414 -0 0.283478 0.790833
0.822899 1.13262 -0 0.300574 0.769331
0.871422 1.34187 -0 0.270957 0.755922
0.822899 1.13262 -0 0.300574 0.769331
0.940456 1.29443 -0 0.28952 0.735005
0.871422 1.34187 -0 0.270957 0.755922
0.871422 1.34187 -0 0.270957 0.755922
0.940456 1.29443 -0 0.28952 0.735005
0.98035 1.50961 -0 0.260258 0.72609
0.940456 1.29443 -0 0.28952 0.735005
1.05801 1.45623 -0 0.280117 0.705806
0.98035 1.50961 -0 0.260258 0.72609
0.98035 1.50961 -0 0.260258 0.72609
1.05801 1.45623 -0 0.280117 0.705806
1.08928 1.67734 -0 0.25101 0.700304
1.05801 1.45623 -0 0.280117 0.705806
1.17557 1.61803 -0 0.27202 0.680664
1.08928 1.67734 -0 0.25101 0.700304
1.08928 1.67734 -0 0.25101 0.700304
1.17557 1.61803 -0 0.27202 0.680664
1.19821 1.84508 -0 0.242937 0.677793
1.17557 1.61803 -0 0.27202 0.680664
1.29313 1.77984 -0 0.264975 0.658788
1.19821 1.84508 -0 0.242937 0.677793
1.19821 1.84508 -0 0.242937 0.677793
1.29313 1.77984 -0 0.264975 0.658788
1.41833 2.18404 0.04 0.226134 0.635027
1.29313 1.77984 -0 0.264975 0.658788
1.53069 2.10681 0.04 0.250389 0.617327
1.41833 2.18404 0.04 0.226134 0.635027
1.41833 2.18404 0.04 0.226134 0.635027
1.53069 2.10681 0.04 0.250389 0.617327
1.52726 2.35177 0.16 0.210757 0.60405
1.53069 2.10681 0.04 0.250389 0.617327
1.64825 2.26862 0.16 0.237135 0.58729
1.52726 2.35177 0.16 0.210757 0.60405
1.52726 2.35177 0.16 0.210757 0.60405
1.64825 2.26862 0.16 0.237135 0.58729
1.63618 2.5195 0.36 0.188897 0.563105
1.64825 2.26862 0.16 0.237135 0.58729
1.7658 2.43042 0.36 0.218435 0.547792
1.63618 2.5195 0.36 0.188897 0.563105
1.63618 2.5195 0.36 0.188897 0.563105
1.7658 2.43042 0.36 0.218435 0.547792
1.74511 2.68724 0.64 0.159022 0.509327
1.7658 2.43042 0.36 0.218435 0.547792
1.88336 2.59222 0.64 0.193137 0.496378
1.74511 2.68724 0.64 0.159022 0.509327
1.74511 2.68724 0.64 0.159022 0.509327
1.88336 2.59222 0.64 0.193137 0.496378
1.85404 2.85497 1 0.118354 0.437834
1.88336 2.59222 0.64 0.193137 0.496378
2.00092 2.75403 1 0.159167 0.42892
1.85404 2.85497 1 0.118354 0.437834
1.85404 2.85497 1 0.118354 0.437834
2.00092 2.75403 1 0.159167 0.42892
1.96297 3.02271 1.44 0.0619699 0.340176
2.00092 2.75403 1 0.159167 0.42892
2.11847 2.91583 1.44 0.11294 0.338451
1.96297 3.02271 1.44 0.0619699 0.340176
0.4 0.69282 -0 0.326296 0.96804
0.435711 0.670936 -0 0.338218 0.943462
0.5 0.866025 -0 0.301811 0.907122
0.435711 0.670936 -0 0.338218 0.943462
0.544639 0.838671 -0 0.316227 0.882146
0.5 0.866025 -0 0.301811 0.907122
0.5 0.866025 -0 0.301811 0.907122
0.544639 0.838671 -0 0.316227 0.882146
0.6 1.03923 -0 0.281707 0.857104
0.544639 0.838671 -0 0.316227 0.882146
0.653567 1.0064 -0 0.298329 0.832241
0.6 1.03923 -0 0.281707 0.857104
0.6 1.03923 -0 0.281707 0.857104
0.653567 1.0064 -0 0.298329 0.832241
0.7 1.21244 -0 0.264905 0.815302
0.653567 1.0064 -0 0.298329 0.832241
0.762495 1.17414 -0 0.283478 0.790833
0.7 1.21244 -0 0.264905 0.815302
0.7 1.21244 -0 0.264905 0.815302
0.762495 1.17414 -0 0.283478 0.790833
0.8 1.38564 -0 0.250654 0.779845
0.762495 1.17414 -0 0.283478 0.790833
0.871422 1.34187 -0 0.270957 0.755922
0.8 1.38564 -0 0.250654 0.779845
0.8 1.38564 -0 0.250654 0.779845
0.871422 1.34187 -0 0.270957 0.755922
0.9 1.55885 -0 0.238413 0.749389
0.871422 1.34187 -0 0.270957 0.755922
0.98035 1.50961 -0 0.260258 0.72609
0.9 1.55885 -0 0.238413 0.749389
0.9 1.55885 -0 0.238413 0.749389
0.98035 1.50961 -0 0.260258 0.72609
1 1.73205 -0 0.227785 0.722948
0.98035 1.50961 -0 0.260258 0.72609
1.08928 1.67734 -0 0.25101 0.700304
1 1.73205 -0 0.227785 0.722948
1 1.73205 -0 0.227785 0.722948
1.08928 1.67734 -0 0.25101 0.700304
1.1 1.90526 -0 0.218471 0.699775
1.08928 1.67734 -0 0.25101 0.700304
1.19821 1.84508 -0 0.242937 0.677793
1.1 1.90526 -0 0.218471 0.699775
1.1 1.90526 -0 0.218471 0.699775
1.19821 1.84508 -0 0.242937 0.677793
1.30208 2.25527 0.04 0.198971 0.655636
1.19821 1.84508 -0 0.242937 0.677793
1.41833 2.18404 0.04 0.226134 0.635027
1.30208 2.25527 0.04 0.198971 0.655636
1.30208 2.25527 0.04 0.198971 0.655636
1.41833 2.18404 0.04 0.226134 0.635027
1.40208 2.42848 0.16 0.180979 0.623686
1.41833 2.18404 0.04 0.226134 0.635027
1.52726 2.35177 0.16 0.210757 0.60405
1.40208 2.42848 0.16 0.180979 0.623686
1.40208 2.42848 0.16 0.180979 0.623686
1.52726 2.35177 0.16 0.210757 0.60405
1.50208 2.60168 0.36 0.155178 0.581204
1.52726 2.35177 0.16 0.210757 0.60405
1.63618 2.5195 0.36 0.188897 0.563105
1.50208 2.60168 0.36 0.155178 0.581204
1.50208 2.60168 0.36 0.155178 0.581204
1.63618 2.5195 0.36 0.188897 0.563105
1.60208 2.77489 0.64 0.119489 0.524811
1.63618 2.5195 0.36 0.188897 0.563105
1.74511 2.68724 0.64 0.159022 0.509327
1.60208 2.77489 0.64 0.119489 0.524811
1.60208 2.77489 0.64 0.119489 0.524811
1.74511 2.68724 0.64 0.159022 0.509327
1.70208 2.94809 1 0.0700999 0.448651
1.74511 2.68724 0.64 0.159022 0.509327
1.85404 2.85497 1 0.118354 0.437834
1.70208 2.94809 1 0.0700999 0.448651
1.70208 2.94809 1 0.0700999 0.448651
1.85404 2.85497 1 0.118354 0.437834
1.80208 3.1213 1.44 4.35703e-05 0.342245
1.85404 2.85497 1 0.118354 0.437834
1.96297 3.02271 1.44 0.0619699 0.340176
1.80208 3.1213 1.44 4.35703e-05 0.342245
