0.534604 -0.272394 -0 0.568399 0.871647
0.519615 -0.3 -0 0.575826 0.879135
0.712805 -0.363192 -0 0.575294 0.791592
0.519615 -0.3 -0 0.575826 0.879135
0.69282 -0.4 -0 0.583885 0.798829
0.712805 -0.363192 -0 0.575294 0.791592
0.712805 -0.363192 -0 0.575294 0.791592
0.69282 -0.4 -0 0.583885 0.798829
0.891007 -0.453991 -0 0.580437 0.731894
0.69282 -0.4 -0 0.583885 0.798829
0.866025 -0.5 -0 0.589915 0.738734
0.891007 -0.453991 -0 0.580437 0.731894
0.891007 -0.453991 -0 0.580437 0.731894
0.866025 -0.5 -0 0.589915 0.738734
1.06921 -0.544789 -0 0.584419 0.685663
0.866025 -0.5 -0 0.589915 0.738734
1.03923 -0.6 -0 0.594598 0.692073
1.06921 -0.544789 -0 0.584419 0.685663
1.06921 -0.544789 -0 0.584419 0.685663
1.03923 -0.6 -0 0.594598 0.692073
1.24741 -0.635587 -0 0.587594 0.648805
1.03923 -0.6 -0 0.594598 0.692073
1.21244 -0.7 -0 0.598339 0.654794
1.24741 -0.635587 -0 0.587594 0.648805
1.24741 -0.635587 -0 0.587594 0.648805
1.21244 -0.7 -0 0.598339 0.654794
1.42561 -0.726385 -0 0.590184 0.618731
1.21244 -0.7 -0 0.598339 0.654794
1.38564 -0.8 -0 0.601396 0.624326
1.42561 -0.726385 -0 0.590184 0.618731
1.42561 -0.726385 -0 0.590184 0.618731
1.38564 -0.8 -0 0.601396 0.624326
1.60381 -0.817183 -0 0.592338 0.593726
1.38564 -0.8 -0 0.601396 0.624326
1.55885 -0.9 -0 0.603942 0.598958
1.60381 -0.817183 -0 0.592338 0.593726
1.60381 -0.817183 -0 0.592338 0.593726
1.55885 -0.9 -0 0.603942 0.598958
1.78201 -0.907981 -0 0.594157 0.572609
1.55885 -0.9 -0 0.603942 0.598958
1.73205 -1 -0 0.606094 0.577509
1.78201 -0.907981 -0 0.594157 0.572609
1.78201 -0.907981 -0 0.594157 0.572609
1.73205 -1 -0 0.606094 0.577509
1.96021 -0.998779 -0 0.595713 0.554537
1.73205 -1 -0 0.606094 0.577509
1.90526 -1.1 -0 0.607938 0.559136
1.96021 -0.998779 -0 0.595713 0.554537
1.96021 -0.998779 -0 0.595713 0.554537
1.90526 -1.1 -0 0.607938 0.559136
2.32033 -1.18227 0.04 0.59893 0.5207
1.90526 -1.1 -0 0.607938 0.559136
2.25527 -1.30208 0.04 0.611744 0.524702
2.32033 -1.18227 0.04 0.59893 0.5207
2.32033 -1.18227 0.04 0.59893 0.5207
2.25527 -1.30208 0.04 0.611744 0.524702
2.49853 -1.27306 0.16 0.6019 0.496193
2.25527 -1.30208 0.04 0.611744 0.524702
2.42848 -1.40208 0.16 0.615249 0.499747
2.49853 -1.27306 0.16 0.6019 0.496193
2.49853 -1.27306 0.16 0.6019 0.496193
2.42848 -1.40208 0.16 0.615249 0.499747
2.67673 -1.36386 0.36 0.605998 0.464751
2.42848 -1.40208 0.16 0.615249 0.499747
2.60168 -1.50208 0.36 0.620088 0.467677
2.67673 -1.36386 0.36 0.605998 0.464751
2.67673 -1.36386 0.36 0.605998 0.464751
2.60168 -1.50208 0.36 0.620088 0.467677
2.85493 -1.45466 0.64 0.611326 0.425487
2.60168 -1.50208 0.36 0.620088 0.467677
2.77489 -1.60208 0.64 0.626392 0.427531
2.85493 -1.45466 0.64 0.611326 0.425487
2.85493 -1.45466 0.64 0.611326 0.425487
2.77489 -1.60208 0.64 0.626392 0.427531
3.03313 -1.54546 1 0.618084 0.376888
2.77489 -1.60208 0.64 0.626392 0.427531
2.94809 -1.70208 1 0.63441 0.377679
3.03313 -1.54546 1 0.618084 0.376888
3.03313 -1.54546 1 0.618084 0.376888
2.94809 -1.70208 1 0.63441 0.377679
3.21133 -1.63626 1.44 0.626599 0.316617
2.94809 -1.70208 1 0.63441 0.377679
3.1213 -1.80208 1.44 0.644554 0.315596
3.21133 -1.63626 1.44 0.626599 0.316617
3.21133 -1.63626 1.44 0.626599 0.316617
3.1213 -1.80208 1.44 0.644554 0.315596
3.38953 -1.72705 1.96 0.63738 0.241128
3.1213 -1.80208 1.44 0.644554 0.315596
3.2945 -1.90208 1.96 0.657463 0.237425
3.38953 -1.72705 1.96 0.63738 0.241128
3.38953 -1.72705 1.96 0.63738 0.241128
3.2945 -1.90208 1.96 0.657463 0.237425
3.56774 -1.81785 2.56 0.651219 0.144949
3.2945 -1.90208 1.96 0.657463 0.237425
3.46771 -2.00208 2.56 0.674143 0.13715
3.56774 -1.81785 2.56 0.651219 0.144949
0.548127 -0.244042 -0 0.561103 0.865118
0.534604 -0.272394 -0 0.568399 0.871647
0.730836 -0.325389 -0 0.566899 0.785313
0.534604 -0.272394 -0 0.568399 0.871647
0.712805 -0.363192 -0 0.575294 0.791592
0.730836 -0.325389 -0 0.566899 0.785313
0.730836 -0.325389 -0 0.566899 0.785313
0.712805 -0.363192 -0 0.575294 0.791592
0.913545 -0.406737 -0 0.571209 0.725982
0.712805 -0.363192 -0 0.575294 0.791592
0.891007 -0.453991 -0 0.580437 0.731894
0.913545 -0.406737 -0 0.571209 0.725982
0.913545 -0.406737 -0 0.571209 0.725982
0.891007 -0.453991 -0 0.580437 0.731894
1.09625 -0.488084 -0 0.574538 0.680141
0.891007 -0.453991 -0 0.580437 0.731894
1.06921 -0.544789 -0 0.584419 0.685663
1.09625 -0.488084 -0 0.574538 0.680141
1.09625 -0.488084 -0 0.574538 0.680141
1.06921 -0.544789 -0 0.584419 0.685663
1.27896 -0.569431 -0 0.577188 0.64366
1.06921 -0.544789 -0 0.584419 0.685663
1.24741 -0.635587 -0 0.587594 0.648805
1.27896 -0.569431 -0 0.577188 0.64366
1.27896 -0.569431 -0 0.577188 0.64366
1.24741 -0.635587 -0 0.587594 0.648805
1.46167 -0.650779 -0 0.579347 0.613937
1.24741 -0.635587 -0 0.587594 0.648805
1.42561 -0.726385 -0 0.590184 0.618731
1.46167 -0.650779 -0 0.579347 0.613937
1.46167 -0.650779 -0 0.579347 0.613937
1.42561 -0.726385 -0 0.590184 0.618731
1.64438 -0.732126 -0 0.58114 0.589254
1.42561 -0.726385 -0 0.590184 0.618731
1.60381 -0.817183 -0 0.592338 0.593726
1.64438 -0.732126 -0 0.58114 0.589254
1.64438 -0.732126 -0 0.58114 0.589254
1.60381 -0.817183 -0 0.592338 0.593726
1.82709 -0.813473 -0 0.582652 0.568429
1.60381 -0.817183 -0 0.592338 0.593726
1.78201 -0.907981 -0 0.594157 0.572609
1.82709 -0.813473 -0 0.582652 0.568429
1.82709 -0.813473 -0 0.582652 0.568429
1.78201 -0.907981 -0 0.594157 0.572609
2.0098 -0.894821 -0 0.583946 0.550622
1.78201 -0.907981 -0 0.594157 0.572609
1.96021 -0.998779 -0 0.595713 0.554537
2.0098 -0.894821 -0 0.583946 0.550622
2.0098 -0.894821 -0 0.583946 0.550622
1.96021 -0.998779 -0 0.595713 0.554537
2.37902 -1.05921 0.04 0.586623 0.517308
1.96021 -0.998779 -0 0.595713 0.554537
2.32033 -1.18227 0.04 0.59893 0.5207
2.37902 -1.05921 0.04 0.586623 0.517308
2.37902 -1.05921 0.04 0.586623 0.517308
2.32033 -1.18227 0.04 0.59893 0.5207
2.56173 -1.14056 0.16 0.589106 0.493196
2.32033 -1.18227 0.04 0.59893 0.5207
2.49853 -1.27306 0.16 0.6019 0.496193
2.56173 -1.14056 0.16 0.589106 0.493196
2.56173 -1.14056 0.16 0.589106 0.493196
2.49853 -1.27306 0.16 0.6019 0.496193
2.74444 -1.2219 0.36 0.592533 0.462303
2.49853 -1.27306 0.16 0.6019 0.496193
2.67673 -1.36386 0.36 0.605998 0.464751
2.74444 -1.2219 0.36 0.592533 0.462303
2.74444 -1.2219 0.36 0.592533 0.462303
2.67673 -1.36386 0.36 0.605998 0.464751
2.92715 -1.30325 0.64 0.596981 0.423804
2.67673 -1.36386 0.36 0.605998 0.464751
2.85493 -1.45466 0.64 0.611326 0.425487
2.92715 -1.30325 0.64 0.596981 0.423804
2.92715 -1.30325 0.64 0.596981 0.423804
2.85493 -1.45466 0.64 0.611326 0.425487
3.10986 -1.3846 1 0.60261 0.376286
2.85493 -1.45466 0.64 0.611326 0.425487
3.03313 -1.54546 1 0.618084 0.376888
3.10986 -1.3846 1 0.60261 0.376286
3.10986 -1.3846 1 0.60261 0.376286
3.03313 -1.54546 1 0.618084 0.376888
3.29257 -1.46595 1.44 0.60968 0.317565
3.03313 -1.54546 1 0.618084 0.376888
3.21133 -1.63626 1.44 0.626599 0.316617
3.29257 -1.46595 1.44 0.60968 0.317565
3.29257 -1.46595 1.44 0.60968 0.317565
3.21133 -1.63626 1.44 0.626599 0.316617
3.47528 -1.54729 1.96 0.618593 0.244348
3.21133 -1.63626 1.44 0.626599 0.316617
3.38953 -1.72705 1.96 0.63738 0.241128
3.47528 -1.54729 1.96 0.618593 0.244348
3.47528 -1.54729 1.96 0.618593 0.244348
3.38953 -1.72705 1.96 0.63738 0.241128
3.65798 -1.62864 2.56 0.62997 0.151597
3.38953 -1.72705 1.96 0.63738 0.241128
3.56774 -1.81785 2.56 0.651219 0.144949
3.65798 -1.62864 2.56 0.62997 0.151597
0.560148 -0.215021 -0 0.553923 0.859503
0.548127 -0.244042 -0 0.561103 0.865118
0.746864 -0.286694 -0 0.558675 0.779938
0.548127 -0.244042 -0 0.561103 0.865118
0.730836 -0.325389 -0 0.566899 0.785313
0.746864 -0.286694 -0 0.558675 0.779938
0.746864 -0.286694 -0 0.558675 0.779938
0.730836 -0.325389 -0 0.566899 0.785313
0.93358 -0.358368 -0 0.562198 0.72094
0.730836 -0.325389 -0 0.566899 0.785313
0.913545 -0.406737 -0 0.571209 0.725982
0.93358 -0.358368 -0 0.562198 0.72094
0.93358 -0.358368 -0 0.562198 0.72094
0.913545 -0.406737 -0 0.571209 0.725982
1.1203 -0.430042 -0 0.564915 0.675448
0.913545 -0.406737 -0 0.571209 0.725982
1.09625 -0.488084 -0 0.574538 0.680141
1.1203 -0.430042 -0 0.564915 0.675448
1.1203 -0.430042 -0 0.564915 0.675448
1.09625 -0.488084 -0 0.574538 0.680141
1.30701 -0.501715 -0 0.567073 0.6393
1.09625 -0.488084 -0 0.574538 0.680141
1.27896 -0.569431 -0 0.577188 0.64366
1.30701 -0.501715 -0 0.567073 0.6393
1.30701 -0.501715 -0 0.567073 0.6393
1.27896 -0.569431 -0 0.577188 0.64366
1.49373 -0.573389 -0 0.56883 0.609885
1.27896 -0.569431 -0 0.577188 0.64366
1.46167 -0.650779 -0 0.579347 0.613937
1.49373 -0.573389 -0 0.56883 0.609885
1.49373 -0.573389 -0 0.56883 0.609885
1.46167 -0.650779 -0 0.579347 0.613937
1.68044 -0.645062 -0 0.570287 0.585483
1.46167 -0.650779 -0 0.579347 0.613937
1.64438 -0.732126 -0 0.58114 0.589254
1.68044 -0.645062 -0 0.570287 0.585483
1.68044 -0.645062 -0 0.570287 0.585483
1.64438 -0.732126 -0 0.58114 0.589254
1.86716 -0.716736 -0 0.571516 0.564913
1.64438 -0.732126 -0 0.58114 0.589254
1.82709 -0.813473 -0 0.582652 0.568429
1.86716 -0.716736 -0 0.571516 0.564913
1.86716 -0.716736 -0 0.571516 0.564913
1.82709 -0.813473 -0 0.582652 0.568429
2.05388 -0.788409 -0 0.572565 0.547337
1.82709 -0.813473 -0 0.582652 0.568429
2.0098 -0.894821 -0 0.583946 0.550622
2.05388 -0.788409 -0 0.572565 0.547337
2.05388 -0.788409 -0 0.572565 0.547337
2.0098 -0.894821 -0 0.583946 0.550622
2.4312 -0.933249 0.04 0.574744 0.514479
2.0098 -0.894821 -0 0.583946 0.550622
2.37902 -1.05921 0.04 0.586623 0.517308
2.4312 -0.933249 0.04 0.574744 0.514479
2.4312 -0.933249 0.04 0.574744 0.514479
2.37902 -1.05921 0.04 0.586623 0.517308
2.61791 -1.00492 0.16 0.57678 0.490708
2.37902 -1.05921 0.04 0.586623 0.517308
2.56173 -1.14056 0.16 0.589106 0.493196
2.61791 -1.00492 0.16 0.57678 0.490708
2.61791 -1.00492 0.16 0.57678 0.490708
2.56173 -1.14056 0.16 0.589106 0.493196
2.80463 -1.0766 0.36 0.579592 0.460289
2.56173 -1.14056 0.16 0.589106 0.493196
2.74444 -1.2219 0.36 0.592533 0.462303
2.80463 -1.0766 0.36 0.579592 0.460289
2.80463 -1.0766 0.36 0.579592 0.460289
2.74444 -1.2219 0.36 0.592533 0.462303
2.99134 -1.14827 0.64 0.583238 0.422451
2.74444 -1.2219 0.36 0.592533 0.462303
2.92715 -1.30325 0.64 0.596981 0.423804
2.99134 -1.14827 0.64 0.583238 0.422451
2.99134 -1.14827 0.64 0.583238 0.422451
2.92715 -1.30325 0.64 0.596981 0.423804
3.17806 -1.21994 1 0.587844 0.375857
2.92715 -1.30325 0.64 0.596981 0.423804
3.10986 -1.3846 1 0.60261 0.376286
3.17806 -1.21994 1 0.587844 0.375857
3.17806 -1.21994 1 0.587844 0.375857
3.10986 -1.3846 1 0.60261 0.376286
3.36478 -1.29162 1.44 0.593615 0.318452
3.10986 -1.3846 1 0.60261 0.376286
3.29257 -1.46595 1.44 0.60968 0.317565
3.36478 -1.29162 1.44 0.593615 0.318452
3.36478 -1.29162 1.44 0.593615 0.318452
3.29257 -1.46595 1.44 0.60968 0.317565
3.55149 -1.36329 1.96 0.600864 0.247146
3.29257 -1.46595 1.44 0.60968 0.317565
3.47528 -1.54729 1.96 0.618593 0.244348
3.55149 -1.36329 1.96 0.600864 0.247146
3.55149 -1.36329 1.96 0.600864 0.247146
3.47528 -1.54729 1.96 0.618593 0.244348
3.73821 -1.43496 2.56 0.610075 0.157251
3.47528 -1.54729 1.96 0.618593 0.244348
3.65798 -1.62864 2.56 0.62997 0.151597
3.73821 -1.43496 2.56 0.610075 0.157251
0.570634 -0.18541 -0 0.546844 0.854765
0.560148 -0.215021 -0 0.553923 0.859503
0.760845 -0.247214 -0 0.550596 0.775422
0.560148 -0.215021 -0 0.553923 0.859503
0.746864 -0.286694 -0 0.558675 0.779938
0.760845 -0.247214 -0 0.550596 0.775422
0.760845 -0.247214 -0 0.550596 0.775422
0.746864 -0.286694 -0 0.558675 0.779938
0.951057 -0.309017 -0 0.553372 0.716721
0.746864 -0.286694 -0 0.558675 0.779938
0.93358 -0.358368 -0 0.562198 0.72094
0.951057 -0.309017 -0 0.553372 0.716721
0.951057 -0.309017 -0 0.553372 0.716721
0.93358 -0.358368 -0 0.562198 0.72094
1.14127 -0.37082 -0 0.555509 0.671534
0.93358 -0.358368 -0 0.562198 0.72094
1.1203 -0.430042 -0 0.564915 0.675448
1.14127 -0.37082 -0 0.555509 0.671534
1.14127 -0.37082 -0 0.555509 0.671534
1.1203 -0.430042 -0 0.564915 0.675448
1.33148 -0.432624 -0 0.557205 0.635676
1.1203 -0.430042 -0 0.564915 0.675448
1.30701 -0.501715 -0 0.567073 0.6393
1.33148 -0.432624 -0 0.557205 0.635676
1.33148 -0.432624 -0 0.557205 0.635676
1.30701 -0.501715 -0 0.567073 0.6393
1.52169 -0.494427 -0 0.558583 0.606528
1.30701 -0.501715 -0 0.567073 0.6393
1.49373 -0.573389 -0 0.56883 0.609885
1.52169 -0.494427 -0 0.558583 0.606528
1.52169 -0.494427 -0 0.558583 0.606528
1.49373 -0.573389 -0 0.56883 0.609885
1.7119 -0.556231 -0 0.559726 0.582368
1.49373 -0.573389 -0 0.56883 0.609885
1.68044 -0.645062 -0 0.570287 0.585483
1.7119 -0.556231 -0 0.559726 0.582368
1.7119 -0.556231 -0 0.559726 0.582368
1.68044 -0.645062 -0 0.570287 0.585483
1.90211 -0.618034 -0 0.560688 0.562017
1.68044 -0.645062 -0 0.570287 0.585483
1.86716 -0.716736 -0 0.571516 0.564913
1.90211 -0.618034 -0 0.560688 0.562017
1.90211 -0.618034 -0 0.560688 0.562017
1.86716 -0.716736 -0 0.571516 0.564913
2.09232 -0.679837 -0 0.56151 0.544639
1.86716 -0.716736 -0 0.571516 0.564913
2.05388 -0.788409 -0 0.572565 0.547337
2.09232 -0.679837 -0 0.56151 0.544639
2.09232 -0.679837 -0 0.56151 0.544639
2.05388 -0.788409 -0 0.572565 0.547337
2.47671 -0.804731 0.04 0.563225 0.512169
2.05388 -0.788409 -0 0.572565 0.547337
2.4312 -0.933249 0.04 0.574744 0.514479
2.47671 -0.804731 0.04 0.563225 0.512169
2.47671 -0.804731 0.04 0.563225 0.512169
2.4312 -0.933249 0.04 0.574744 0.514479
2.66692 -0.866534 0.16 0.564845 0.488691
2.4312 -0.933249 0.04 0.574744 0.514479
2.61791 -1.00492 0.16 0.57678 0.490708
2.66692 -0.866534 0.16 0.564845 0.488691
2.66692 -0.866534 0.16 0.564845 0.488691
2.61791 -1.00492 0.16 0.57678 0.490708
2.85713 -0.928337 0.36 0.567086 0.458678
2.61791 -1.00492 0.16 0.57678 0.490708
2.80463 -1.0766 0.36 0.579592 0.460289
2.85713 -0.928337 0.36 0.567086 0.458678
2.85713 -0.928337 0.36 0.567086 0.458678
2.80463 -1.0766 0.36 0.579592 0.460289
3.04734 -0.990141 0.64 0.569994 0.4214
2.80463 -1.0766 0.36 0.579592 0.460289
2.99134 -1.14827 0.64 0.583238 0.422451
3.04734 -0.990141 0.64 0.569994 0.4214
3.04734 -0.990141 0.64 0.569994 0.4214
2.99134 -1.14827 0.64 0.583238 0.422451
3.23755 -1.05194 1 0.573662 0.375587
2.99134 -1.14827 0.64 0.583238 0.422451
3.17806 -1.21994 1 0.587844 0.375857
3.23755 -1.05194 1 0.573662 0.375587
3.23755 -1.05194 1 0.573662 0.375587
3.17806 -1.21994 1 0.587844 0.375857
3.42776 -1.11375 1.44 0.578248 0.319286
3.17806 -1.21994 1 0.587844 0.375857
3.36478 -1.29162 1.44 0.593615 0.318452
3.42776 -1.11375 1.44 0.578248 0.319286
3.42776 -1.11375 1.44 0.578248 0.319286
3.36478 -1.29162 1.44 0.593615 0.318452
3.61797 -1.17555 1.96 0.583994 0.249574
3.36478 -1.29162 1.44 0.593615 0.318452
3.55149 -1.36329 1.96 0.600864 0.247146
3.61797 -1.17555 1.96 0.583994 0.249574
3.61797 -1.17555 1.96 0.583994 0.249574
3.55149 -1.36329 1.96 0.600864 0.247146
3.80819 -1.23735 2.56 0.591268 0.162038
3.55149 -1.36329 1.96 0.600864 0.247146
3.73821 -1.43496 2.56 0.610075 0.157251
3.80819 -1.23735 2.56 0.591268 0.162038
0.579556 -0.155291 -0 0.539853 0.850869
0.570634 -0.18541 -0 0.546844 0.854765
0.772741 -0.207055 -0 0.542643 0.771728
0.570634 -0.18541 -0 0.546844 0.854765
0.760845 -0.247214 -0 0.550596 0.775422
0.772741 -0.207055 -0 0.542643 0.771728
0.772741 -0.207055 -0 0.542643 0.771728
0.760845 -0.247214 -0 0.550596 0.775422
0.965926 -0.258819 -0 0.544703 0.713285
0.760845 -0.247214 -0 0.550596 0.775422
0.951057 -0.309017 -0 0.553372 0.716721
0.965926 -0.258819 -0 0.544703 0.713285
0.965926 -0.258819 -0 0.544703 0.713285
0.951057 -0.309017 -0 0.553372 0.716721
1.15911 -0.310583 -0 0.546287 0.66836
0.951057 -0.309017 -0 0.553372 0.716721
1.14127 -0.37082 -0 0.555509 0.671534
1.15911 -0.310583 -0 0.546287 0.66836
1.15911 -0.310583 -0 0.546287 0.66836
1.14127 -0.37082 -0 0.555509 0.671534
1.3523 -0.362347 -0 0.547543 0.632748
1.14127 -0.37082 -0 0.555509 0.671534
1.33148 -0.432624 -0 0.557205 0.635676
1.3523 -0.362347 -0 0.547543 0.632748
1.3523 -0.362347 -0 0.547543 0.632748
1.33148 -0.432624 -0 0.557205 0.635676
1.54548 -0.41411 -0 0.548562 0.603826
1.33148 -0.432624 -0 0.557205 0.635676
1.52169 -0.494427 -0 0.558583 0.606528
1.54548 -0.41411 -0 0.548562 0.603826
1.54548 -0.41411 -0 0.548562 0.603826
1.52169 -0.494427 -0 0.558583 0.606528
1.73867 -0.465874 -0 0.549407 0.579871
1.52169 -0.494427 -0 0.558583 0.606528
1.7119 -0.556231 -0 0.559726 0.582368
1.73867 -0.465874 -0 0.549407 0.579871
1.73867 -0.465874 -0 0.549407 0.579871
1.7119 -0.556231 -0 0.559726 0.582368
1.93185 -0.517638 -0 0.550118 0.559703
1.7119 -0.556231 -0 0.559726 0.582368
1.90211 -0.618034 -0 0.560688 0.562017
1.93185 -0.517638 -0 0.550118 0.559703
1.93185 -0.517638 -0 0.550118 0.559703
1.90211 -0.618034 -0 0.560688 0.562017
2.12504 -0.569402 -0 0.550725 0.542492
1.90211 -0.618034 -0 0.560688 0.562017
2.09232 -0.679837 -0 0.56151 0.544639
2.12504 -0.569402 -0 0.550725 0.542492
2.12504 -0.569402 -0 0.550725 0.542492
2.09232 -0.679837 -0 0.56151 0.544639
2.51543 -0.674007 0.04 0.552002 0.510348
2.09232 -0.679837 -0 0.56151 0.544639
2.47671 -0.804731 0.04 0.563225 0.512169
2.51543 -0.674007 0.04 0.552002 0.510348
2.51543 -0.674007 0.04 0.552002 0.510348
2.47671 -0.804731 0.04 0.563225 0.512169
2.70861 -0.725771 0.16 0.553232 0.487116
2.47671 -0.804731 0.04 0.563225 0.512169
2.66692 -0.866534 0.16 0.564845 0.488691
2.70861 -0.725771 0.16 0.553232 0.487116
2.70861 -0.725771 0.16 0.553232 0.487116
2.66692 -0.866534 0.16 0.564845 0.488691
2.9018 -0.777535 0.36 0.55494 0.457442
2.66692 -0.866534 0.16 0.564845 0.488691
2.85713 -0.928337 0.36 0.567086 0.458678
2.9018 -0.777535 0.36 0.55494 0.457442
2.9018 -0.777535 0.36 0.55494 0.457442
2.85713 -0.928337 0.36 0.567086 0.458678
3.09498 -0.829298 0.64 0.557157 0.420631
2.85713 -0.928337 0.36 0.567086 0.458678
3.04734 -0.990141 0.64 0.569994 0.4214
3.09498 -0.829298 0.64 0.557157 0.420631
3.09498 -0.829298 0.64 0.557157 0.420631
3.04734 -0.990141 0.64 0.569994 0.4214
3.28817 -0.881062 1 0.559954 0.375466
3.04734 -0.990141 0.64 0.569994 0.4214
3.23755 -1.05194 1 0.573662 0.375587
3.28817 -0.881062 1 0.559954 0.375466
3.28817 -0.881062 1 0.559954 0.375466
3.23755 -1.05194 1 0.573662 0.375587
3.48135 -0.932826 1.44 0.563448 0.320076
3.23755 -1.05194 1 0.573662 0.375587
3.42776 -1.11375 1.44 0.578248 0.319286
3.48135 -0.932826 1.44 0.563448 0.320076
3.48135 -0.932826 1.44 0.563448 0.320076
3.42776 -1.11375 1.44 0.578248 0.319286
3.67454 -0.98459 1.96 0.567815 0.25167
3.42776 -1.11375 1.44 0.578248 0.319286
3.61797 -1.17555 1.96 0.583994 0.249574
3.67454 -0.98459 1.96 0.567815 0.25167
3.67454 -0.98459 1.96 0.567815 0.25167
3.61797 -1.17555 1.96 0.583994 0.249574
3.86772 -1.03635 2.56 0.57333 0.166053
3.61797 -1.17555 1.96 0.583994 0.249574
3.80819 -1.23735 2.56 0.591268 0.162038
3.86772 -1.03635 2.56 0.57333 0.166053
0.586889 -0.124747 -0 0.532936 0.847791
0.579556 -0.155291 -0 0.539853 0.850869
0.782518 -0.166329 -0 0.534794 0.768827
0.579556 -0.155291 -0 0.539853 0.850869
0.772741 -0.207055 -0 0.542643 0.771728
0.782518 -0.166329 -0 0.534794 0.768827
0.782518 -0.166329 -0 0.534794 0.768827
0.772741 -0.207055 -0 0.542643 0.771728
0.978148 -0.207912 -0 0.536164 0.710602
0.772741 -0.207055 -0 0.542643 0.771728
0.965926 -0.258819 -0 0.544703 0.713285
0.978148 -0.207912 -0 0.536164 0.710602
0.978148 -0.207912 -0 0.536164 0.710602
0.965926 -0.258819 -0 0.544703 0.713285
1.17378 -0.249494 -0 0.537216 0.665894
0.965926 -0.258819 -0 0.544703 0.713285
1.15911 -0.310583 -0 0.546287 0.66836
1.17378 -0.249494 -0 0.537216 0.665894
1.17378 -0.249494 -0 0.537216 0.665894
1.15911 -0.310583 -0 0.546287 0.66836
1.36941 -0.291076 -0 0.538049 0.630486
1.15911 -0.310583 -0 0.546287 0.66836
1.3523 -0.362347 -0 0.547543 0.632748
1.36941 -0.291076 -0 0.538049 0.630486
1.36941 -0.291076 -0 0.538049 0.630486
1.3523 -0.362347 -0 0.547543 0.632748
1.56504 -0.332659 -0 0.538725 0.601749
1.3523 -0.362347 -0 0.547543 0.632748
1.54548 -0.41411 -0 0.548562 0.603826
1.56504 -0.332659 -0 0.538725 0.601749
1.56504 -0.332659 -0 0.538725 0.601749
1.54548 -0.41411 -0 0.548562 0.603826
1.76067 -0.374241 -0 0.539285 0.577961
1.54548 -0.41411 -0 0.548562 0.603826
1.73867 -0.465874 -0 0.549407 0.579871
1.76067 -0.374241 -0 0.539285 0.577961
1.76067 -0.374241 -0 0.539285 0.577961
1.73867 -0.465874 -0 0.549407 0.579871
1.9563 -0.415823 -0 0.539756 0.557944
1.73867 -0.465874 -0 0.549407 0.579871
1.93185 -0.517638 -0 0.550118 0.559703
1.9563 -0.415823 -0 0.539756 0.557944
1.9563 -0.415823 -0 0.539756 0.557944
1.93185 -0.517638 -0 0.550118 0.559703
2.15192 -0.457406 -0 0.540158 0.540868
1.93185 -0.517638 -0 0.550118 0.559703
2.12504 -0.569402 -0 0.550725 0.542492
2.15192 -0.457406 -0 0.540158 0.540868
2.15192 -0.457406 -0 0.540158 0.540868
2.12504 -0.569402 -0 0.550725 0.542492
2.54726 -0.541436 0.04 0.54102 0.50899
2.12504 -0.569402 -0 0.550725 0.542492
2.51543 -0.674007 0.04 0.552002 0.510348
2.54726 -0.541436 0.04 0.54102 0.50899
2.54726 -0.541436 0.04 0.54102 0.50899
2.51543 -0.674007 0.04 0.552002 0.510348
2.74289 -0.583018 0.16 0.541879 0.485958
2.51543 -0.674007 0.04 0.552002 0.510348
2.70861 -0.725771 0.16 0.553232 0.487116
2.74289 -0.583018 0.16 0.541879 0.485958
2.74289 -0.583018 0.16 0.541879 0.485958
2.70861 -0.725771 0.16 0.553232 0.487116
2.93851 -0.624601 0.36 0.543081 0.456561
2.70861 -0.725771 0.16 0.553232 0.487116
2.9018 -0.777535 0.36 0.55494 0.457442
2.93851 -0.624601 0.36 0.543081 0.456561
2.93851 -0.624601 0.36 0.543081 0.456561
2.9018 -0.777535 0.36 0.55494 0.457442
3.13414 -0.666183 0.64 0.544647 0.420129
2.9018 -0.777535 0.36 0.55494 0.457442
3.09498 -0.829298 0.64 0.557157 0.420631
3.13414 -0.666183 0.64 0.544647 0.420129
3.13414 -0.666183 0.64 0.544647 0.420129
3.09498 -0.829298 0.64 0.557157 0.420631
3.32977 -0.707765 1 0.546625 0.375488
3.09498 -0.829298 0.64 0.557157 0.420631
3.28817 -0.881062 1 0.559954 0.375466
3.32977 -0.707765 1 0.546625 0.375488
3.32977 -0.707765 1 0.546625 0.375488
3.28817 -0.881062 1 0.559954 0.375466
3.5254 -0.749348 1.44 0.549095 0.32083
3.28817 -0.881062 1 0.559954 0.375466
3.48135 -0.932826 1.44 0.563448 0.320076
3.5254 -0.749348 1.44 0.549095 0.32083
3.5254 -0.749348 1.44 0.549095 0.32083
3.48135 -0.932826 1.44 0.563448 0.320076
3.72103 -0.79093 1.96 0.552181 0.253466
3.48135 -0.932826 1.44 0.563448 0.320076
3.67454 -0.98459 1.96 0.567815 0.25167
3.72103 -0.79093 1.96 0.552181 0.253466
3.72103 -0.79093 1.96 0.552181 0.253466
3.67454 -0.98459 1.96 0.567815 0.25167
3.91666 -0.832512 2.56 0.55607 0.169372
3.67454 -0.98459 1.96 0.567815 0.25167
3.86772 -1.03635 2.56 0.57333 0.166053
3.91666 -0.832512 2.56 0.55607 0.169372
0.592613 -0.0938607 -0 0.52608 0.84551
0.586889 -0.124747 -0 0.532936 0.847791
0.790151 -0.125148 -0 0.527029 0.766694
0.586889 -0.124747 -0 0.532936 0.847791
0.782518 -0.166329 -0 0.534794 0.768827
0.790151 -0.125148 -0 0.527029 0.766694
0.790151 -0.125148 -0 0.527029 0.766694
0.782518 -0.166329 -0 0.534794 0.768827
0.987688 -0.156434 -0 0.527729 0.708644
0.782518 -0.166329 -0 0.534794 0.768827
0.978148 -0.207912 -0 0.536164 0.710602
0.987688 -0.156434 -0 0.527729 0.708644
0.987688 -0.156434 -0 0.527729 0.708644
0.978148 -0.207912 -0 0.536164 0.710602
1.18523 -0.187721 -0 0.528265 0.66411
0.978148 -0.207912 -0 0.536164 0.710602
1.17378 -0.249494 -0 0.537216 0.665894
1.18523 -0.187721 -0 0.528265 0.66411
1.18523 -0.187721 -0 0.528265 0.66411
1.17378 -0.249494 -0 0.537216 0.665894
1.38276 -0.219008 -0 0.52869 0.628863
1.17378 -0.249494 -0 0.537216 0.665894
1.36941 -0.291076 -0 0.538049 0.630486
1.38276 -0.219008 -0 0.52869 0.628863
1.38276 -0.219008 -0 0.52869 0.628863
1.36941 -0.291076 -0 0.538049 0.630486
1.5803 -0.250295 -0 0.529034 0.600272
1.36941 -0.291076 -0 0.538049 0.630486
1.56504 -0.332659 -0 0.538725 0.601749
1.5803 -0.250295 -0 0.529034 0.600272
1.5803 -0.250295 -0 0.529034 0.600272
1.56504 -0.332659 -0 0.538725 0.601749
1.77784 -0.281582 -0 0.529319 0.576615
1.56504 -0.332659 -0 0.538725 0.601749
1.76067 -0.374241 -0 0.539285 0.577961
1.77784 -0.281582 -0 0.529319 0.576615
1.77784 -0.281582 -0 0.529319 0.576615
1.76067 -0.374241 -0 0.539285 0.577961
1.97538 -0.312869 -0 0.529559 0.556716
1.76067 -0.374241 -0 0.539285 0.577961
1.9563 -0.415823 -0 0.539756 0.557944
1.97538 -0.312869 -0 0.529559 0.556716
1.97538 -0.312869 -0 0.529559 0.556716
1.9563 -0.415823 -0 0.539756 0.557944
2.17291 -0.344156 -0 0.529763 0.539745
1.9563 -0.415823 -0 0.539756 0.557944
2.15192 -0.457406 -0 0.540158 0.540868
2.17291 -0.344156 -0 0.529763 0.539745
2.17291 -0.344156 -0 0.529763 0.539745
2.15192 -0.457406 -0 0.540158 0.540868
2.5721 -0.407381 0.04 0.530225 0.508075
2.15192 -0.457406 -0 0.540158 0.540868
2.54726 -0.541436 0.04 0.54102 0.50899
2.5721 -0.407381 0.04 0.530225 0.508075
2.5721 -0.407381 0.04 0.530225 0.508075
2.54726 -0.541436 0.04 0.54102 0.50899
2.76964 -0.438668 0.16 0.530728 0.4852
2.54726 -0.541436 0.04 0.54102 0.50899
2.74289 -0.583018 0.16 0.541879 0.485958
2.76964 -0.438668 0.16 0.530728 0.4852
2.76964 -0.438668 0.16 0.530728 0.4852
2.74289 -0.583018 0.16 0.541879 0.485958
2.96718 -0.469955 0.36 0.531446 0.456018
2.74289 -0.583018 0.16 0.541879 0.485958
2.93851 -0.624601 0.36 0.543081 0.456561
2.96718 -0.469955 0.36 0.531446 0.456018
2.96718 -0.469955 0.36 0.531446 0.456018
2.93851 -0.624601 0.36 0.543081 0.456561
3.16471 -0.501242 0.64 0.53239 0.419881
2.93851 -0.624601 0.36 0.543081 0.456561
3.13414 -0.666183 0.64 0.544647 0.420129
3.16471 -0.501242 0.64 0.53239 0.419881
3.16471 -0.501242 0.64 0.53239 0.419881
3.13414 -0.666183 0.64 0.544647 0.420129
3.36225 -0.532528 1 0.533588 0.375646
3.13414 -0.666183 0.64 0.544647 0.420129
3.32977 -0.707765 1 0.546625 0.375488
3.36225 -0.532528 1 0.533588 0.375646
3.36225 -0.532528 1 0.533588 0.375646
3.32977 -0.707765 1 0.546625 0.375488
3.55979 -0.563815 1.44 0.535087 0.321552
3.32977 -0.707765 1 0.546625 0.375488
3.5254 -0.749348 1.44 0.549095 0.32083
3.55979 -0.563815 1.44 0.535087 0.321552
3.55979 -0.563815 1.44 0.535087 0.321552
3.5254 -0.749348 1.44 0.549095 0.32083
3.75733 -0.595102 1.96 0.536962 0.254988
3.5254 -0.749348 1.44 0.549095 0.32083
3.72103 -0.79093 1.96 0.552181 0.253466
3.75733 -0.595102 1.96 0.536962 0.254988
3.75733 -0.595102 1.96 0.536962 0.254988
3.72103 -0.79093 1.96 0.552181 0.253466
3.95487 -0.626389 2.56 0.539324 0.172053
3.72103 -0.79093 1.96 0.552181 0.253466
3.91666 -0.832512 2.56 0.55607 0.169372
3.95487 -0.626389 2.56 0.539324 0.172053
0.596713 -0.0627171 -0 0.519274 0.844009
0.592613 -0.0938607 -0 0.52608 0.84551
0.795618 -0.0836228 -0 0.519331 0.765311
0.592613 -0.0938607 -0 0.52608 0.84551
0.790151 -0.125148 -0 0.527029 0.766694
0.795618 -0.0836228 -0 0.519331 0.765311
0.795618 -0.0836228 -0 0.519331 0.765311
0.790151 -0.125148 -0 0.527029 0.766694
0.994522 -0.104528 -0 0.519373 0.707395
0.790151 -0.125148 -0 0.527029 0.766694
0.987688 -0.156434 -0 0.527729 0.708644
0.994522 -0.104528 -0 0.519373 0.707395
0.994522 -0.104528 -0 0.519373 0.707395
0.987688 -0.156434 -0 0.527729 0.708644
1.19343 -0.125434 -0 0.519405 0.66299
0.987688 -0.156434 -0 0.527729 0.708644
1.18523 -0.187721 -0 0.528265 0.66411
1.19343 -0.125434 -0 0.519405 0.66299
1.19343 -0.125434 -0 0.519405 0.66299
1.18523 -0.187721 -0 0.528265 0.66411
1.39233 -0.14634 -0 0.519431 0.627862
1.18523 -0.187721 -0 0.528265 0.66411
1.38276 -0.219008 -0 0.52869 0.628863
1.39233 -0.14634 -0 0.519431 0.627862
1.39233 -0.14634 -0 0.519431 0.627862
1.38276 -0.219008 -0 0.52869 0.628863
1.59124 -0.167246 -0 0.519452 0.599378
1.38276 -0.219008 -0 0.52869 0.628863
1.5803 -0.250295 -0 0.529034 0.600272
1.59124 -0.167246 -0 0.519452 0.599378
1.59124 -0.167246 -0 0.519452 0.599378
1.5803 -0.250295 -0 0.529034 0.600272
1.79014 -0.188151 -0 0.519469 0.575816
1.5803 -0.250295 -0 0.529034 0.600272
1.77784 -0.281582 -0 0.529319 0.576615
1.79014 -0.188151 -0 0.519469 0.575816
1.79014 -0.188151 -0 0.519469 0.575816
1.77784 -0.281582 -0 0.529319 0.576615
1.98904 -0.209057 -0 0.519483 0.556002
1.77784 -0.281582 -0 0.529319 0.576615
1.97538 -0.312869 -0 0.529559 0.556716
1.98904 -0.209057 -0 0.519483 0.556002
1.98904 -0.209057 -0 0.519483 0.556002
1.97538 -0.312869 -0 0.529559 0.556716
2.18795 -0.229963 -0 0.519496 0.539108
1.97538 -0.312869 -0 0.529559 0.556716
2.17291 -0.344156 -0 0.529763 0.539745
2.18795 -0.229963 -0 0.519496 0.539108
2.18795 -0.229963 -0 0.519496 0.539108
2.17291 -0.344156 -0 0.529763 0.539745
2.5899 -0.272209 0.04 0.519569 0.507589
2.17291 -0.344156 -0 0.529763 0.539745
2.5721 -0.407381 0.04 0.530225 0.508075
2.5899 -0.272209 0.04 0.519569 0.507589
2.5899 -0.272209 0.04 0.519569 0.507589
2.5721 -0.407381 0.04 0.530225 0.508075
2.7888 -0.293115 0.16 0.519727 0.484828
2.5721 -0.407381 0.04 0.530225 0.508075
2.76964 -0.438668 0.16 0.530728 0.4852
2.7888 -0.293115 0.16 0.519727 0.484828
2.7888 -0.293115 0.16 0.519727 0.484828
2.76964 -0.438668 0.16 0.530728 0.4852
2.98771 -0.314021 0.36 0.519976 0.455803
2.76964 -0.438668 0.16 0.530728 0.4852
2.96718 -0.469955 0.36 0.531446 0.456018
2.98771 -0.314021 0.36 0.519976 0.455803
2.98771 -0.314021 0.36 0.519976 0.455803
2.96718 -0.469955 0.36 0.531446 0.456018
3.18661 -0.334926 0.64 0.520318 0.41988
2.96718 -0.469955 0.36 0.531446 0.456018
3.16471 -0.501242 0.64 0.53239 0.419881
3.18661 -0.334926 0.64 0.520318 0.41988
3.18661 -0.334926 0.64 0.520318 0.41988
3.16471 -0.501242 0.64 0.53239 0.419881
3.38551 -0.355832 1 0.520762 0.375937
3.16471 -0.501242 0.64 0.53239 0.419881
3.36225 -0.532528 1 0.533588 0.375646
3.38551 -0.355832 1 0.520762 0.375937
3.38551 -0.355832 1 0.520762 0.375937
3.36225 -0.532528 1 0.533588 0.375646
3.58442 -0.376738 1.44 0.521327 0.322249
3.36225 -0.532528 1 0.533588 0.375646
3.55979 -0.563815 1.44 0.535087 0.321552
3.58442 -0.376738 1.44 0.521327 0.322249
3.58442 -0.376738 1.44 0.521327 0.322249
3.55979 -0.563815 1.44 0.535087 0.321552
3.78332 -0.397643 1.96 0.52204 0.256254
3.55979 -0.563815 1.44 0.535087 0.321552
3.75733 -0.595102 1.96 0.536962 0.254988
3.78332 -0.397643 1.96 0.52204 0.256254
3.78332 -0.397643 1.96 0.52204 0.256254
3.75733 -0.595102 1.96 0.536962 0.254988
3.98223 -0.418549 2.56 0.522943 0.17414
3.75733 -0.595102 1.96 0.536962 0.254988
3.95487 -0.626389 2.56 0.539324 0.172053
3.98223 -0.418549 2.56 0.522943 0.17414
0.599178 -0.0314016 -0 0.512504 0.843279
0.596713 -0.0627171 -0 0.519274 0.844009
0.798904 -0.0418688 -0 0.51168 0.764667
0.596713 -0.0627171 -0 0.519274 0.844009
0.795618 -0.0836228 -0 0.519331 0.765311
0.798904 -0.0418688 -0 0.51168 0.764667
0.798904 -0.0418688 -0 0.51168 0.764667
0.795618 -0.0836228 -0 0.519331 0.765311
0.99863 -0.052336 -0 0.511074 0.706842
0.795618 -0.0836228 -0 0.519331 0.765311
0.994522 -0.104528 -0 0.519373 0.707395
0.99863 -0.052336 -0 0.511074 0.706842
0.99863 -0.052336 -0 0.511074 0.706842
0.994522 -0.104528 -0 0.519373 0.707395
1.19836 -0.0628031 -0 0.510609 0.662522
0.994522 -0.104528 -0 0.519373 0.707395
1.19343 -0.125434 -0 0.519405 0.66299
1.19836 -0.0628031 -0 0.510609 0.662522
1.19836 -0.0628031 -0 0.510609 0.662522
1.19343 -0.125434 -0 0.519405 0.66299
1.39808 -0.0732703 -0 0.510242 0.62747
1.19343 -0.125434 -0 0.519405 0.66299
1.39233 -0.14634 -0 0.519431 0.627862
1.39808 -0.0732703 -0 0.510242 0.62747
1.39808 -0.0732703 -0 0.510242 0.62747
1.39233 -0.14634 -0 0.519431 0.627862
1.59781 -0.0837375 -0 0.509944 0.599054
1.39233 -0.14634 -0 0.519431 0.627862
1.59124 -0.167246 -0 0.519452 0.599378
1.59781 -0.0837375 -0 0.509944 0.599054
1.59781 -0.0837375 -0 0.509944 0.599054
1.59124 -0.167246 -0 0.519452 0.599378
1.79753 -0.0942047 -0 0.509698 0.575553
1.59124 -0.167246 -0 0.519452 0.599378
1.79014 -0.188151 -0 0.519469 0.575816
1.79753 -0.0942047 -0 0.509698 0.575553
1.79753 -0.0942047 -0 0.509698 0.575553
1.79014 -0.188151 -0 0.519469 0.575816
1.99726 -0.104672 -0 0.50949 0.555793
1.79014 -0.188151 -0 0.519469 0.575816
1.98904 -0.209057 -0 0.519483 0.556002
1.99726 -0.104672 -0 0.50949 0.555793
1.99726 -0.104672 -0 0.50949 0.555793
1.98904 -0.209057 -0 0.519483 0.556002
2.19699 -0.115139 -0 0.509314 0.538947
1.98904 -0.209057 -0 0.519483 0.556002
2.18795 -0.229963 -0 0.519496 0.539108
2.19699 -0.115139 -0 0.509314 0.538947
2.19699 -0.115139 -0 0.509314 0.538947
2.18795 -0.229963 -0 0.519496 0.539108
2.60059 -0.136291 0.04 0.509005 0.507522
2.18795 -0.229963 -0 0.519496 0.539108
2.5899 -0.272209 0.04 0.519569 0.507589
2.60059 -0.136291 0.04 0.509005 0.507522
2.60059 -0.136291 0.04 0.509005 0.507522
2.5899 -0.272209 0.04 0.519569 0.507589
2.80032 -0.146759 0.16 0.508824 0.484834
2.5899 -0.272209 0.04 0.519569 0.507589
2.7888 -0.293115 0.16 0.519727 0.484828
2.80032 -0.146759 0.16 0.508824 0.484834
2.80032 -0.146759 0.16 0.508824 0.484834
2.7888 -0.293115 0.16 0.519727 0.484828
3.00005 -0.157226 0.36 0.508613 0.455909
2.7888 -0.293115 0.16 0.519727 0.484828
2.98771 -0.314021 0.36 0.519976 0.455803
3.00005 -0.157226 0.36 0.508613 0.455909
3.00005 -0.157226 0.36 0.508613 0.455909
2.98771 -0.314021 0.36 0.519976 0.455803
3.19977 -0.167693 0.64 0.508366 0.420122
2.98771 -0.314021 0.36 0.519976 0.455803
3.18661 -0.334926 0.64 0.520318 0.41988
3.19977 -0.167693 0.64 0.508366 0.420122
3.19977 -0.167693 0.64 0.508366 0.420122
3.18661 -0.334926 0.64 0.520318 0.41988
3.3995 -0.17816 1 0.508074 0.376362
3.18661 -0.334926 0.64 0.520318 0.41988
3.38551 -0.355832 1 0.520762 0.375937
3.3995 -0.17816 1 0.508074 0.376362
3.3995 -0.17816 1 0.508074 0.376362
3.38551 -0.355832 1 0.520762 0.375937
3.59922 -0.188627 1.44 0.507726 0.322924
3.38551 -0.355832 1 0.520762 0.375937
3.58442 -0.376738 1.44 0.521327 0.322249
3.59922 -0.188627 1.44 0.507726 0.322924
3.59922 -0.188627 1.44 0.507726 0.322924
3.58442 -0.376738 1.44 0.521327 0.322249
3.79895 -0.199095 1.96 0.507306 0.257279
3.58442 -0.376738 1.44 0.521327 0.322249
3.78332 -0.397643 1.96 0.52204 0.256254
3.79895 -0.199095 1.96 0.507306 0.257279
3.79895 -0.199095 1.96 0.507306 0.257279
3.78332 -0.397643 1.96 0.52204 0.256254
3.99868 -0.209562 2.56 0.506791 0.175664
3.78332 -0.397643 1.96 0.52204 0.256254
3.98223 -0.418549 2.56 0.522943 0.17414
3.99868 -0.209562 2.56 0.506791 0.175664
0.6 -3.67394e-17 -0 0.505761 0.843312
0.599178 -0.0314016 -0 0.512504 0.843279
0.8 -4.89859e-17 -0 0.50406 0.764755
0.599178 -0.0314016 -0 0.512504 0.843279
0.798904 -0.0418688 -0 0.51168 0.764667
0.8 -4.89859e-17 -0 0.50406 0.764755
0.8 -4.89859e-17 -0 0.50406 0.764755
0.798904 -0.0418688 -0 0.51168 0.764667
1 -6.12323e-17 -0 0.502809 0.706978
0.798904 -0.0418688 -0 0.51168 0.764667
0.99863 -0.052336 -0 0.511074 0.706842
1 -6.12323e-17 -0 0.502809 0.706978
1 -6.12323e-17 -0 0.502809 0.706978
0.99863 -0.052336 -0 0.511074 0.706842
1.2 -7.34788e-17 -0 0.50185 0.662698
0.99863 -0.052336 -0 0.511074 0.706842
1.19836 -0.0628031 -0 0.510609 0.662522
1.2 -7.34788e-17 -0 0.50185 0.662698
1.2 -7.34788e-17 -0 0.50185 0.662698
1.19836 -0.0628031 -0 0.510609 0.662522
1.4 -8.57253e-17 -0 0.501092 0.627681
1.19836 -0.0628031 -0 0.510609 0.662522
1.39808 -0.0732703 -0 0.510242 0.62747
1.4 -8.57253e-17 -0 0.501092 0.627681
1.4 -8.57253e-17 -0 0.501092 0.627681
1.39808 -0.0732703 -0 0.510242 0.62747
1.6 -9.79717e-17 -0 0.500477 0.599295
1.39808 -0.0732703 -0 0.510242 0.62747
1.59781 -0.0837375 -0 0.509944 0.599054
1.6 -9.79717e-17 -0 0.500477 0.599295
1.6 -9.79717e-17 -0 0.500477 0.599295
1.59781 -0.0837375 -0 0.509944 0.599054
1.8 -1.10218e-16 -0 0.499969 0.57582
1.59781 -0.0837375 -0 0.509944 0.599054
1.79753 -0.0942047 -0 0.509698 0.575553
1.8 -1.10218e-16 -0 0.499969 0.57582
1.8 -1.10218e-16 -0 0.499969 0.57582
1.79753 -0.0942047 -0 0.509698 0.575553
2 -1.22465e-16 -0 0.499541 0.556083
1.79753 -0.0942047 -0 0.509698 0.575553
1.99726 -0.104672 -0 0.50949 0.555793
2 -1.22465e-16 -0 0.499541 0.556083
2 -1.22465e-16 -0 0.499541 0.556083
1.99726 -0.104672 -0 0.50949 0.555793
2.2 -1.34711e-16 -0 0.499177 0.539257
1.99726 -0.104672 -0 0.50949 0.555793
2.19699 -0.115139 -0 0.509314 0.538947
2.2 -1.34711e-16 -0 0.499177 0.539257
2.2 -1.34711e-16 -0 0.499177 0.539257
2.19699 -0.115139 -0 0.509314 0.538947
2.60416 -1.59459e-16 0.04 0.498488 0.507871
2.19699 -0.115139 -0 0.509314 0.538947
2.60059 -0.136291 0.04 0.509005 0.507522
2.60416 -1.59459e-16 0.04 0.498488 0.507871
2.60416 -1.59459e-16 0.04 0.498488 0.507871
2.60059 -0.136291 0.04 0.509005 0.507522
2.80416 -1.71705e-16 0.16 0.497971 0.485215
2.60059 -0.136291 0.04 0.509005 0.507522
2.80032 -0.146759 0.16 0.508824 0.484834
2.80416 -1.71705e-16 0.16 0.497971 0.485215
2.80416 -1.71705e-16 0.16 0.497971 0.485215
2.80032 -0.146759 0.16 0.508824 0.484834
3.00416 -1.83952e-16 0.36 0.497304 0.456334
2.80032 -0.146759 0.16 0.508824 0.484834
3.00005 -0.157226 0.36 0.508613 0.455909
3.00416 -1.83952e-16 0.36 0.497304 0.456334
3.00416 -1.83952e-16 0.36 0.497304 0.456334
3.00005 -0.157226 0.36 0.508613 0.455909
3.20416 -1.96198e-16 0.64 0.496472 0.420604
3.00005 -0.157226 0.36 0.508613 0.455909
3.19977 -0.167693 0.64 0.508366 0.420122
3.20416 -1.96198e-16 0.64 0.496472 0.420604
3.20416 -1.96198e-16 0.64 0.496472 0.420604
3.19977 -0.167693 0.64 0.508366 0.420122
3.40416 -2.08445e-16 1 0.49545 0.37692
3.19977 -0.167693 0.64 0.508366 0.420122
3.3995 -0.17816 1 0.508074 0.376362
3.40416 -2.08445e-16 1 0.49545 0.37692
3.40416 -2.08445e-16 1 0.49545 0.37692
3.3995 -0.17816 1 0.508074 0.376362
3.60416 -2.20691e-16 1.44 0.494198 0.323584
3.3995 -0.17816 1 0.508074 0.376362
3.59922 -0.188627 1.44 0.507726 0.322924
3.60416 -2.20691e-16 1.44 0.494198 0.323584
3.60416 -2.20691e-16 1.44 0.494198 0.323584
3.59922 -0.188627 1.44 0.507726 0.322924
3.80416 -2.32938e-16 1.96 0.492657 0.258074
3.59922 -0.188627 1.44 0.507726 0.322924
3.79895 -0.199095 1.96 0.507306 0.257279
3.80416 -2.32938e-16 1.96 0.492657 0.258074
3.80416 -2.32938e-16 1.96 0.492657 0.258074
3.79895 -0.199095 1.96 0.507306 0.257279
4.00416 -2.45184e-16 2.56 0.490739 0.176645
3.79895 -0.199095 1.96 0.507306 0.257279
3.99868 -0.209562 2.56 0.506791 0.175664
4.00416 -2.45184e-16 2.56 0.490739 0.176645
0.599178 0.0314016 -0 0.499032 0.844108
0.6 -3.67394e-17 -0 0.505761 0.843312
0.798904 0.0418688 -0 0.496452 0.765574
0.6 -3.67394e-17 -0 0.505761 0.843312
0.8 -4.89859e-17 -0 0.50406 0.764755
0.798904 0.0418688 -0 0.496452 0.765574
0.798904 0.0418688 -0 0.496452 0.765574
0.8 -4.89859e-17 -0 0.50406 0.764755
0.99863 0.052336 -0 0.494555 0.707801
0.8 -4.89859e-17 -0 0.50406 0.764755
1 -6.12323e-17 -0 0.502809 0.706978
0.99863 0.052336 -0 0.494555 0.707801
0.99863 0.052336 -0 0.494555 0.707801
1 -6.12323e-17 -0 0.502809 0.706978
1.19836 0.0628031 -0 0.4931 0.663519
1 -6.12323e-17 -0 0.502809 0.706978
1.2 -7.34788e-17 -0 0.50185 0.662698
1.19836 0.0628031 -0 0.4931 0.663519
1.19836 0.0628031 -0 0.4931 0.663519
1.2 -7.34788e-17 -0 0.50185 0.662698
1.39808 0.0732703 -0 0.49195 0.628495
1.2 -7.34788e-17 -0 0.50185 0.662698
1.4 -8.57253e-17 -0 0.501092 0.627681
1.39808 0.0732703 -0 0.49195 0.628495
1.39808 0.0732703 -0 0.49195 0.628495
1.4 -8.57253e-17 -0 0.501092 0.627681
1.59781 0.0837375 -0 0.491018 0.600101
1.4 -8.57253e-17 -0 0.501092 0.627681
1.6 -9.79717e-17 -0 0.500477 0.599295
1.59781 0.0837375 -0 0.491018 0.600101
1.59781 0.0837375 -0 0.491018 0.600101
1.6 -9.79717e-17 -0 0.500477 0.599295
1.79753 0.0942047 -0 0.490246 0.576618
1.6 -9.79717e-17 -0 0.500477 0.599295
1.8 -1.10218e-16 -0 0.499969 0.57582
1.79753 0.0942047 -0 0.490246 0.576618
1.79753 0.0942047 -0 0.490246 0.576618
1.8 -1.10218e-16 -0 0.499969 0.57582
1.99726 0.104672 -0 0.489598 0.556872
1.8 -1.10218e-16 -0 0.499969 0.57582
2 -1.22465e-16 -0 0.499541 0.556083
1.99726 0.104672 -0 0.489598 0.556872
1.99726 0.104672 -0 0.489598 0.556872
2 -1.22465e-16 -0 0.499541 0.556083
2.19699 0.115139 -0 0.489045 0.540037
2 -1.22465e-16 -0 0.499541 0.556083
2.2 -1.34711e-16 -0 0.499177 0.539257
2.19699 0.115139 -0 0.489045 0.540037
2.19699 0.115139 -0 0.489045 0.540037
2.2 -1.34711e-16 -0 0.499177 0.539257
2.60059 0.136291 0.04 0.487975 0.508636
2.2 -1.34711e-16 -0 0.499177 0.539257
2.60416 -1.59459e-16 0.04 0.498488 0.507871
2.60059 0.136291 0.04 0.487975 0.508636
2.60059 0.136291 0.04 0.487975 0.508636
2.60416 -1.59459e-16 0.04 0.498488 0.507871
2.80032 0.146759 0.16 0.487121 0.485971
2.60416 -1.59459e-16 0.04 0.498488 0.507871
2.80416 -1.71705e-16 0.16 0.497971 0.485215
2.80032 0.146759 0.16 0.487121 0.485971
2.80032 0.146759 0.16 0.487121 0.485971
2.80416 -1.71705e-16 0.16 0.497971 0.485215
3.00005 0.157226 0.36 0.485995 0.457078
2.80416 -1.71705e-16 0.16 0.497971 0.485215
3.00416 -1.83952e-16 0.36 0.497304 0.456334
3.00005 0.157226 0.36 0.485995 0.457078
3.00005 0.157226 0.36 0.485995 0.457078
3.00416 -1.83952e-16 0.36 0.497304 0.456334
3.19977 0.167693 0.64 0.484576 0.421329
3.00416 -1.83952e-16 0.36 0.497304 0.456334
3.20416 -1.96198e-16 0.64 0.496472 0.420604
3.19977 0.167693 0.64 0.484576 0.421329
3.19977 0.167693 0.64 0.484576 0.421329
3.20416 -1.96198e-16 0.64 0.496472 0.420604
3.3995 0.17816 1 0.48282 0.377615
3.20416 -1.96198e-16 0.64 0.496472 0.420604
3.40416 -2.08445e-16 1 0.49545 0.37692
3.3995 0.17816 1 0.48282 0.377615
3.3995 0.17816 1 0.48282 0.377615
3.40416 -2.08445e-16 1 0.49545 0.37692
3.59922 0.188627 1.44 0.480659 0.32423
3.40416 -2.08445e-16 1 0.49545 0.37692
3.60416 -2.20691e-16 1.44 0.494198 0.323584
3.59922 0.188627 1.44 0.480659 0.32423
3.59922 0.188627 1.44 0.480659 0.32423
3.60416 -2.20691e-16 1.44 0.494198 0.323584
3.79895 0.199095 1.96 0.47799 0.258644
3.60416 -2.20691e-16 1.44 0.494198 0.323584
3.80416 -2.32938e-16 1.96 0.492657 0.258074
3.79895 0.199095 1.96 0.47799 0.258644
3.79895 0.199095 1.96 0.47799 0.258644
3.80416 -2.32938e-16 1.96 0.492657 0.258074
3.99868 0.209562 2.56 0.474659 0.177093
3.80416 -2.32938e-16 1.96 0.492657 0.258074
4.00416 -2.45184e-16 2.56 0.490739 0.176645
3.99868 0.209562 2.56 0.474659 0.177093
0.596713 0.0627171 -0 0.492305 0.845671
0.599178 0.0314016 -0 0.499032 0.844108
0.795618 0.0836228 -0 0.48884 0.767128
0.599178 0.0314016 -0 0.499032 0.844108
0.798904 0.0418688 -0 0.496452 0.765574
0.795618 0.0836228 -0 0.48884 0.767128
0.795618 0.0836228 -0 0.48884 0.767128
0.798904 0.0418688 -0 0.496452 0.765574
0.994522 0.104528 -0 0.48629 0.709318
0.798904 0.0418688 -0 0.496452 0.765574
0.99863 0.052336 -0 0.494555 0.707801
0.994522 0.104528 -0 0.48629 0.709318
0.994522 0.104528 -0 0.48629 0.709318
0.99863 0.052336 -0 0.494555 0.707801
1.19343 0.125434 -0 0.484334 0.664988
0.99863 0.052336 -0 0.494555 0.707801
1.19836 0.0628031 -0 0.4931 0.663519
1.19343 0.125434 -0 0.484334 0.664988
1.19343 0.125434 -0 0.484334 0.664988
1.19836 0.0628031 -0 0.4931 0.663519
1.39233 0.14634 -0 0.482787 0.629916
1.19836 0.0628031 -0 0.4931 0.663519
1.39808 0.0732703 -0 0.49195 0.628495
1.39233 0.14634 -0 0.482787 0.629916
1.39233 0.14634 -0 0.482787 0.629916
1.39808 0.0732703 -0 0.49195 0.628495
1.59124 0.167246 -0 0.481533 0.601476
1.39808 0.0732703 -0 0.49195 0.628495
1.59781 0.0837375 -0 0.491018 0.600101
1.59124 0.167246 -0 0.481533 0.601476
1.59124 0.167246 -0 0.481533 0.601476
1.59781 0.0837375 -0 0.491018 0.600101
1.79014 0.188151 -0 0.480495 0.577949
1.59781 0.0837375 -0 0.491018 0.600101
1.79753 0.0942047 -0 0.490246 0.576618
1.79014 0.188151 -0 0.480495 0.577949
1.79014 0.188151 -0 0.480495 0.577949
1.79753 0.0942047 -0 0.490246 0.576618
1.98904 0.209057 -0 0.479622 0.558164
1.79753 0.0942047 -0 0.490246 0.576618
1.99726 0.104672 -0 0.489598 0.556872
1.98904 0.209057 -0 0.479622 0.558164
1.98904 0.209057 -0 0.479622 0.558164
1.99726 0.104672 -0 0.489598 0.556872
2.18795 0.229963 -0 0.478878 0.541293
1.99726 0.104672 -0 0.489598 0.556872
2.19699 0.115139 -0 0.489045 0.540037
2.18795 0.229963 -0 0.478878 0.541293
2.18795 0.229963 -0 0.478878 0.541293
2.19699 0.115139 -0 0.489045 0.540037
2.5899 0.272209 0.04 0.477421 0.509822
2.19699 0.115139 -0 0.489045 0.540037
2.60059 0.136291 0.04 0.487975 0.508636
2.5899 0.272209 0.04 0.477421 0.509822
2.5899 0.272209 0.04 0.477421 0.509822
2.60059 0.136291 0.04 0.487975 0.508636
2.7888 0.293115 0.16 0.476224 0.487108
2.60059 0.136291 0.04 0.487975 0.508636
2.80032 0.146759 0.16 0.487121 0.485971
2.7888 0.293115 0.16 0.476224 0.487108
2.7888 0.293115 0.16 0.476224 0.487108
2.80032 0.146759 0.16 0.487121 0.485971
2.98771 0.314021 0.36 0.474633 0.458146
2.80032 0.146759 0.16 0.487121 0.485971
3.00005 0.157226 0.36 0.485995 0.457078
2.98771 0.314021 0.36 0.474633 0.458146
2.98771 0.314021 0.36 0.474633 0.458146
3.00005 0.157226 0.36 0.485995 0.457078
3.18661 0.334926 0.64 0.472617 0.422301
3.00005 0.157226 0.36 0.485995 0.457078
3.19977 0.167693 0.64 0.484576 0.421329
3.18661 0.334926 0.64 0.472617 0.422301
3.18661 0.334926 0.64 0.472617 0.422301
3.19977 0.167693 0.64 0.484576 0.421329
3.38551 0.355832 1 0.470114 0.378451
3.19977 0.167693 0.64 0.484576 0.421329
3.3995 0.17816 1 0.48282 0.377615
3.38551 0.355832 1 0.470114 0.378451
3.38551 0.355832 1 0.470114 0.378451
3.3995 0.17816 1 0.48282 0.377615
3.58442 0.376738 1.44 0.467026 0.324869
3.3995 0.17816 1 0.48282 0.377615
3.59922 0.188627 1.44 0.480659 0.32423
3.58442 0.376738 1.44 0.467026 0.324869
3.58442 0.376738 1.44 0.467026 0.324869
3.59922 0.188627 1.44 0.480659 0.32423
3.78332 0.397643 1.96 0.463204 0.258993
3.59922 0.188627 1.44 0.480659 0.32423
3.79895 0.199095 1.96 0.47799 0.258644
3.78332 0.397643 1.96 0.463204 0.258993
3.78332 0.397643 1.96 0.463204 0.258993
3.79895 0.199095 1.96 0.47799 0.258644
3.98223 0.418549 2.56 0.458426 0.177008
3.79895 0.199095 1.96 0.47799 0.258644
3.99868 0.209562 2.56 0.474659 0.177093
3.98223 0.418549 2.56 0.458426 0.177008
0.592613 0.0938607 -0 0.48557 0.848007
0.596713 0.0627171 -0 0.492305 0.845671
0.790151 0.125148 -0 0.481206 0.769426
0.596713 0.0627171 -0 0.492305 0.845671
0.795618 0.0836228 -0 0.48884 0.767128
0.790151 0.125148 -0 0.481206 0.769426
0.790151 0.125148 -0 0.481206 0.769426
0.795618 0.0836228 -0 0.48884 0.767128
0.987688 0.156434 -0 0.477992 0.711536
0.795618 0.0836228 -0 0.48884 0.767128
0.994522 0.104528 -0 0.48629 0.709318
0.987688 0.156434 -0 0.477992 0.711536
0.987688 0.156434 -0 0.477992 0.711536
0.994522 0.104528 -0 0.48629 0.709318
1.18523 0.187721 -0 0.475525 0.667117
0.994522 0.104528 -0 0.48629 0.709318
1.19343 0.125434 -0 0.484334 0.664988
1.18523 0.187721 -0 0.475525 0.667117
1.18523 0.187721 -0 0.475525 0.667117
1.19343 0.125434 -0 0.484334 0.664988
1.38276 0.219008 -0 0.473573 0.631955
1.19343 0.125434 -0 0.484334 0.664988
1.39233 0.14634 -0 0.482787 0.629916
1.38276 0.219008 -0 0.473573 0.631955
1.38276 0.219008 -0 0.473573 0.631955
1.39233 0.14634 -0 0.482787 0.629916
1.5803 0.250295 -0 0.471989 0.603431
1.39233 0.14634 -0 0.482787 0.629916
1.59124 0.167246 -0 0.481533 0.601476
1.5803 0.250295 -0 0.471989 0.603431
1.5803 0.250295 -0 0.471989 0.603431
1.59124 0.167246 -0 0.481533 0.601476
1.77784 0.281582 -0 0.470678 0.579827
1.59124 0.167246 -0 0.481533 0.601476
1.79014 0.188151 -0 0.480495 0.577949
1.77784 0.281582 -0 0.470678 0.579827
1.77784 0.281582 -0 0.470678 0.579827
1.79014 0.188151 -0 0.480495 0.577949
1.97538 0.312869 -0 0.469576 0.55997
1.79014 0.188151 -0 0.480495 0.577949
1.98904 0.209057 -0 0.479622 0.558164
1.97538 0.312869 -0 0.469576 0.55997
1.97538 0.312869 -0 0.469576 0.55997
1.98904 0.209057 -0 0.479622 0.558164
2.17291 0.344156 -0 0.468635 0.543035
1.98904 0.209057 -0 0.479622 0.558164
2.18795 0.229963 -0 0.478878 0.541293
2.17291 0.344156 -0 0.468635 0.543035
2.17291 0.344156 -0 0.468635 0.543035
2.18795 0.229963 -0 0.478878 0.541293
2.5721 0.407381 0.04 0.466781 0.511438
2.18795 0.229963 -0 0.478878 0.541293
2.5899 0.272209 0.04 0.477421 0.509822
2.5721 0.407381 0.04 0.466781 0.511438
2.5721 0.407381 0.04 0.466781 0.511438
2.5899 0.272209 0.04 0.477421 0.509822
2.76964 0.438668 0.16 0.465233 0.488634
2.5899 0.272209 0.04 0.477421 0.509822
2.7888 0.293115 0.16 0.476224 0.487108
2.76964 0.438668 0.16 0.465233 0.488634
2.76964 0.438668 0.16 0.465233 0.488634
2.7888 0.293115 0.16 0.476224 0.487108
2.96718 0.469955 0.36 0.463163 0.459547
2.7888 0.293115 0.16 0.476224 0.487108
2.98771 0.314021 0.36 0.474633 0.458146
2.96718 0.469955 0.36 0.463163 0.459547
2.96718 0.469955 0.36 0.463163 0.459547
2.98771 0.314021 0.36 0.474633 0.458146
3.16471 0.501242 0.64 0.460532 0.423529
2.98771 0.314021 0.36 0.474633 0.458146
3.18661 0.334926 0.64 0.472617 0.422301
3.16471 0.501242 0.64 0.460532 0.423529
3.16471 0.501242 0.64 0.460532 0.423529
3.18661 0.334926 0.64 0.472617 0.422301
3.36225 0.532528 1 0.457259 0.379434
3.18661 0.334926 0.64 0.472617 0.422301
3.38551 0.355832 1 0.470114 0.378451
3.36225 0.532528 1 0.457259 0.379434
3.36225 0.532528 1 0.457259 0.379434
3.38551 0.355832 1 0.470114 0.378451
3.55979 0.563815 1.44 0.453212 0.325502
3.38551 0.355832 1 0.470114 0.378451
3.58442 0.376738 1.44 0.467026 0.324869
3.55979 0.563815 1.44 0.453212 0.325502
3.55979 0.563815 1.44 0.453212 0.325502
3.58442 0.376738 1.44 0.467026 0.324869
3.75733 0.595102 1.96 0.448194 0.259119
3.58442 0.376738 1.44 0.467026 0.324869
3.78332 0.397643 1.96 0.463204 0.258993
3.75733 0.595102 1.96 0.448194 0.259119
3.75733 0.595102 1.96 0.448194 0.259119
3.78332 0.397643 1.96 0.463204 0.258993
3.95487 0.626389 2.56 0.441908 0.176381
3.78332 0.397643 1.96 0.463204 0.258993
3.98223 0.418549 2.56 0.458426 0.177008
3.95487 0.626389 2.56 0.441908 0.176381
0.586889 0.124747 -0 0.478815 0.851132
0.592613 0.0938607 -0 0.48557 0.848007
0.782518 0.166329 -0 0.473533 0.772484
0.592613 0.0938607 -0 0.48557 0.848007
0.790151 0.125148 -0 0.481206 0.769426
0.782518 0.166329 -0 0.473533 0.772484
0.782518 0.166329 -0 0.473533 0.772484
0.790151 0.125148 -0 0.481206 0.769426
0.978148 0.207912 -0 0.469637 0.714474
0.790151 0.125148 -0 0.481206 0.769426
0.987688 0.156434 -0 0.477992 0.711536
0.978148 0.207912 -0 0.469637 0.714474
0.978148 0.207912 -0 0.469637 0.714474
0.987688 0.156434 -0 0.477992 0.711536
1.17378 0.249494 -0 0.466646 0.669921
0.987688 0.156434 -0 0.477992 0.711536
1.18523 0.187721 -0 0.475525 0.667117
1.17378 0.249494 -0 0.466646 0.669921
1.17378 0.249494 -0 0.466646 0.669921
1.18523 0.187721 -0 0.475525 0.667117
1.36941 0.291076 -0 0.464276 0.634629
1.18523 0.187721 -0 0.475525 0.667117
1.38276 0.219008 -0 0.473573 0.631955
1.36941 0.291076 -0 0.464276 0.634629
1.36941 0.291076 -0 0.464276 0.634629
1.38276 0.219008 -0 0.473573 0.631955
1.56504 0.332659 -0 0.462352 0.605982
1.38276 0.219008 -0 0.473573 0.631955
1.5803 0.250295 -0 0.471989 0.603431
1.56504 0.332659 -0 0.462352 0.605982
1.56504 0.332659 -0 0.462352 0.605982
1.5803 0.250295 -0 0.471989 0.603431
1.76067 0.374241 -0 0.460759 0.582265
1.5803 0.250295 -0 0.471989 0.603431
1.77784 0.281582 -0 0.470678 0.579827
1.76067 0.374241 -0 0.460759 0.582265
1.76067 0.374241 -0 0.460759 0.582265
1.77784 0.281582 -0 0.470678 0.579827
1.9563 0.415823 -0 0.459419 0.562307
1.77784 0.281582 -0 0.470678 0.579827
1.97538 0.312869 -0 0.469576 0.55997
1.9563 0.415823 -0 0.459419 0.562307
1.9563 0.415823 -0 0.459419 0.562307
1.97538 0.312869 -0 0.469576 0.55997
2.15192 0.457406 -0 0.458275 0.545278
1.97538 0.312869 -0 0.469576 0.55997
2.17291 0.344156 -0 0.468635 0.543035
2.15192 0.457406 -0 0.458275 0.545278
2.15192 0.457406 -0 0.458275 0.545278
2.17291 0.344156 -0 0.468635 0.543035
2.54726 0.541436 0.04 0.456009 0.5135
2.17291 0.344156 -0 0.468635 0.543035
2.5721 0.407381 0.04 0.466781 0.511438
2.54726 0.541436 0.04 0.456009 0.5135
2.54726 0.541436 0.04 0.456009 0.5135
2.5721 0.407381 0.04 0.466781 0.511438
2.74289 0.583018 0.16 0.454096 0.490564
2.5721 0.407381 0.04 0.466781 0.511438
2.76964 0.438668 0.16 0.465233 0.488634
2.74289 0.583018 0.16 0.454096 0.490564
2.74289 0.583018 0.16 0.454096 0.490564
2.76964 0.438668 0.16 0.465233 0.488634
2.93851 0.624601 0.36 0.451529 0.461295
2.76964 0.438668 0.16 0.465233 0.488634
2.96718 0.469955 0.36 0.463163 0.459547
2.93851 0.624601 0.36 0.451529 0.461295
2.93851 0.624601 0.36 0.451529 0.461295
2.96718 0.469955 0.36 0.463163 0.459547
3.13414 0.666183 0.64 0.448258 0.425024
2.96718 0.469955 0.36 0.463163 0.459547
3.16471 0.501242 0.64 0.460532 0.423529
3.13414 0.666183 0.64 0.448258 0.425024
3.13414 0.666183 0.64 0.448258 0.425024
3.16471 0.501242 0.64 0.460532 0.423529
3.32977 0.707765 1 0.444179 0.380573
3.16471 0.501242 0.64 0.460532 0.423529
3.36225 0.532528 1 0.457259 0.379434
3.32977 0.707765 1 0.444179 0.380573
3.32977 0.707765 1 0.444179 0.380573
3.36225 0.532528 1 0.457259 0.379434
3.5254 0.749348 1.44 0.439126 0.326135
3.36225 0.532528 1 0.457259 0.379434
3.55979 0.563815 1.44 0.453212 0.325502
3.5254 0.749348 1.44 0.439126 0.326135
3.5254 0.749348 1.44 0.439126 0.326135
3.55979 0.563815 1.44 0.453212 0.325502
3.72103 0.79093 1.96 0.432848 0.259018
3.55979 0.563815 1.44 0.453212 0.325502
3.75733 0.595102 1.96 0.448194 0.259119
3.72103 0.79093 1.96 0.432848 0.259018
3.72103 0.79093 1.96 0.432848 0.259018
3.75733 0.595102 1.96 0.448194 0.259119
3.91666 0.832512 2.56 0.424965 0.17519
3.75733 0.595102 1.96 0.448194 0.259119
3.95487 0.626389 2.56 0.441908 0.176381
3.91666 0.832512 2.56 0.424965 0.17519
0.579556 0.155291 -0 0.472028 0.855061
0.586889 0.124747 -0 0.478815 0.851132
0.772741 0.207055 -0 0.465802 0.776322
0.586889 0.124747 -0 0.478815 0.851132
0.782518 0.166329 -0 0.473533 0.772484
0.772741 0.207055 -0 0.465802 0.776322
0.772741 0.207055 -0 0.465802 0.776322
0.782518 0.166329 -0 0.473533 0.772484
0.965926 0.258819 -0 0.461203 0.718153
0.782518 0.166329 -0 0.473533 0.772484
0.978148 0.207912 -0 0.469637 0.714474
0.965926 0.258819 -0 0.461203 0.718153
0.965926 0.258819 -0 0.461203 0.718153
0.978148 0.207912 -0 0.469637 0.714474
1.15911 0.310583 -0 0.457667 0.673424
0.978148 0.207912 -0 0.469637 0.714474
1.17378 0.249494 -0 0.466646 0.669921
1.15911 0.310583 -0 0.457667 0.673424
1.15911 0.310583 -0 0.457667 0.673424
1.17378 0.249494 -0 0.466646 0.669921
1.3523 0.362347 -0 0.454863 0.63796
1.17378 0.249494 -0 0.466646 0.669921
1.36941 0.291076 -0 0.464276 0.634629
1.3523 0.362347 -0 0.454863 0.63796
1.3523 0.362347 -0 0.454863 0.63796
1.36941 0.291076 -0 0.464276 0.634629
1.54548 0.41411 -0 0.452585 0.609153
1.36941 0.291076 -0 0.464276 0.634629
1.56504 0.332659 -0 0.462352 0.605982
1.54548 0.41411 -0 0.452585 0.609153
1.54548 0.41411 -0 0.452585 0.609153
1.56504 0.332659 -0 0.462352 0.605982
1.73867 0.465874 -0 0.450698 0.585288
1.56504 0.332659 -0 0.462352 0.605982
1.76067 0.374241 -0 0.460759 0.582265
1.73867 0.465874 -0 0.450698 0.585288
1.73867 0.465874 -0 0.450698 0.585288
1.76067 0.374241 -0 0.460759 0.582265
1.93185 0.517638 -0 0.44911 0.565195
1.76067 0.374241 -0 0.460759 0.582265
1.9563 0.415823 -0 0.459419 0.562307
1.93185 0.517638 -0 0.44911 0.565195
1.93185 0.517638 -0 0.44911 0.565195
1.9563 0.415823 -0 0.459419 0.562307
2.12504 0.569402 -0 0.447754 0.548045
1.9563 0.415823 -0 0.459419 0.562307
2.15192 0.457406 -0 0.458275 0.545278
2.12504 0.569402 -0 0.447754 0.548045
2.12504 0.569402 -0 0.447754 0.548045
2.15192 0.457406 -0 0.458275 0.545278
2.51543 0.674007 0.04 0.445057 0.516028
2.15192 0.457406 -0 0.458275 0.545278
2.54726 0.541436 0.04 0.456009 0.5135
2.51543 0.674007 0.04 0.445057 0.516028
2.51543 0.674007 0.04 0.445057 0.516028
2.54726 0.541436 0.04 0.456009 0.5135
2.70861 0.725771 0.16 0.44276 0.492917
2.54726 0.541436 0.04 0.456009 0.5135
2.74289 0.583018 0.16 0.454096 0.490564
2.70861 0.725771 0.16 0.44276 0.492917
2.70861 0.725771 0.16 0.44276 0.492917
2.74289 0.583018 0.16 0.454096 0.490564
2.9018 0.777535 0.36 0.43967 0.463408
2.74289 0.583018 0.16 0.454096 0.490564
2.93851 0.624601 0.36 0.451529 0.461295
2.9018 0.777535 0.36 0.43967 0.463408
2.9018 0.777535 0.36 0.43967 0.463408
2.93851 0.624601 0.36 0.451529 0.461295
3.09498 0.829298 0.64 0.435724 0.426802
2.93851 0.624601 0.36 0.451529 0.461295
3.13414 0.666183 0.64 0.448258 0.425024
3.09498 0.829298 0.64 0.435724 0.426802
3.09498 0.829298 0.64 0.435724 0.426802
3.13414 0.666183 0.64 0.448258 0.425024
3.28817 0.881062 1 0.430793 0.38188
3.13414 0.666183 0.64 0.448258 0.425024
3.32977 0.707765 1 0.444179 0.380573
3.28817 0.881062 1 0.430793 0.38188
3.28817 0.881062 1 0.430793 0.38188
3.32977 0.707765 1 0.444179 0.380573
3.48135 0.932826 1.44 0.424671 0.326772
3.32977 0.707765 1 0.444179 0.380573
3.5254 0.749348 1.44 0.439126 0.326135
3.48135 0.932826 1.44 0.424671 0.326772
3.48135 0.932826 1.44 0.424671 0.326772
3.5254 0.749348 1.44 0.439126 0.326135
3.67454 0.98459 1.96 0.417046 0.25868
3.5254 0.749348 1.44 0.439126 0.326135
3.72103 0.79093 1.96 0.432848 0.259018
3.67454 0.98459 1.96 0.417046 0.25868
3.67454 0.98459 1.96 0.417046 0.25868
3.72103 0.79093 1.96 0.432848 0.259018
3.86772 1.03635 2.56 0.407442 0.173403
3.72103 0.79093 1.96 0.432848 0.259018
3.91666 0.832512 2.56 0.424965 0.17519
3.86772 1.03635 2.56 0.407442 0.173403
0.570634 0.18541 -0 0.465197 0.85982
0.579556 0.155291 -0 0.472028 0.855061
0.760845 0.247214 -0 0.457995 0.780968
0.579556 0.155291 -0 0.472028 0.855061
0.772741 0.207055 -0 0.465802 0.776322
0.760845 0.247214 -0 0.457995 0.780968
0.760845 0.247214 -0 0.457995 0.780968
0.772741 0.207055 -0 0.465802 0.776322
0.951057 0.309017 -0 0.452664 0.722601
0.772741 0.207055 -0 0.465802 0.776322
0.965926 0.258819 -0 0.461203 0.718153
0.951057 0.309017 -0 0.452664 0.722601
0.951057 0.309017 -0 0.452664 0.722601
0.965926 0.258819 -0 0.461203 0.718153
1.14127 0.37082 -0 0.448559 0.677655
0.965926 0.258819 -0 0.461203 0.718153
1.15911 0.310583 -0 0.457667 0.673424
1.14127 0.37082 -0 0.448559 0.677655
1.14127 0.37082 -0 0.448559 0.677655
1.15911 0.310583 -0 0.457667 0.673424
1.33148 0.432624 -0 0.445301 0.641978
1.15911 0.310583 -0 0.457667 0.673424
1.3523 0.362347 -0 0.454863 0.63796
1.33148 0.432624 -0 0.445301 0.641978
1.33148 0.432624 -0 0.445301 0.641978
1.3523 0.362347 -0 0.454863 0.63796
1.52169 0.494427 -0 0.442651 0.612971
1.3523 0.362347 -0 0.454863 0.63796
1.54548 0.41411 -0 0.452585 0.609153
1.52169 0.494427 -0 0.442651 0.612971
1.52169 0.494427 -0 0.442651 0.612971
1.54548 0.41411 -0 0.452585 0.609153
1.7119 0.556231 -0 0.440455 0.588923
1.54548 0.41411 -0 0.452585 0.609153
1.73867 0.465874 -0 0.450698 0.585288
1.7119 0.556231 -0 0.440455 0.588923
1.7119 0.556231 -0 0.440455 0.588923
1.73867 0.465874 -0 0.450698 0.585288
1.90211 0.618034 -0 0.438604 0.568663
1.73867 0.465874 -0 0.450698 0.585288
1.93185 0.517638 -0 0.44911 0.565195
1.90211 0.618034 -0 0.438604 0.568663
1.90211 0.618034 -0 0.438604 0.568663
1.93185 0.517638 -0 0.44911 0.565195
2.09232 0.679837 -0 0.437024 0.551361
1.93185 0.517638 -0 0.44911 0.565195
2.12504 0.569402 -0 0.447754 0.548045
2.09232 0.679837 -0 0.437024 0.551361
2.09232 0.679837 -0 0.437024 0.551361
2.12504 0.569402 -0 0.447754 0.548045
2.47671 0.804731 0.04 0.433871 0.519047
2.12504 0.569402 -0 0.447754 0.548045
2.51543 0.674007 0.04 0.445057 0.516028
2.47671 0.804731 0.04 0.433871 0.519047
2.47671 0.804731 0.04 0.433871 0.519047
2.51543 0.674007 0.04 0.445057 0.516028
2.66692 0.866534 0.16 0.431168 0.495718
2.51543 0.674007 0.04 0.445057 0.516028
2.70861 0.725771 0.16 0.44276 0.492917
2.66692 0.866534 0.16 0.431168 0.495718
2.66692 0.866534 0.16 0.431168 0.495718
2.70861 0.725771 0.16 0.44276 0.492917
2.85713 0.928337 0.36 0.427523 0.465908
2.70861 0.725771 0.16 0.44276 0.492917
2.9018 0.777535 0.36 0.43967 0.463408
2.85713 0.928337 0.36 0.427523 0.465908
2.85713 0.928337 0.36 0.427523 0.465908
2.9018 0.777535 0.36 0.43967 0.463408
3.04734 0.990141 0.64 0.422856 0.428882
2.9018 0.777535 0.36 0.43967 0.463408
3.09498 0.829298 0.64 0.435724 0.426802
3.04734 0.990141 0.64 0.422856 0.428882
3.04734 0.990141 0.64 0.422856 0.428882
3.09498 0.829298 0.64 0.435724 0.426802
3.23755 1.05194 1 0.417012 0.383369
3.09498 0.829298 0.64 0.435724 0.426802
3.28817 0.881062 1 0.430793 0.38188
3.23755 1.05194 1 0.417012 0.383369
3.23755 1.05194 1 0.417012 0.383369
3.28817 0.881062 1 0.430793 0.38188
3.42776 1.11375 1.44 0.40974 0.327416
3.28817 0.881062 1 0.430793 0.38188
3.48135 0.932826 1.44 0.424671 0.326772
3.42776 1.11375 1.44 0.40974 0.327416
3.42776 1.11375 1.44 0.40974 0.327416
3.48135 0.932826 1.44 0.424671 0.326772
3.61797 1.17555 1.96 0.400654 0.258092
3.48135 0.932826 1.44 0.424671 0.326772
3.67454 0.98459 1.96 0.417046 0.25868
3.61797 1.17555 1.96 0.400654 0.258092
3.61797 1.17555 1.96 0.400654 0.258092
3.67454 0.98459 1.96 0.417046 0.25868
3.80819 1.23735 2.56 0.389169 0.170976
3.67454 0.98459 1.96 0.417046 0.25868
3.86772 1.03635 2.56 0.407442 0.173403
3.80819 1.23735 2.56 0.389169 0.170976
0.560148 0.215021 -0 0.458311 0.865436
0.570634 0.18541 -0 0.465197 0.85982
0.746864 0.286694 -0 0.450093 0.786454
0.570634 0.18541 -0 0.465197 0.85982
0.760845 0.247214 -0 0.457995 0.780968
0.746864 0.286694 -0 0.450093 0.786454
0.746864 0.286694 -0 0.450093 0.786454
0.760845 0.247214 -0 0.457995 0.780968
0.93358 0.358368 -0 0.443995 0.727856
0.760845 0.247214 -0 0.457995 0.780968
0.951057 0.309017 -0 0.452664 0.722601
0.93358 0.358368 -0 0.443995 0.727856
0.93358 0.358368 -0 0.443995 0.727856
0.951057 0.309017 -0 0.452664 0.722601
1.1203 0.430042 -0 0.439291 0.682652
0.951057 0.309017 -0 0.452664 0.722601
1.14127 0.37082 -0 0.448559 0.677655
1.1203 0.430042 -0 0.439291 0.682652
1.1203 0.430042 -0 0.439291 0.682652
1.14127 0.37082 -0 0.448559 0.677655
1.30701 0.501715 -0 0.435552 0.646721
1.14127 0.37082 -0 0.448559 0.677655
1.33148 0.432624 -0 0.445301 0.641978
1.30701 0.501715 -0 0.435552 0.646721
1.30701 0.501715 -0 0.435552 0.646721
1.33148 0.432624 -0 0.445301 0.641978
1.49373 0.573389 -0 0.432509 0.617475
1.33148 0.432624 -0 0.445301 0.641978
1.52169 0.494427 -0 0.442651 0.612971
1.49373 0.573389 -0 0.432509 0.617475
1.49373 0.573389 -0 0.432509 0.617475
1.52169 0.494427 -0 0.442651 0.612971
1.68044 0.645062 -0 0.429984 0.593208
1.52169 0.494427 -0 0.442651 0.612971
1.7119 0.556231 -0 0.440455 0.588923
1.68044 0.645062 -0 0.429984 0.593208
1.68044 0.645062 -0 0.429984 0.593208
1.7119 0.556231 -0 0.440455 0.588923
1.86716 0.716736 -0 0.427855 0.572747
1.7119 0.556231 -0 0.440455 0.588923
1.90211 0.618034 -0 0.438604 0.568663
1.86716 0.716736 -0 0.427855 0.572747
1.86716 0.716736 -0 0.427855 0.572747
1.90211 0.618034 -0 0.438604 0.568663
2.05388 0.788409 -0 0.426035 0.555262
1.90211 0.618034 -0 0.438604 0.568663
2.09232 0.679837 -0 0.437024 0.551361
2.05388 0.788409 -0 0.426035 0.555262
2.05388 0.788409 -0 0.426035 0.555262
2.09232 0.679837 -0 0.437024 0.551361
2.4312 0.933249 0.04 0.422395 0.52259
2.09232 0.679837 -0 0.437024 0.551361
2.47671 0.804731 0.04 0.433871 0.519047
2.4312 0.933249 0.04 0.422395 0.52259
2.4312 0.933249 0.04 0.422395 0.52259
2.47671 0.804731 0.04 0.433871 0.519047
2.61791 1.00492 0.16 0.419258 0.498999
2.47671 0.804731 0.04 0.433871 0.519047
2.66692 0.866534 0.16 0.431168 0.495718
2.61791 1.00492 0.16 0.419258 0.498999
2.61791 1.00492 0.16 0.419258 0.498999
2.66692 0.866534 0.16 0.431168 0.495718
2.80463 1.0766 0.36 0.415016 0.468824
2.66692 0.866534 0.16 0.431168 0.495718
2.85713 0.928337 0.36 0.427523 0.465908
2.80463 1.0766 0.36 0.415016 0.468824
2.80463 1.0766 0.36 0.415016 0.468824
2.85713 0.928337 0.36 0.427523 0.465908
2.99134 1.14827 0.64 0.409573 0.431289
2.85713 0.928337 0.36 0.427523 0.465908
3.04734 0.990141 0.64 0.422856 0.428882
2.99134 1.14827 0.64 0.409573 0.431289
2.99134 1.14827 0.64 0.409573 0.431289
3.04734 0.990141 0.64 0.422856 0.428882
3.17806 1.21994 1 0.402739 0.385058
3.04734 0.990141 0.64 0.422856 0.428882
3.23755 1.05194 1 0.417012 0.383369
3.17806 1.21994 1 0.402739 0.385058
3.17806 1.21994 1 0.402739 0.385058
3.23755 1.05194 1 0.417012 0.383369
3.36478 1.29162 1.44 0.39421 0.328071
3.23755 1.05194 1 0.417012 0.383369
3.42776 1.11375 1.44 0.40974 0.327416
3.36478 1.29162 1.44 0.39421 0.328071
3.36478 1.29162 1.44 0.39421 0.328071
3.42776 1.11375 1.44 0.40974 0.327416
3.55149 1.36329 1.96 0.383518 0.257236
3.42776 1.11375 1.44 0.40974 0.327416
3.61797 1.17555 1.96 0.400654 0.258092
3.55149 1.36329 1.96 0.383518 0.257236
3.55149 1.36329 1.96 0.383518 0.257236
3.61797 1.17555 1.96 0.400654 0.258092
3.73821 1.43496 2.56 0.369945 0.167848
3.61797 1.17555 1.96 0.400654 0.258092
3.80819 1.23735 2.56 0.389169 0.170976
3.73821 1.43496 2.56 0.369945 0.167848
0.548127 0.244042 -0 0.451357 0.871945
0.560148 0.215021 -0 0.458311 0.865436
0.730836 0.325389 -0 0.442073 0.792823
0.560148 0.215021 -0 0.458311 0.865436
0.746864 0.286694 -0 0.450093 0.786454
0.730836 0.325389 -0 0.442073 0.792823
0.730836 0.325389 -0 0.442073 0.792823
0.746864 0.286694 -0 0.450093 0.786454
0.913545 0.406737 -0 0.435167 0.733961
0.746864 0.286694 -0 0.450093 0.786454
0.93358 0.358368 -0 0.443995 0.727856
0.913545 0.406737 -0 0.435167 0.733961
0.913545 0.406737 -0 0.435167 0.733961
0.93358 0.358368 -0 0.443995 0.727856
1.09625 0.488084 -0 0.429829 0.68846
0.93358 0.358368 -0 0.443995 0.727856
1.1203 0.430042 -0 0.439291 0.682652
1.09625 0.488084 -0 0.429829 0.68846
1.09625 0.488084 -0 0.429829 0.68846
1.1203 0.430042 -0 0.439291 0.682652
1.27896 0.569431 -0 0.425579 0.652234
1.1203 0.430042 -0 0.439291 0.682652
1.30701 0.501715 -0 0.435552 0.646721
1.27896 0.569431 -0 0.425579 0.652234
1.27896 0.569431 -0 0.425579 0.652234
1.30701 0.501715 -0 0.435552 0.646721
1.46167 0.650779 -0 0.422115 0.62271
1.30701 0.501715 -0 0.435552 0.646721
1.49373 0.573389 -0 0.432509 0.617475
1.46167 0.650779 -0 0.422115 0.62271
1.46167 0.650779 -0 0.422115 0.62271
1.49373 0.573389 -0 0.432509 0.617475
1.64438 0.732126 -0 0.419237 0.598185
1.49373 0.573389 -0 0.432509 0.617475
1.68044 0.645062 -0 0.429984 0.593208
1.64438 0.732126 -0 0.419237 0.598185
1.64438 0.732126 -0 0.419237 0.598185
1.68044 0.645062 -0 0.429984 0.593208
1.82709 0.813473 -0 0.416809 0.577489
1.68044 0.645062 -0 0.429984 0.593208
1.86716 0.716736 -0 0.427855 0.572747
1.82709 0.813473 -0 0.416809 0.577489
1.82709 0.813473 -0 0.416809 0.577489
1.86716 0.716736 -0 0.427855 0.572747
2.0098 0.894821 -0 0.414732 0.55979
1.86716 0.716736 -0 0.427855 0.572747
2.05388 0.788409 -0 0.426035 0.555262
2.0098 0.894821 -0 0.414732 0.55979
2.0098 0.894821 -0 0.414732 0.55979
2.05388 0.788409 -0 0.426035 0.555262
2.37902 1.05921 0.04 0.410567 0.526698
2.05388 0.788409 -0 0.426035 0.555262
2.4312 0.933249 0.04 0.422395 0.52259
2.37902 1.05921 0.04 0.410567 0.526698
2.37902 1.05921 0.04 0.410567 0.526698
2.4312 0.933249 0.04 0.422395 0.52259
2.56173 1.14056 0.16 0.40696 0.502798
2.4312 0.933249 0.04 0.422395 0.52259
2.61791 1.00492 0.16 0.419258 0.498999
2.56173 1.14056 0.16 0.40696 0.502798
2.56173 1.14056 0.16 0.40696 0.502798
2.61791 1.00492 0.16 0.419258 0.498999
2.74444 1.2219 0.36 0.40207 0.472193
2.61791 1.00492 0.16 0.419258 0.498999
2.80463 1.0766 0.36 0.415016 0.468824
2.74444 1.2219 0.36 0.40207 0.472193
2.74444 1.2219 0.36 0.40207 0.472193
2.80463 1.0766 0.36 0.415016 0.468824
2.92715 1.30325 0.64 0.395781 0.434055
2.80463 1.0766 0.36 0.415016 0.468824
2.99134 1.14827 0.64 0.409573 0.431289
2.92715 1.30325 0.64 0.395781 0.434055
2.92715 1.30325 0.64 0.395781 0.434055
2.99134 1.14827 0.64 0.409573 0.431289
3.10986 1.3846 1 0.387862 0.386967
2.99134 1.14827 0.64 0.409573 0.431289
3.17806 1.21994 1 0.402739 0.385058
3.10986 1.3846 1 0.387862 0.386967
3.10986 1.3846 1 0.387862 0.386967
3.17806 1.21994 1 0.402739 0.385058
3.29257 1.46595 1.44 0.377946 0.328744
3.17806 1.21994 1 0.402739 0.385058
3.36478 1.29162 1.44 0.39421 0.328071
3.29257 1.46595 1.44 0.377946 0.328744
3.29257 1.46595 1.44 0.377946 0.328744
3.36478 1.29162 1.44 0.39421 0.328071
3.47528 1.54729 1.96 0.365463 0.256086
3.36478 1.29162 1.44 0.39421 0.328071
3.55149 1.36329 1.96 0.383518 0.257236
3.47528 1.54729 1.96 0.365463 0.256086
3.47528 1.54729 1.96 0.365463 0.256086
3.55149 1.36329 1.96 0.383518 0.257236
3.65798 1.62864 2.56 0.349536 0.163937
3.55149 1.36329 1.96 0.383518 0.257236
3.73821 1.43496 2.56 0.369945 0.167848
3.65798 1.62864 2.56 0.349536 0.163937
0.534604 0.272394 -0 0.44432 0.879387
0.548127 0.244042 -0 0.451357 0.871945
0.712805 0.363192 -0 0.433916 0.800123
0.548127 0.244042 -0 0.451357 0.871945
0.730836 0.325389 -0 0.442073 0.792823
0.712805 0.363192 -0 0.433916 0.800123
0.712805 0.363192 -0 0.433916 0.800123
0.730836 0.325389 -0 0.442073 0.792823
0.891007 0.453991 -0 0.426151 0.740969
0.730836 0.325389 -0 0.442073 0.792823
0.913545 0.406737 -0 0.435167 0.733961
0.891007 0.453991 -0 0.426151 0.740969
0.891007 0.453991 -0 0.426151 0.740969
0.913545 0.406737 -0 0.435167 0.733961
1.06921 0.544789 -0 0.420135 0.695133
0.913545 0.406737 -0 0.435167 0.733961
1.09625 0.488084 -0 0.429829 0.68846
1.06921 0.544789 -0 0.420135 0.695133
1.06921 0.544789 -0 0.420135 0.695133
1.09625 0.488084 -0 0.429829 0.68846
1.24741 0.635587 -0 0.415336 0.658572
1.09625 0.488084 -0 0.429829 0.68846
1.27896 0.569431 -0 0.425579 0.652234
1.24741 0.635587 -0 0.415336 0.658572
1.24741 0.635587 -0 0.415336 0.658572
1.27896 0.569431 -0 0.425579 0.652234
1.42561 0.726385 -0 0.411419 0.62873
1.27896 0.569431 -0 0.425579 0.652234
1.46167 0.650779 -0 0.422115 0.62271
1.42561 0.726385 -0 0.411419 0.62873
1.42561 0.726385 -0 0.411419 0.62873
1.46167 0.650779 -0 0.422115 0.62271
1.60381 0.817183 -0 0.408161 0.603911
1.46167 0.650779 -0 0.422115 0.62271
1.64438 0.732126 -0 0.419237 0.598185
1.60381 0.817183 -0 0.408161 0.603911
1.60381 0.817183 -0 0.408161 0.603911
1.64438 0.732126 -0 0.419237 0.598185
1.78201 0.907981 -0 0.405409 0.582944
1.64438 0.732126 -0 0.419237 0.598185
1.82709 0.813473 -0 0.416809 0.577489
1.78201 0.907981 -0 0.405409 0.582944
1.78201 0.907981 -0 0.405409 0.582944
1.82709 0.813473 -0 0.416809 0.577489
1.96021 0.998779 -0 0.403053 0.564998
1.82709 0.813473 -0 0.416809 0.577489
2.0098 0.894821 -0 0.414732 0.55979
1.96021 0.998779 -0 0.403053 0.564998
1.96021 0.998779 -0 0.403053 0.564998
2.0098 0.894821 -0 0.414732 0.55979
2.32033 1.18227 0.04 0.398317 0.531419
2.0098 0.894821 -0 0.414732 0.55979
2.37902 1.05921 0.04 0.410567 0.526698
2.32033 1.18227 0.04 0.398317 0.531419
2.32033 1.18227 0.04 0.398317 0.531419
2.37902 1.05921 0.04 0.410567 0.526698
2.49853 1.27306 0.16 0.394196 0.507162
2.37902 1.05921 0.04 0.410567 0.526698
2.56173 1.14056 0.16 0.40696 0.502798
2.49853 1.27306 0.16 0.394196 0.507162
2.49853 1.27306 0.16 0.394196 0.507162
2.56173 1.14056 0.16 0.40696 0.502798
2.67673 1.36386 0.36 0.388597 0.476058
2.56173 1.14056 0.16 0.40696 0.502798
2.74444 1.2219 0.36 0.40207 0.472193
2.67673 1.36386 0.36 0.388597 0.476058
2.67673 1.36386 0.36 0.388597 0.476058
2.74444 1.2219 0.36 0.40207 0.472193
2.85493 1.45466 0.64 0.381375 0.437216
2.74444 1.2219 0.36 0.40207 0.472193
2.92715 1.30325 0.64 0.395781 0.434055
2.85493 1.45466 0.64 0.381375 0.437216
2.85493 1.45466 0.64 0.381375 0.437216
2.92715 1.30325 0.64 0.395781 0.434055
3.03313 1.54546 1 0.372253 0.389123
2.92715 1.30325 0.64 0.395781 0.434055
3.10986 1.3846 1 0.387862 0.386967
3.03313 1.54546 1 0.372253 0.389123
3.03313 1.54546 1 0.372253 0.389123
3.10986 1.3846 1 0.387862 0.386967
3.21133 1.63626 1.44 0.360786 0.329439
3.10986 1.3846 1 0.387862 0.386967
3.29257 1.46595 1.44 0.377946 0.328744
3.21133 1.63626 1.44 0.360786 0.329439
3.21133 1.63626 1.44 0.360786 0.329439
3.29257 1.46595 1.44 0.377946 0.328744
3.38953 1.72705 1.96 0.346281 0.254609
3.29257 1.46595 1.44 0.377946 0.328744
3.47528 1.54729 1.96 0.365463 0.256086
3.38953 1.72705 1.96 0.346281 0.254609
3.38953 1.72705 1.96 0.346281 0.254609
3.47528 1.54729 1.96 0.365463 0.256086
3.56774 1.81785 2.56 0.327662 0.15914
3.47528 1.54729 1.96 0.365463 0.256086
3.65798 1.62864 2.56 0.349536 0.163937
3.56774 1.81785 2.56 0.327662 0.15914
0.519615 0.3 -0 0.437188 0.887812
0.534604 0.272394 -0 0.44432 0.879387
0.69282 0.4 -0 0.425597 0.808412
0.534604 0.272394 -0 0.44432 0.879387
0.712805 0.363192 -0 0.433916 0.800123
0.69282 0.4 -0 0.425597 0.808412
0.69282 0.4 -0 0.425597 0.808412
0.712805 0.363192 -0 0.433916 0.800123
0.866025 0.5 -0 0.416915 0.748943
0.712805 0.363192 -0 0.433916 0.800123
0.891007 0.453991 -0 0.426151 0.740969
0.866025 0.5 -0 0.416915 0.748943
0.866025 0.5 -0 0.416915 0.748943
0.891007 0.453991 -0 0.426151 0.740969
1.03923 0.6 -0 0.410169 0.702737
0.891007 0.453991 -0 0.426151 0.740969
1.06921 0.544789 -0 0.420135 0.695133
1.03923 0.6 -0 0.410169 0.702737
1.03923 0.6 -0 0.410169 0.702737
1.06921 0.544789 -0 0.420135 0.695133
1.21244 0.7 -0 0.404777 0.665802
1.06921 0.544789 -0 0.420135 0.695133
1.24741 0.635587 -0 0.415336 0.658572
1.21244 0.7 -0 0.404777 0.665802
1.21244 0.7 -0 0.404777 0.665802
1.24741 0.635587 -0 0.415336 0.658572
1.38564 0.8 -0 0.400368 0.635602
1.24741 0.635587 -0 0.415336 0.658572
1.42561 0.726385 -0 0.411419 0.62873
1.38564 0.8 -0 0.400368 0.635602
1.38564 0.8 -0 0.400368 0.635602
1.42561 0.726385 -0 0.411419 0.62873
1.55885 0.9 -0 0.396696 0.610449
1.42561 0.726385 -0 0.411419 0.62873
1.60381 0.817183 -0 0.408161 0.603911
1.55885 0.9 -0 0.396696 0.610449
1.55885 0.9 -0 0.396696 0.610449
1.60381 0.817183 -0 0.408161 0.603911
1.73205 1 -0 0.393591 0.589176
1.60381 0.817183 -0 0.408161 0.603911
1.78201 0.907981 -0 0.405409 0.582944
1.73205 1 -0 0.393591 0.589176
1.73205 1 -0 0.393591 0.589176
1.78201 0.907981 -0 0.405409 0.582944
1.90526 1.1 -0 0.39093 0.570948
1.78201 0.907981 -0 0.405409 0.582944
1.96021 0.998779 -0 0.403053 0.564998
1.90526 1.1 -0 0.39093 0.570948
1.90526 1.1 -0 0.39093 0.570948
1.96021 0.998779 -0 0.403053 0.564998
2.25527 1.30208 0.04 0.385566 0.536815
1.96021 0.998779 -0 0.403053 0.564998
2.32033 1.18227 0.04 0.398317 0.531419
2.25527 1.30208 0.04 0.385566 0.536815
2.25527 1.30208 0.04 0.385566 0.536815
2.32033 1.18227 0.04 0.398317 0.531419
2.42848 1.40208 0.16 0.380879 0.512149
2.32033 1.18227 0.04 0.398317 0.531419
2.49853 1.27306 0.16 0.394196 0.507162
2.42848 1.40208 0.16 0.380879 0.512149
2.42848 1.40208 0.16 0.380879 0.512149
2.49853 1.27306 0.16 0.394196 0.507162
2.60168 1.50208 0.36 0.374494 0.480473
2.49853 1.27306 0.16 0.394196 0.507162
2.67673 1.36386 0.36 0.388597 0.476058
2.60168 1.50208 0.36 0.374494 0.480473
2.60168 1.50208 0.36 0.374494 0.480473
2.67673 1.36386 0.36 0.388597 0.476058
2.77489 1.60208 0.64 0.366234 0.44082
2.67673 1.36386 0.36 0.388597 0.476058
2.85493 1.45466 0.64 0.381375 0.437216
2.77489 1.60208 0.64 0.366234 0.44082
2.77489 1.60208 0.64 0.366234 0.44082
2.85493 1.45466 0.64 0.381375 0.437216
2.94809 1.70208 1 0.355763 0.391559
2.85493 1.45466 0.64 0.381375 0.437216
3.03313 1.54546 1 0.372253 0.389123
2.94809 1.70208 1 0.355763 0.391559
2.94809 1.70208 1 0.355763 0.391559
3.03313 1.54546 1 0.372253 0.389123
3.1213 1.80208 1.44 0.342539 0.330163
3.03313 1.54546 1 0.372253 0.389123
3.21133 1.63626 1.44 0.360786 0.329439
3.1213 1.80208 1.44 0.342539 0.330163
3.1213 1.80208 1.44 0.342539 0.330163
3.21133 1.63626 1.44 0.360786 0.329439
3.2945 1.90208 1.96 0.32572 0.252764
3.21133 1.63626 1.44 0.360786 0.329439
3.38953 1.72705 1.96 0.346281 0.254609
3.2945 1.90208 1.96 0.32572 0.252764
3.2945 1.90208 1.96 0.32572 0.252764
3.38953 1.72705 1.96 0.346281 0.254609
3.46771 2.00208 2.56 0.303977 0.15332
3.38953 1.72705 1.96 0.346281 0.254609
3.56774 1.81785 2.56 0.327662 0.15914
3.46771 2.00208 2.56 0.303977 0.15332
0.503202 0.326783 -0 0.429946 0.897275
0.519615 0.3 -0 0.437188 0.887812
0.670936 0.435711 -0 0.41709 0.817757
0.519615 0.3 -0 0.437188 0.887812
0.69282 0.4 -0 0.425597 0.808412
0.670936 0.435711 -0 0.41709 0.817757
0.670936 0.435711 -0 0.41709 0.817757
0.69282 0.4 -0 0.425597 0.808412
0.838671 0.544639 -0 0.407422 0.757957
0.69282 0.4 -0 0.425597 0.808412
0.866025 0.5 -0 0.416915 0.748943
0.838671 0.544639 -0 0.407422 0.757957
2.94809 1.70208 1 0.355763 0.391559
3.1213 1.80208 1.44 0.342539 0.330163
3.02271 1.96297 1.44 0.322978 0.330923
3.02271 1.96297 1.44 0.322978 0.330923
3.1213 1.80208 1.44 0.342539 0.330163
3.19044 2.0719 1.96 0.303474 0.250497
3.1213 1.80208 1.44 0.342539 0.330163
3.2945 1.90208 1.96 0.32572 0.252764
3.19044 2.0719 1.96 0.303474 0.250497
3.19044 2.0719 1.96 0.303474 0.250497
3.2945 1.90208 1.96 0.32572 0.252764
3.35817 2.18082 2.56 0.278048 0.146299
3.2945 1.90208 1.96 0.32572 0.252764
3.46771 2.00208 2.56 0.303977 0.15332
3.35817 2.18082 2.56 0.278048 0.146299
