1.80208 3.1213 1.44 0.641116 0.337063
1.96297 3.02271 1.44 0.65951 0.337072
1.90208 3.2945 1.96 0.654163 0.264145
1.96297 3.02271 1.44 0.65951 0.337072
2.0719 3.19044 1.96 0.674779 0.26143
1.90208 3.2945 1.96 0.654163 0.264145
1.90208 3.2945 1.96 0.654163 0.264145
2.0719 3.19044 1.96 0.674779 0.26143
2.00208 3.46771 2.56 0.670811 0.171943
2.0719 3.19044 1.96 0.674779 0.26143
2.18082 3.35817 2.56 0.694398 0.165102
2.00208 3.46771 2.56 0.670811 0.171943
0.272394 0.534604 -0 0.564755 0.896174
0.3 0.519615 -0 0.572408 0.90449
0.363192 0.712805 -0 0.57186 0.809718
0.3 0.519615 -0 0.572408 0.90449
0.4 0.69282 -0 0.580604 0.817644
0.363192 0.712805 -0 0.57186 0.809718
0.363192 0.712805 -0 0.57186 0.809718
0.4 0.69282 -0 0.580604 0.817644
0.453991 0.891007 -0 0.577044 0.746638
0.4 0.69282 -0 0.580604 0.817644
0.5 0.866025 -0 0.586603 0.754074
0.453991 0.891007 -0 0.577044 0.746638
0.453991 0.891007 -0 0.577044 0.746638
0.5 0.866025 -0 0.586603 0.754074
0.544789 1.06921 -0 0.580994 0.698581
0.5 0.866025 -0 0.586603 0.754074
0.6 1.03923 -0 0.591185 0.705529
0.544789 1.06921 -0 0.580994 0.698581
0.544789 1.06921 -0 0.580994 0.698581
0.6 1.03923 -0 0.591185 0.705529
0.635587 1.24741 -0 0.584102 0.660751
0.6 1.03923 -0 0.591185 0.705529
0.7 1.21244 -0 0.594798 0.667244
0.635587 1.24741 -0 0.584102 0.660751
0.635587 1.24741 -0 0.584102 0.660751
0.7 1.21244 -0 0.594798 0.667244
0.726385 1.42561 -0 0.586613 0.630199
0.7 1.21244 -0 0.594798 0.667244
0.8 1.38564 -0 0.59772 0.636278
0.726385 1.42561 -0 0.586613 0.630199
0.726385 1.42561 -0 0.586613 0.630199
0.8 1.38564 -0 0.59772 0.636278
0.817183 1.60381 -0 0.588683 0.605008
0.8 1.38564 -0 0.59772 0.636278
0.9 1.55885 -0 0.600132 0.610716
0.817183 1.60381 -0 0.588683 0.605008
0.817183 1.60381 -0 0.588683 0.605008
0.9 1.55885 -0 0.600132 0.610716
0.907981 1.78201 -0 0.59042 0.58388
0.9 1.55885 -0 0.600132 0.610716
1 1.73205 -0 0.602158 0.589255
0.907981 1.78201 -0 0.59042 0.58388
0.907981 1.78201 -0 0.59042 0.58388
1 1.73205 -0 0.602158 0.589255
0.998779 1.96021 -0 0.591897 0.565907
1 1.73205 -0 0.602158 0.589255
1.1 1.90526 -0 0.603882 0.570983
0.998779 1.96021 -0 0.591897 0.565907
0.998779 1.96021 -0 0.591897 0.565907
1.1 1.90526 -0 0.603882 0.570983
1.18227 2.32033 0.04 0.595028 0.532552
1.1 1.90526 -0 0.603882 0.570983
1.30208 2.25527 0.04 0.607529 0.537052
1.18227 2.32033 0.04 0.595028 0.532552
1.18227 2.32033 0.04 0.595028 0.532552
1.30208 2.25527 0.04 0.607529 0.537052
1.27306 2.49853 0.16 0.598098 0.508654
1.30208 2.25527 0.04 0.607529 0.537052
1.40208 2.42848 0.16 0.611088 0.512738
1.27306 2.49853 0.16 0.598098 0.508654
1.27306 2.49853 0.16 0.598098 0.508654
1.40208 2.42848 0.16 0.611088 0.512738
1.36386 2.67673 0.36 0.602384 0.478196
1.40208 2.42848 0.16 0.611088 0.512738
1.50208 2.60168 0.36 0.616057 0.481708
1.36386 2.67673 0.36 0.602384 0.478196
1.36386 2.67673 0.36 0.602384 0.478196
1.50208 2.60168 0.36 0.616057 0.481708
1.45466 2.85493 0.64 0.607968 0.440424
1.50208 2.60168 0.36 0.616057 0.481708
1.60208 2.77489 0.64 0.622541 0.443145
1.45466 2.85493 0.64 0.607968 0.440424
1.45466 2.85493 0.64 0.607968 0.440424
1.60208 2.77489 0.64 0.622541 0.443145
1.54546 3.03313 1 0.615036 0.394038
1.60208 2.77489 0.64 0.622541 0.443145
1.70208 2.94809 1 0.630769 0.395648
1.54546 3.03313 1 0.615036 0.394038
1.54546 3.03313 1 0.615036 0.394038
1.70208 2.94809 1 0.630769 0.395648
1.63626 3.21133 1.44 0.623893 0.337037
1.70208 2.94809 1 0.630769 0.395648
1.80208 3.1213 1.44 0.641116 0.337063
1.63626 3.21133 1.44 0.623893 0.337037
1.63626 3.21133 1.44 0.623893 0.337037
1.80208 3.1213 1.44 0.641116 0.337063
1.72705 3.38953 1.96 0.635012 0.266425
1.80208 3.1213 1.44 0.641116 0.337063
1.90208 3.2945 1.96 0.654163 0.264145
1.72705 3.38953 1.96 0.635012 0.266425
1.72705 3.38953 1.96 0.635012 0.266425
1.90208 3.2945 1.96 0.654163 0.264145
1.81785 3.56774 2.56 0.649116 0.177676
1.90208 3.2945 1.96 0.654163 0.264145
2.00208 3.46771 2.56 0.670811 0.171943
1.81785 3.56774 2.56 0.649116 0.177676
0.244042 0.548127 -0 0.557244 0.888917
0.272394 0.534604 -0 0.564755 0.896174
0.325389 0.730836 -0 0.56332 0.802824
0.272394 0.534604 -0 0.564755 0.896174
0.363192 0.712805 -0 0.57186 0.809718
0.325389 0.730836 -0 0.56332 0.802824
0.325389 0.730836 -0 0.56332 0.802824
0.363192 0.712805 -0 0.57186 0.809718
0.406737 0.913545 -0 0.567742 0.740184
0.363192 0.712805 -0 0.57186 0.809718
0.453991 0.891007 -0 0.577044 0.746638
0.406737 0.913545 -0 0.567742 0.740184
0.406737 0.913545 -0 0.567742 0.740184
0.453991 0.891007 -0 0.577044 0.746638
0.488084 1.09625 -0 0.571104 0.692561
0.453991 0.891007 -0 0.577044 0.746638
0.544789 1.06921 -0 0.580994 0.698581
0.488084 1.09625 -0 0.571104 0.692561
0.488084 1.09625 -0 0.571104 0.692561
0.544789 1.06921 -0 0.580994 0.698581
0.569431 1.27896 -0 0.573745 0.655133
0.544789 1.06921 -0 0.580994 0.698581
0.635587 1.24741 -0 0.584102 0.660751
0.569431 1.27896 -0 0.573745 0.655133
0.569431 1.27896 -0 0.573745 0.655133
0.635587 1.24741 -0 0.584102 0.660751
0.650779 1.46167 -0 0.575876 0.624943
0.635587 1.24741 -0 0.584102 0.660751
0.726385 1.42561 -0 0.586613 0.630199
0.650779 1.46167 -0 0.575876 0.624943
0.650779 1.46167 -0 0.575876 0.624943
0.726385 1.42561 -0 0.586613 0.630199
0.732126 1.64438 -0 0.577632 0.600077
0.726385 1.42561 -0 0.586613 0.630199
0.817183 1.60381 -0 0.588683 0.605008
0.732126 1.64438 -0 0.577632 0.600077
0.732126 1.64438 -0 0.577632 0.600077
0.817183 1.60381 -0 0.588683 0.605008
0.813473 1.82709 -0 0.579102 0.57924
0.817183 1.60381 -0 0.588683 0.605008
0.907981 1.78201 -0 0.59042 0.58388
0.813473 1.82709 -0 0.579102 0.57924
0.813473 1.82709 -0 0.579102 0.57924
0.907981 1.78201 -0 0.59042 0.58388
0.894821 2.0098 -0 0.580353 0.561527
0.907981 1.78201 -0 0.59042 0.58388
0.998779 1.96021 -0 0.591897 0.565907
0.894821 2.0098 -0 0.580353 0.561527
0.894821 2.0098 -0 0.580353 0.561527
0.998779 1.96021 -0 0.591897 0.565907
1.05921 2.37902 0.04 0.583012 0.528673
0.998779 1.96021 -0 0.591897 0.565907
1.18227 2.32033 0.04 0.595028 0.532552
1.05921 2.37902 0.04 0.583012 0.528673
1.05921 2.37902 0.04 0.583012 0.528673
1.18227 2.32033 0.04 0.595028 0.532552
1.14056 2.56173 0.16 0.585638 0.505136
1.18227 2.32033 0.04 0.595028 0.532552
1.27306 2.49853 0.16 0.598098 0.508654
1.14056 2.56173 0.16 0.585638 0.505136
1.14056 2.56173 0.16 0.585638 0.505136
1.27306 2.49853 0.16 0.598098 0.508654
1.2219 2.74444 0.36 0.589304 0.475173
1.27306 2.49853 0.16 0.598098 0.508654
1.36386 2.67673 0.36 0.602384 0.478196
1.2219 2.74444 0.36 0.589304 0.475173
1.2219 2.74444 0.36 0.589304 0.475173
1.36386 2.67673 0.36 0.602384 0.478196
1.30325 2.92715 0.64 0.594077 0.438084
1.36386 2.67673 0.36 0.602384 0.478196
1.45466 2.85493 0.64 0.607968 0.440424
1.30325 2.92715 0.64 0.594077 0.438084
1.30325 2.92715 0.64 0.594077 0.438084
1.45466 2.85493 0.64 0.607968 0.440424
1.3846 3.10986 1 0.600105 0.392649
1.45466 2.85493 0.64 0.607968 0.440424
1.54546 3.03313 1 0.615036 0.394038
1.3846 3.10986 1 0.600105 0.392649
1.3846 3.10986 1 0.600105 0.392649
1.54546 3.03313 1 0.615036 0.394038
1.46595 3.29257 1.44 0.607638 0.336994
1.54546 3.03313 1 0.615036 0.394038
1.63626 3.21133 1.44 0.623893 0.337037
1.46595 3.29257 1.44 0.607638 0.336994
1.46595 3.29257 1.44 0.607638 0.336994
1.63626 3.21133 1.44 0.623893 0.337037
1.54729 3.47528 1.96 0.617058 0.268327
1.63626 3.21133 1.44 0.623893 0.337037
1.72705 3.38953 1.96 0.635012 0.266425
1.54729 3.47528 1.96 0.617058 0.268327
1.54729 3.47528 1.96 0.617058 0.268327
1.72705 3.38953 1.96 0.635012 0.266425
1.62864 3.65798 2.56 0.62895 0.182459
1.72705 3.38953 1.96 0.635012 0.266425
1.81785 3.56774 2.56 0.649116 0.177676
1.62864 3.65798 2.56 0.62895 0.182459
0.215021 0.560148 -0 0.549854 0.882665
0.244042 0.548127 -0 0.557244 0.888917
0.286694 0.746864 -0 0.554956 0.796902
0.244042 0.548127 -0 0.557244 0.888917
0.325389 0.730836 -0 0.56332 0.802824
0.286694 0.746864 -0 0.554956 0.796902
0.286694 0.746864 -0 0.554956 0.796902
0.325389 0.730836 -0 0.56332 0.802824
0.358368 0.93358 -0 0.558659 0.734649
0.325389 0.730836 -0 0.56332 0.802824
0.406737 0.913545 -0 0.567742 0.740184
0.358368 0.93358 -0 0.558659 0.734649
0.358368 0.93358 -0 0.558659 0.734649
0.406737 0.913545 -0 0.567742 0.740184
0.430042 1.1203 -0 0.561469 0.687405
0.406737 0.913545 -0 0.567742 0.740184
0.488084 1.09625 -0 0.571104 0.692561
0.430042 1.1203 -0 0.561469 0.687405
0.430042 1.1203 -0 0.561469 0.687405
0.488084 1.09625 -0 0.571104 0.692561
0.501715 1.30701 -0 0.563675 0.650326
0.488084 1.09625 -0 0.571104 0.692561
0.569431 1.27896 -0 0.573745 0.655133
0.501715 1.30701 -0 0.563675 0.650326
0.501715 1.30701 -0 0.563675 0.650326
0.569431 1.27896 -0 0.573745 0.655133
0.573389 1.49373 -0 0.565453 0.62045
0.569431 1.27896 -0 0.573745 0.655133
0.650779 1.46167 -0 0.575876 0.624943
0.573389 1.49373 -0 0.565453 0.62045
0.573389 1.49373 -0 0.565453 0.62045
0.650779 1.46167 -0 0.575876 0.624943
0.645062 1.68044 -0 0.566915 0.595864
0.650779 1.46167 -0 0.575876 0.624943
0.732126 1.64438 -0 0.577632 0.600077
0.645062 1.68044 -0 0.566915 0.595864
0.645062 1.68044 -0 0.566915 0.595864
0.732126 1.64438 -0 0.577632 0.600077
0.716736 1.86716 -0 0.56814 0.575277
0.732126 1.64438 -0 0.577632 0.600077
0.813473 1.82709 -0 0.579102 0.57924
0.716736 1.86716 -0 0.56814 0.575277
0.716736 1.86716 -0 0.56814 0.575277
0.813473 1.82709 -0 0.579102 0.57924
0.788409 2.05388 -0 0.56918 0.557787
0.813473 1.82709 -0 0.579102 0.57924
0.894821 2.0098 -0 0.580353 0.561527
0.788409 2.05388 -0 0.56918 0.557787
0.788409 2.05388 -0 0.56918 0.557787
0.894821 2.0098 -0 0.580353 0.561527
0.933249 2.4312 0.04 0.571404 0.525362
0.894821 2.0098 -0 0.580353 0.561527
1.05921 2.37902 0.04 0.583012 0.528673
0.933249 2.4312 0.04 0.571404 0.525362
0.933249 2.4312 0.04 0.571404 0.525362
1.05921 2.37902 0.04 0.583012 0.528673
1.00492 2.61791 0.16 0.57362 0.502135
1.05921 2.37902 0.04 0.583012 0.528673
1.14056 2.56173 0.16 0.585638 0.505136
1.00492 2.61791 0.16 0.57362 0.502135
1.00492 2.61791 0.16 0.57362 0.502135
1.14056 2.56173 0.16 0.585638 0.505136
1.0766 2.80463 0.36 0.576719 0.472595
1.14056 2.56173 0.16 0.585638 0.505136
1.2219 2.74444 0.36 0.589304 0.475173
1.0766 2.80463 0.36 0.576719 0.472595
1.0766 2.80463 0.36 0.576719 0.472595
1.2219 2.74444 0.36 0.589304 0.475173
1.14827 2.99134 0.64 0.580751 0.436087
1.2219 2.74444 0.36 0.589304 0.475173
1.30325 2.92715 0.64 0.594077 0.438084
1.14827 2.99134 0.64 0.580751 0.436087
1.14827 2.99134 0.64 0.580751 0.436087
1.30325 2.92715 0.64 0.594077 0.438084
1.21994 3.17806 1 0.585837 0.391457
1.30325 2.92715 0.64 0.594077 0.438084
1.3846 3.10986 1 0.600105 0.392649
1.21994 3.17806 1 0.585837 0.391457
1.21994 3.17806 1 0.585837 0.391457
1.3846 3.10986 1 0.600105 0.392649
1.29162 3.36478 1.44 0.592177 0.336935
1.3846 3.10986 1 0.600105 0.392649
1.46595 3.29257 1.44 0.607638 0.336994
1.29162 3.36478 1.44 0.592177 0.336935
1.29162 3.36478 1.44 0.592177 0.336935
1.46595 3.29257 1.44 0.607638 0.336994
1.36329 3.55149 1.96 0.600082 0.269893
1.46595 3.29257 1.44 0.607638 0.336994
1.54729 3.47528 1.96 0.617058 0.268327
1.36329 3.55149 1.96 0.600082 0.269893
1.36329 3.55149 1.96 0.600082 0.269893
1.54729 3.47528 1.96 0.617058 0.268327
1.43496 3.73821 2.56 0.610021 0.186411
1.54729 3.47528 1.96 0.617058 0.268327
1.62864 3.65798 2.56 0.62895 0.182459
1.43496 3.73821 2.56 0.610021 0.186411
0.18541 0.570634 -0 0.542568 0.877374
0.215021 0.560148 -0 0.549854 0.882665
0.247214 0.760845 -0 0.546739 0.791899
0.215021 0.560148 -0 0.549854 0.882665
0.286694 0.746864 -0 0.554956 0.796902
0.247214 0.760845 -0 0.546739 0.791899
0.247214 0.760845 -0 0.546739 0.791899
0.286694 0.746864 -0 0.554956 0.796902
0.309017 0.951057 -0 0.549761 0.729981
0.286694 0.746864 -0 0.554956 0.796902
0.358368 0.93358 -0 0.558659 0.734649
0.309017 0.951057 -0 0.549761 0.729981
0.309017 0.951057 -0 0.549761 0.729981
0.358368 0.93358 -0 0.558659 0.734649
0.37082 1.14127 -0 0.55205 0.683061
0.358368 0.93358 -0 0.558659 0.734649
0.430042 1.1203 -0 0.561469 0.687405
0.37082 1.14127 -0 0.55205 0.683061
0.37082 1.14127 -0 0.55205 0.683061
0.430042 1.1203 -0 0.561469 0.687405
0.432624 1.33148 -0 0.553845 0.646279
0.430042 1.1203 -0 0.561469 0.687405
0.501715 1.30701 -0 0.563675 0.650326
0.432624 1.33148 -0 0.553845 0.646279
0.432624 1.33148 -0 0.553845 0.646279
0.501715 1.30701 -0 0.563675 0.650326
0.494427 1.52169 -0 0.55529 0.616668
0.501715 1.30701 -0 0.563675 0.650326
0.573389 1.49373 -0 0.565453 0.62045
0.494427 1.52169 -0 0.55529 0.616668
0.494427 1.52169 -0 0.55529 0.616668
0.573389 1.49373 -0 0.565453 0.62045
0.556231 1.7119 -0 0.556478 0.592319
0.573389 1.49373 -0 0.565453 0.62045
0.645062 1.68044 -0 0.566915 0.595864
0.556231 1.7119 -0 0.556478 0.592319
0.556231 1.7119 -0 0.556478 0.592319
0.645062 1.68044 -0 0.566915 0.595864
0.618034 1.90211 -0 0.557473 0.571943
0.645062 1.68044 -0 0.566915 0.595864
0.716736 1.86716 -0 0.56814 0.575277
0.618034 1.90211 -0 0.557473 0.571943
0.618034 1.90211 -0 0.557473 0.571943
0.716736 1.86716 -0 0.56814 0.575277
0.679837 2.09232 -0 0.558317 0.554641
0.716736 1.86716 -0 0.56814 0.575277
0.788409 2.05388 -0 0.56918 0.557787
0.679837 2.09232 -0 0.558317 0.554641
0.679837 2.09232 -0 0.558317 0.554641
0.788409 2.05388 -0 0.56918 0.557787
0.804731 2.47671 0.04 0.560135 0.522577
0.788409 2.05388 -0 0.56918 0.557787
0.933249 2.4312 0.04 0.571404 0.525362
0.804731 2.47671 0.04 0.560135 0.522577
0.804731 2.47671 0.04 0.560135 0.522577
0.933249 2.4312 0.04 0.571404 0.525362
0.866534 2.66692 0.16 0.561971 0.499611
0.933249 2.4312 0.04 0.571404 0.525362
1.00492 2.61791 0.16 0.57362 0.502135
0.866534 2.66692 0.16 0.561971 0.499611
0.866534 2.66692 0.16 0.561971 0.499611
1.00492 2.61791 0.16 0.57362 0.502135
0.928337 2.85713 0.36 0.564544 0.470426
1.00492 2.61791 0.16 0.57362 0.502135
1.0766 2.80463 0.36 0.576719 0.472595
0.928337 2.85713 0.36 0.564544 0.470426
0.928337 2.85713 0.36 0.564544 0.470426
1.0766 2.80463 0.36 0.576719 0.472595
0.990141 3.04734 0.64 0.567892 0.434404
1.0766 2.80463 0.36 0.576719 0.472595
1.14827 2.99134 0.64 0.580751 0.436087
0.990141 3.04734 0.64 0.567892 0.434404
0.990141 3.04734 0.64 0.567892 0.434404
1.14827 2.99134 0.64 0.580751 0.436087
1.05194 3.23755 1 0.572112 0.390445
1.14827 2.99134 0.64 0.580751 0.436087
1.21994 3.17806 1 0.585837 0.391457
1.05194 3.23755 1 0.572112 0.390445
1.05194 3.23755 1 0.572112 0.390445
1.21994 3.17806 1 0.585837 0.391457
1.11375 3.42776 1.44 0.577366 0.336862
1.21994 3.17806 1 0.585837 0.391457
1.29162 3.36478 1.44 0.592177 0.336935
1.11375 3.42776 1.44 0.577366 0.336862
1.11375 3.42776 1.44 0.577366 0.336862
1.29162 3.36478 1.44 0.592177 0.336935
1.17555 3.61797 1.96 0.583899 0.271158
1.29162 3.36478 1.44 0.592177 0.336935
1.36329 3.55149 1.96 0.600082 0.269893
1.17555 3.61797 1.96 0.583899 0.271158
1.17555 3.61797 1.96 0.583899 0.271158
1.36329 3.55149 1.96 0.600082 0.269893
1.23735 3.80819 2.56 0.592088 0.189629
1.36329 3.55149 1.96 0.600082 0.269893
1.43496 3.73821 2.56 0.610021 0.186411
1.23735 3.80819 2.56 0.592088 0.189629
0.155291 0.579556 -0 0.53537 0.873006
0.18541 0.570634 -0 0.542568 0.877374
0.207055 0.772741 -0 0.538646 0.787775
0.18541 0.570634 -0 0.542568 0.877374
0.247214 0.760845 -0 0.546739 0.791899
0.207055 0.772741 -0 0.538646 0.787775
0.207055 0.772741 -0 0.538646 0.787775
0.247214 0.760845 -0 0.546739 0.791899
0.258819 0.965926 -0 0.541015 0.726136
0.247214 0.760845 -0 0.546739 0.791899
0.309017 0.951057 -0 0.549761 0.729981
0.258819 0.965926 -0 0.541015 0.726136
0.258819 0.965926 -0 0.541015 0.726136
0.309017 0.951057 -0 0.549761 0.729981
0.310583 1.15911 -0 0.542808 0.679485
0.309017 0.951057 -0 0.549761 0.729981
0.37082 1.14127 -0 0.55205 0.683061
0.310583 1.15911 -0 0.542808 0.679485
0.310583 1.15911 -0 0.542808 0.679485
0.37082 1.14127 -0 0.55205 0.683061
0.362347 1.3523 -0 0.544213 0.642948
0.37082 1.14127 -0 0.55205 0.683061
0.432624 1.33148 -0 0.553845 0.646279
0.362347 1.3523 -0 0.544213 0.642948
0.362347 1.3523 -0 0.544213 0.642948
0.432624 1.33148 -0 0.553845 0.646279
0.41411 1.54548 -0 0.545343 0.613557
0.432624 1.33148 -0 0.553845 0.646279
0.494427 1.52169 -0 0.55529 0.616668
0.41411 1.54548 -0 0.545343 0.613557
0.41411 1.54548 -0 0.545343 0.613557
0.494427 1.52169 -0 0.55529 0.616668
0.465874 1.73867 -0 0.546271 0.589402
0.494427 1.52169 -0 0.55529 0.616668
0.556231 1.7119 -0 0.556478 0.592319
0.465874 1.73867 -0 0.546271 0.589402
0.465874 1.73867 -0 0.546271 0.589402
0.556231 1.7119 -0 0.556478 0.592319
0.517638 1.93185 -0 0.547047 0.569199
0.556231 1.7119 -0 0.556478 0.592319
0.618034 1.90211 -0 0.557473 0.571943
0.517638 1.93185 -0 0.547047 0.569199
0.517638 1.93185 -0 0.547047 0.569199
0.618034 1.90211 -0 0.557473 0.571943
0.569402 2.12504 -0 0.547707 0.552051
0.618034 1.90211 -0 0.557473 0.571943
0.679837 2.09232 -0 0.558317 0.554641
0.569402 2.12504 -0 0.547707 0.552051
0.569402 2.12504 -0 0.547707 0.552051
0.679837 2.09232 -0 0.558317 0.554641
0.674007 2.51543 0.04 0.549141 0.520283
0.679837 2.09232 -0 0.558317 0.554641
0.804731 2.47671 0.04 0.560135 0.522577
0.674007 2.51543 0.04 0.549141 0.520283
0.674007 2.51543 0.04 0.549141 0.520283
0.804731 2.47671 0.04 0.560135 0.522577
0.725771 2.70861 0.16 0.55062 0.497531
0.804731 2.47671 0.04 0.560135 0.522577
0.866534 2.66692 0.16 0.561971 0.499611
0.725771 2.70861 0.16 0.55062 0.497531
0.725771 2.70861 0.16 0.55062 0.497531
0.866534 2.66692 0.16 0.561971 0.499611
0.777535 2.9018 0.36 0.552701 0.468637
0.866534 2.66692 0.16 0.561971 0.499611
0.928337 2.85713 0.36 0.564544 0.470426
0.777535 2.9018 0.36 0.552701 0.468637
0.777535 2.9018 0.36 0.552701 0.468637
0.928337 2.85713 0.36 0.564544 0.470426
0.829298 3.09498 0.64 0.555412 0.433011
0.928337 2.85713 0.36 0.564544 0.470426
0.990141 3.04734 0.64 0.567892 0.434404
0.829298 3.09498 0.64 0.555412 0.433011
0.829298 3.09498 0.64 0.555412 0.433011
0.990141 3.04734 0.64 0.567892 0.434404
0.881062 3.28817 1 0.558828 0.389597
0.990141 3.04734 0.64 0.567892 0.434404
1.05194 3.23755 1 0.572112 0.390445
0.881062 3.28817 1 0.558828 0.389597
0.881062 3.28817 1 0.558828 0.389597
1.05194 3.23755 1 0.572112 0.390445
0.932826 3.48135 1.44 0.563076 0.336774
1.05194 3.23755 1 0.572112 0.390445
1.11375 3.42776 1.44 0.577366 0.336862
0.932826 3.48135 1.44 0.563076 0.336774
0.932826 3.48135 1.44 0.563076 0.336774
1.11375 3.42776 1.44 0.577366 0.336862
0.98459 3.67454 1.96 0.568352 0.272149
1.11375 3.42776 1.44 0.577366 0.336862
1.17555 3.61797 1.96 0.583899 0.271158
0.98459 3.67454 1.96 0.568352 0.272149
0.98459 3.67454 1.96 0.568352 0.272149
1.17555 3.61797 1.96 0.583899 0.271158
1.03635 3.86772 2.56 0.574947 0.192183
1.17555 3.61797 1.96 0.583899 0.271158
1.23735 3.80819 2.56 0.592088 0.189629
1.03635 3.86772 2.56 0.574947 0.192183
0.124747 0.586889 -0 0.528243 0.869529
0.155291 0.579556 -0 0.53537 0.873006
0.166329 0.782518 -0 0.530653 0.784496
0.155291 0.579556 -0 0.53537 0.873006
0.207055 0.772741 -0 0.538646 0.787775
0.166329 0.782518 -0 0.530653 0.784496
0.166329 0.782518 -0 0.530653 0.784496
0.207055 0.772741 -0 0.538646 0.787775
0.207912 0.978148 -0 0.532393 0.72308
0.207055 0.772741 -0 0.538646 0.787775
0.258819 0.965926 -0 0.541015 0.726136
0.207912 0.978148 -0 0.532393 0.72308
0.207912 0.978148 -0 0.532393 0.72308
0.258819 0.965926 -0 0.541015 0.726136
0.249494 1.17378 -0 0.533709 0.676643
0.258819 0.965926 -0 0.541015 0.726136
0.310583 1.15911 -0 0.542808 0.679485
0.249494 1.17378 -0 0.533709 0.676643
0.249494 1.17378 -0 0.533709 0.676643
0.310583 1.15911 -0 0.542808 0.679485
0.291076 1.36941 -0 0.534739 0.640299
0.310583 1.15911 -0 0.542808 0.679485
0.362347 1.3523 -0 0.544213 0.642948
0.291076 1.36941 -0 0.534739 0.640299
0.291076 1.36941 -0 0.534739 0.640299
0.362347 1.3523 -0 0.544213 0.642948
0.332659 1.56504 -0 0.535566 0.611082
0.362347 1.3523 -0 0.544213 0.642948
0.41411 1.54548 -0 0.545343 0.613557
0.332659 1.56504 -0 0.535566 0.611082
0.332659 1.56504 -0 0.535566 0.611082
0.41411 1.54548 -0 0.545343 0.613557
0.374241 1.76067 -0 0.536247 0.587081
0.41411 1.54548 -0 0.545343 0.613557
0.465874 1.73867 -0 0.546271 0.589402
0.374241 1.76067 -0 0.536247 0.587081
0.374241 1.76067 -0 0.536247 0.587081
0.465874 1.73867 -0 0.546271 0.589402
0.415823 1.9563 -0 0.536815 0.567015
0.465874 1.73867 -0 0.546271 0.589402
0.517638 1.93185 -0 0.547047 0.569199
0.415823 1.9563 -0 0.536815 0.567015
0.415823 1.9563 -0 0.536815 0.567015
0.517638 1.93185 -0 0.547047 0.569199
0.457406 2.15192 -0 0.537297 0.549988
0.517638 1.93185 -0 0.547047 0.569199
0.569402 2.12504 -0 0.547707 0.552051
0.457406 2.15192 -0 0.537297 0.549988
0.457406 2.15192 -0 0.537297 0.549988
0.569402 2.12504 -0 0.547707 0.552051
0.541436 2.54726 0.04 0.538368 0.518454
0.569402 2.12504 -0 0.547707 0.552051
0.674007 2.51543 0.04 0.549141 0.520283
0.541436 2.54726 0.04 0.538368 0.518454
0.541436 2.54726 0.04 0.538368 0.518454
0.674007 2.51543 0.04 0.549141 0.520283
0.583018 2.74289 0.16 0.539508 0.49587
0.674007 2.51543 0.04 0.549141 0.520283
0.725771 2.70861 0.16 0.55062 0.497531
0.583018 2.74289 0.16 0.539508 0.49587
0.583018 2.74289 0.16 0.539508 0.49587
0.725771 2.70861 0.16 0.55062 0.497531
0.624601 2.93851 0.36 0.541122 0.467205
0.725771 2.70861 0.16 0.55062 0.497531
0.777535 2.9018 0.36 0.552701 0.468637
0.624601 2.93851 0.36 0.541122 0.467205
0.624601 2.93851 0.36 0.541122 0.467205
0.777535 2.9018 0.36 0.552701 0.468637
0.666183 3.13414 0.64 0.543231 0.43189
0.777535 2.9018 0.36 0.552701 0.468637
0.829298 3.09498 0.64 0.555412 0.433011
0.666183 3.13414 0.64 0.543231 0.43189
0.666183 3.13414 0.64 0.543231 0.43189
0.829298 3.09498 0.64 0.555412 0.433011
0.707765 3.32977 1 0.545891 0.388902
0.829298 3.09498 0.64 0.555412 0.433011
0.881062 3.28817 1 0.558828 0.389597
0.707765 3.32977 1 0.545891 0.388902
0.707765 3.32977 1 0.545891 0.388902
0.881062 3.28817 1 0.558828 0.389597
0.749348 3.5254 1.44 0.549198 0.336672
0.881062 3.28817 1 0.558828 0.389597
0.932826 3.48135 1.44 0.563076 0.336774
0.749348 3.5254 1.44 0.549198 0.336672
0.749348 3.5254 1.44 0.549198 0.336672
0.932826 3.48135 1.44 0.563076 0.336774
0.79093 3.72103 1.96 0.553302 0.272884
0.932826 3.48135 1.44 0.563076 0.336774
0.98459 3.67454 1.96 0.568352 0.272149
0.79093 3.72103 1.96 0.553302 0.272884
0.79093 3.72103 1.96 0.553302 0.272884
0.98459 3.67454 1.96 0.568352 0.272149
0.832512 3.91666 2.56 0.558424 0.194129
0.98459 3.67454 1.96 0.568352 0.272149
1.03635 3.86772 2.56 0.574947 0.192183
0.832512 3.91666 2.56 0.558424 0.194129
0.0938607 0.592613 -0 0.521172 0.866922
0.124747 0.586889 -0 0.528243 0.869529
0.125148 0.790151 -0 0.522737 0.782035
0.124747 0.586889 -0 0.528243 0.869529
0.166329 0.782518 -0 0.530653 0.784496
0.125148 0.790151 -0 0.522737 0.782035
0.125148 0.790151 -0 0.522737 0.782035
0.166329 0.782518 -0 0.530653 0.784496
0.156434 0.987688 -0 0.523866 0.720786
0.166329 0.782518 -0 0.530653 0.784496
0.207912 0.978148 -0 0.532393 0.72308
0.156434 0.987688 -0 0.523866 0.720786
0.156434 0.987688 -0 0.523866 0.720786
0.207912 0.978148 -0 0.532393 0.72308
0.187721 1.18523 -0 0.524719 0.674507
0.207912 0.978148 -0 0.532393 0.72308
0.249494 1.17378 -0 0.533709 0.676643
0.187721 1.18523 -0 0.524719 0.674507
0.187721 1.18523 -0 0.524719 0.674507
0.249494 1.17378 -0 0.533709 0.676643
0.219008 1.38276 -0 0.525386 0.638308
0.249494 1.17378 -0 0.533709 0.676643
0.291076 1.36941 -0 0.534739 0.640299
0.219008 1.38276 -0 0.525386 0.638308
0.219008 1.38276 -0 0.525386 0.638308
0.291076 1.36941 -0 0.534739 0.640299
0.250295 1.5803 -0 0.525922 0.609218
0.291076 1.36941 -0 0.534739 0.640299
0.332659 1.56504 -0 0.535566 0.611082
0.250295 1.5803 -0 0.525922 0.609218
0.250295 1.5803 -0 0.525922 0.609218
0.332659 1.56504 -0 0.535566 0.611082
0.281582 1.77784 -0 0.526362 0.585332
0.332659 1.56504 -0 0.535566 0.611082
0.374241 1.76067 -0 0.536247 0.587081
0.281582 1.77784 -0 0.526362 0.585332
0.281582 1.77784 -0 0.526362 0.585332
0.374241 1.76067 -0 0.536247 0.587081
0.312869 1.97538 -0 0.52673 0.565366
0.374241 1.76067 -0 0.536247 0.587081
0.415823 1.9563 -0 0.536815 0.567015
0.312869 1.97538 -0 0.52673 0.565366
0.312869 1.97538 -0 0.52673 0.565366
0.415823 1.9563 -0 0.536815 0.567015
0.344156 2.17291 -0 0.527042 0.54843
0.415823 1.9563 -0 0.536815 0.567015
0.457406 2.15192 -0 0.537297 0.549988
0.344156 2.17291 -0 0.527042 0.54843
0.344156 2.17291 -0 0.527042 0.54843
0.457406 2.15192 -0 0.537297 0.549988
0.407381 2.5721 0.04 0.527762 0.517068
0.457406 2.15192 -0 0.537297 0.549988
0.541436 2.54726 0.04 0.538368 0.518454
0.407381 2.5721 0.04 0.527762 0.517068
0.407381 2.5721 0.04 0.527762 0.517068
0.541436 2.54726 0.04 0.538368 0.518454
0.438668 2.76964 0.16 0.528576 0.494608
0.541436 2.54726 0.04 0.538368 0.518454
0.583018 2.74289 0.16 0.539508 0.49587
0.438668 2.76964 0.16 0.528576 0.494608
0.438668 2.76964 0.16 0.528576 0.494608
0.583018 2.74289 0.16 0.539508 0.49587
0.469955 2.96718 0.36 0.529744 0.466112
0.583018 2.74289 0.16 0.539508 0.49587
0.624601 2.93851 0.36 0.541122 0.467205
0.469955 2.96718 0.36 0.529744 0.466112
0.469955 2.96718 0.36 0.529744 0.466112
0.624601 2.93851 0.36 0.541122 0.467205
0.501242 3.16471 0.64 0.531277 0.431025
0.624601 2.93851 0.36 0.541122 0.467205
0.666183 3.13414 0.64 0.543231 0.43189
0.501242 3.16471 0.64 0.531277 0.431025
0.501242 3.16471 0.64 0.531277 0.431025
0.666183 3.13414 0.64 0.543231 0.43189
0.532528 3.36225 1 0.533216 0.388351
0.666183 3.13414 0.64 0.543231 0.43189
0.707765 3.32977 1 0.545891 0.388902
0.532528 3.36225 1 0.533216 0.388351
0.532528 3.36225 1 0.533216 0.388351
0.707765 3.32977 1 0.545891 0.388902
0.563815 3.55979 1.44 0.53563 0.336556
0.707765 3.32977 1 0.545891 0.388902
0.749348 3.5254 1.44 0.549198 0.336672
0.563815 3.55979 1.44 0.53563 0.336556
0.563815 3.55979 1.44 0.53563 0.336556
0.749348 3.5254 1.44 0.549198 0.336672
0.595102 3.75733 1.96 0.538626 0.273381
0.749348 3.5254 1.44 0.549198 0.336672
0.79093 3.72103 1.96 0.553302 0.272884
0.595102 3.75733 1.96 0.538626 0.273381
0.595102 3.75733 1.96 0.538626 0.273381
0.79093 3.72103 1.96 0.553302 0.272884
0.626389 3.95487 2.56 0.542363 0.195508
0.79093 3.72103 1.96 0.553302 0.272884
0.832512 3.91666 2.56 0.558424 0.194129
0.626389 3.95487 2.56 0.542363 0.195508
0.0627171 0.596713 -0 0.514142 0.865164
0.0938607 0.592613 -0 0.521172 0.866922
0.0836228 0.795618 -0 0.514877 0.780374
0.0938607 0.592613 -0 0.521172 0.866922
0.125148 0.790151 -0 0.522737 0.782035
0.0836228 0.795618 -0 0.514877 0.780374
0.0836228 0.795618 -0 0.514877 0.780374
0.125148 0.790151 -0 0.522737 0.782035
0.104528 0.994522 -0 0.515406 0.719233
0.125148 0.790151 -0 0.522737 0.782035
0.156434 0.987688 -0 0.523866 0.720786
0.104528 0.994522 -0 0.515406 0.719233
0.104528 0.994522 -0 0.515406 0.719233
0.156434 0.987688 -0 0.523866 0.720786
0.125434 1.19343 -0 0.515807 0.673058
0.156434 0.987688 -0 0.523866 0.720786
0.187721 1.18523 -0 0.524719 0.674507
0.125434 1.19343 -0 0.515807 0.673058
0.125434 1.19343 -0 0.515807 0.673058
0.187721 1.18523 -0 0.524719 0.674507
0.14634 1.39233 -0 0.516119 0.636953
0.187721 1.18523 -0 0.524719 0.674507
0.219008 1.38276 -0 0.525386 0.638308
0.14634 1.39233 -0 0.516119 0.636953
0.14634 1.39233 -0 0.516119 0.636953
0.219008 1.38276 -0 0.525386 0.638308
0.167246 1.59124 -0 0.516371 0.607948
0.219008 1.38276 -0 0.525386 0.638308
0.250295 1.5803 -0 0.525922 0.609218
0.167246 1.59124 -0 0.516371 0.607948
0.167246 1.59124 -0 0.516371 0.607948
0.250295 1.5803 -0 0.525922 0.609218
0.188151 1.79014 -0 0.516577 0.584136
0.250295 1.5803 -0 0.525922 0.609218
0.281582 1.77784 -0 0.526362 0.585332
0.188151 1.79014 -0 0.516577 0.584136
0.188151 1.79014 -0 0.516577 0.584136
0.281582 1.77784 -0 0.526362 0.585332
0.209057 1.98904 -0 0.516749 0.564237
0.281582 1.77784 -0 0.526362 0.585332
0.312869 1.97538 -0 0.52673 0.565366
0.209057 1.98904 -0 0.516749 0.564237
0.209057 1.98904 -0 0.516749 0.564237
0.312869 1.97538 -0 0.52673 0.565366
0.229963 2.18795 -0 0.516895 0.54736
0.312869 1.97538 -0 0.52673 0.565366
0.344156 2.17291 -0 0.527042 0.54843
0.229963 2.18795 -0 0.516895 0.54736
0.229963 2.18795 -0 0.516895 0.54736
0.344156 2.17291 -0 0.527042 0.54843
0.272209 2.5899 0.04 0.517274 0.51611
0.344156 2.17291 -0 0.527042 0.54843
0.407381 2.5721 0.04 0.527762 0.517068
0.272209 2.5899 0.04 0.517274 0.51611
0.272209 2.5899 0.04 0.517274 0.51611
0.407381 2.5721 0.04 0.527762 0.517068
0.293115 2.7888 0.16 0.517772 0.493732
0.407381 2.5721 0.04 0.527762 0.517068
0.438668 2.76964 0.16 0.528576 0.494608
0.293115 2.7888 0.16 0.517772 0.493732
0.293115 2.7888 0.16 0.517772 0.493732
0.438668 2.76964 0.16 0.528576 0.494608
0.314021 2.98771 0.36 0.518506 0.465344
0.438668 2.76964 0.16 0.528576 0.494608
0.469955 2.96718 0.36 0.529744 0.466112
0.314021 2.98771 0.36 0.518506 0.465344
0.314021 2.98771 0.36 0.518506 0.465344
0.469955 2.96718 0.36 0.529744 0.466112
0.334926 3.18661 0.64 0.519483 0.430407
0.469955 2.96718 0.36 0.529744 0.466112
0.501242 3.16471 0.64 0.531277 0.431025
0.334926 3.18661 0.64 0.519483 0.430407
0.334926 3.18661 0.64 0.519483 0.430407
0.501242 3.16471 0.64 0.531277 0.431025
0.355832 3.38551 1 0.520726 0.387937
0.501242 3.16471 0.64 0.531277 0.431025
0.532528 3.36225 1 0.533216 0.388351
0.355832 3.38551 1 0.520726 0.387937
0.355832 3.38551 1 0.520726 0.387937
0.532528 3.36225 1 0.533216 0.388351
0.376738 3.58442 1.44 0.52228 0.336424
0.532528 3.36225 1 0.533216 0.388351
0.563815 3.55979 1.44 0.53563 0.336556
0.376738 3.58442 1.44 0.52228 0.336424
0.376738 3.58442 1.44 0.52228 0.336424
0.563815 3.55979 1.44 0.53563 0.336556
0.397643 3.78332 1.96 0.524212 0.273648
0.563815 3.55979 1.44 0.53563 0.336556
0.595102 3.75733 1.96 0.538626 0.273381
0.397643 3.78332 1.96 0.524212 0.273648
0.397643 3.78332 1.96 0.524212 0.273648
0.595102 3.75733 1.96 0.538626 0.273381
0.418549 3.98223 2.56 0.526625 0.196349
0.595102 3.75733 1.96 0.538626 0.273381
0.626389 3.95487 2.56 0.542363 0.195508
0.418549 3.98223 2.56 0.526625 0.196349
0.0314016 0.599178 -0 0.507138 0.864246
0.0627171 0.596713 -0 0.514142 0.865164
0.0418688 0.798904 -0 0.507052 0.779499
0.0627171 0.596713 -0 0.514142 0.865164
0.0836228 0.795618 -0 0.514877 0.780374
0.0418688 0.798904 -0 0.507052 0.779499
0.0418688 0.798904 -0 0.507052 0.779499
0.0836228 0.795618 -0 0.514877 0.780374
0.052336 0.99863 -0 0.50699 0.718408
0.0836228 0.795618 -0 0.514877 0.780374
0.104528 0.994522 -0 0.515406 0.719233
0.052336 0.99863 -0 0.50699 0.718408
0.052336 0.99863 -0 0.50699 0.718408
0.104528 0.994522 -0 0.515406 0.719233
0.0628031 1.19836 -0 0.506942 0.672282
0.104528 0.994522 -0 0.515406 0.719233
0.125434 1.19343 -0 0.515807 0.673058
0.0628031 1.19836 -0 0.506942 0.672282
0.0628031 1.19836 -0 0.506942 0.672282
0.125434 1.19343 -0 0.515807 0.673058
0.0732703 1.39808 -0 0.506906 0.636222
0.125434 1.19343 -0 0.515807 0.673058
0.14634 1.39233 -0 0.516119 0.636953
0.0732703 1.39808 -0 0.506906 0.636222
0.0732703 1.39808 -0 0.506906 0.636222
0.14634 1.39233 -0 0.516119 0.636953
0.0837375 1.59781 -0 0.506876 0.607258
0.14634 1.39233 -0 0.516119 0.636953
0.167246 1.59124 -0 0.516371 0.607948
0.0837375 1.59781 -0 0.506876 0.607258
0.0837375 1.59781 -0 0.506876 0.607258
0.167246 1.59124 -0 0.516371 0.607948
0.0942047 1.79753 -0 0.506852 0.583481
0.167246 1.59124 -0 0.516371 0.607948
0.188151 1.79014 -0 0.516577 0.584136
0.0942047 1.79753 -0 0.506852 0.583481
0.0942047 1.79753 -0 0.506852 0.583481
0.188151 1.79014 -0 0.516577 0.584136
0.104672 1.99726 -0 0.506831 0.563614
0.188151 1.79014 -0 0.516577 0.584136
0.209057 1.98904 -0 0.516749 0.564237
0.104672 1.99726 -0 0.506831 0.563614
0.104672 1.99726 -0 0.506831 0.563614
0.209057 1.98904 -0 0.516749 0.564237
0.115139 2.19699 -0 0.506814 0.546766
0.209057 1.98904 -0 0.516749 0.564237
0.229963 2.18795 -0 0.516895 0.54736
0.115139 2.19699 -0 0.506814 0.546766
0.115139 2.19699 -0 0.506814 0.546766
0.229963 2.18795 -0 0.516895 0.54736
0.136291 2.60059 0.04 0.506857 0.51557
0.229963 2.18795 -0 0.516895 0.54736
0.272209 2.5899 0.04 0.517274 0.51611
0.136291 2.60059 0.04 0.506857 0.51557
0.136291 2.60059 0.04 0.506857 0.51557
0.272209 2.5899 0.04 0.517274 0.51611
0.146759 2.80032 0.16 0.507045 0.49323
0.272209 2.5899 0.04 0.517274 0.51611
0.293115 2.7888 0.16 0.517772 0.493732
0.146759 2.80032 0.16 0.507045 0.49323
0.146759 2.80032 0.16 0.507045 0.49323
0.293115 2.7888 0.16 0.517772 0.493732
0.157226 3.00005 0.36 0.507354 0.464895
0.293115 2.7888 0.16 0.517772 0.493732
0.314021 2.98771 0.36 0.518506 0.465344
0.157226 3.00005 0.36 0.507354 0.464895
0.157226 3.00005 0.36 0.507354 0.464895
0.314021 2.98771 0.36 0.518506 0.465344
0.167693 3.19977 0.64 0.507784 0.430028
0.314021 2.98771 0.36 0.518506 0.465344
0.334926 3.18661 0.64 0.519483 0.430407
0.167693 3.19977 0.64 0.507784 0.430028
0.167693 3.19977 0.64 0.507784 0.430028
0.334926 3.18661 0.64 0.519483 0.430407
0.17816 3.3995 1 0.508346 0.387655
0.334926 3.18661 0.64 0.519483 0.430407
0.355832 3.38551 1 0.520726 0.387937
0.17816 3.3995 1 0.508346 0.387655
0.17816 3.3995 1 0.508346 0.387655
0.355832 3.38551 1 0.520726 0.387937
0.188627 3.59922 1.44 0.50906 0.336278
0.355832 3.38551 1 0.520726 0.387937
0.376738 3.58442 1.44 0.52228 0.336424
0.188627 3.59922 1.44 0.50906 0.336278
0.188627 3.59922 1.44 0.50906 0.336278
0.376738 3.58442 1.44 0.52228 0.336424
0.199095 3.79895 1.96 0.509956 0.273693
0.376738 3.58442 1.44 0.52228 0.336424
0.397643 3.78332 1.96 0.524212 0.273648
0.199095 3.79895 1.96 0.509956 0.273693
0.199095 3.79895 1.96 0.509956 0.273693
0.397643 3.78332 1.96 0.524212 0.273648
0.209562 3.99868 2.56 0.511082 0.196669
0.397643 3.78332 1.96 0.524212 0.273648
0.418549 3.98223 2.56 0.526625 0.196349
0.209562 3.99868 2.56 0.511082 0.196669
3.67394e-17 0.6 -0 0.500147 0.864162
0.0314016 0.599178 -0 0.507138 0.864246
4.89859e-17 0.8 -0 0.499242 0.779404
0.0314016 0.599178 -0 0.507138 0.864246
0.0418688 0.798904 -0 0.507052 0.779499
4.89859e-17 0.8 -0 0.499242 0.779404
4.89859e-17 0.8 -0 0.499242 0.779404
0.0418688 0.798904 -0 0.507052 0.779499
6.12323e-17 1 -0 0.498589 0.718306
0.0418688 0.798904 -0 0.507052 0.779499
0.052336 0.99863 -0 0.50699 0.718408
6.12323e-17 1 -0 0.498589 0.718306
6.12323e-17 1 -0 0.498589 0.718306
0.052336 0.99863 -0 0.50699 0.718408
7.34788e-17 1.2 -0 0.498097 0.672174
0.052336 0.99863 -0 0.50699 0.718408
0.0628031 1.19836 -0 0.506942 0.672282
7.34788e-17 1.2 -0 0.498097 0.672174
7.34788e-17 1.2 -0 0.498097 0.672174
0.0628031 1.19836 -0 0.506942 0.672282
8.57253e-17 1.4 -0 0.497712 0.63611
0.0628031 1.19836 -0 0.506942 0.672282
0.0732703 1.39808 -0 0.506906 0.636222
8.57253e-17 1.4 -0 0.497712 0.63611
8.57253e-17 1.4 -0 0.497712 0.63611
0.0732703 1.39808 -0 0.506906 0.636222
9.79717e-17 1.6 -0 0.497402 0.607142
0.0732703 1.39808 -0 0.506906 0.636222
0.0837375 1.59781 -0 0.506876 0.607258
9.79717e-17 1.6 -0 0.497402 0.607142
9.79717e-17 1.6 -0 0.497402 0.607142
0.0837375 1.59781 -0 0.506876 0.607258
1.10218e-16 1.8 -0 0.497149 0.583363
0.0837375 1.59781 -0 0.506876 0.607258
0.0942047 1.79753 -0 0.506852 0.583481
1.10218e-16 1.8 -0 0.497149 0.583363
1.10218e-16 1.8 -0 0.497149 0.583363
0.0942047 1.79753 -0 0.506852 0.583481
1.22465e-16 2 -0 0.496936 0.563493
0.0942047 1.79753 -0 0.506852 0.583481
0.104672 1.99726 -0 0.506831 0.563614
1.22465e-16 2 -0 0.496936 0.563493
1.22465e-16 2 -0 0.496936 0.563493
0.104672 1.99726 -0 0.506831 0.563614
1.34711e-16 2.2 -0 0.496757 0.546642
0.104672 1.99726 -0 0.506831 0.563614
0.115139 2.19699 -0 0.506814 0.546766
1.34711e-16 2.2 -0 0.496757 0.546642
1.34711e-16 2.2 -0 0.496757 0.546642
0.115139 2.19699 -0 0.506814 0.546766
1.59459e-16 2.60416 0.04 0.496465 0.515442
0.115139 2.19699 -0 0.506814 0.546766
0.136291 2.60059 0.04 0.506857 0.51557
1.59459e-16 2.60416 0.04 0.496465 0.515442
1.59459e-16 2.60416 0.04 0.496465 0.515442
0.136291 2.60059 0.04 0.506857 0.51557
1.71705e-16 2.80416 0.16 0.496345 0.493098
0.136291 2.60059 0.04 0.506857 0.51557
0.146759 2.80032 0.16 0.507045 0.49323
1.71705e-16 2.80416 0.16 0.496345 0.493098
1.71705e-16 2.80416 0.16 0.496345 0.493098
0.146759 2.80032 0.16 0.507045 0.49323
1.83952e-16 3.00416 0.36 0.496231 0.464758
0.146759 2.80032 0.16 0.507045 0.49323
0.157226 3.00005 0.36 0.507354 0.464895
1.83952e-16 3.00416 0.36 0.496231 0.464758
1.83952e-16 3.00416 0.36 0.496231 0.464758
0.157226 3.00005 0.36 0.507354 0.464895
1.96198e-16 3.20416 0.64 0.49612 0.429884
0.157226 3.00005 0.36 0.507354 0.464895
0.167693 3.19977 0.64 0.507784 0.430028
1.96198e-16 3.20416 0.64 0.49612 0.429884
1.96198e-16 3.20416 0.64 0.49612 0.429884
0.167693 3.19977 0.64 0.507784 0.430028
2.08445e-16 3.40416 1 0.496007 0.387503
0.167693 3.19977 0.64 0.507784 0.430028
0.17816 3.3995 1 0.508346 0.387655
2.08445e-16 3.40416 1 0.496007 0.387503
2.08445e-16 3.40416 1 0.496007 0.387503
0.17816 3.3995 1 0.508346 0.387655
2.20691e-16 3.60416 1.44 0.495887 0.336115
0.17816 3.3995 1 0.508346 0.387655
0.188627 3.59922 1.44 0.50906 0.336278
2.20691e-16 3.60416 1.44 0.495887 0.336115
2.20691e-16 3.60416 1.44 0.495887 0.336115
0.188627 3.59922 1.44 0.50906 0.336278
2.32938e-16 3.80416 1.96 0.495756 0.273517
0.188627 3.59922 1.44 0.50906 0.336278
0.199095 3.79895 1.96 0.509956 0.273693
2.32938e-16 3.80416 1.96 0.495756 0.273517
2.32938e-16 3.80416 1.96 0.495756 0.273517
0.199095 3.79895 1.96 0.509956 0.273693
2.45184e-16 4.00416 2.56 0.495608 0.196477
0.199095 3.79895 1.96 0.509956 0.273693
0.209562 3.99868 2.56 0.511082 0.196669
2.45184e-16 4.00416 2.56 0.495608 0.196477
-0.0314016 0.599178 -0 0.493152 0.86491
3.67394e-17 0.6 -0 0.500147 0.864162
-0.0418688 0.798904 -0 0.491426 0.780089
3.67394e-17 0.6 -0 0.500147 0.864162
4.89859e-17 0.8 -0 0.499242 0.779404
-0.0418688 0.798904 -0 0.491426 0.780089
-0.0418688 0.798904 -0 0.491426 0.780089
4.89859e-17 0.8 -0 0.499242 0.779404
-0.052336 0.99863 -0 0.490181 0.718925
4.89859e-17 0.8 -0 0.499242 0.779404
6.12323e-17 1 -0 0.498589 0.718306
-0.052336 0.99863 -0 0.490181 0.718925
-0.052336 0.99863 -0 0.490181 0.718925
6.12323e-17 1 -0 0.498589 0.718306
-0.0628031 1.19836 -0 0.48924 0.672733
6.12323e-17 1 -0 0.498589 0.718306
7.34788e-17 1.2 -0 0.498097 0.672174
-0.0628031 1.19836 -0 0.48924 0.672733
-0.0628031 1.19836 -0 0.48924 0.672733
7.34788e-17 1.2 -0 0.498097 0.672174
-0.0732703 1.39808 -0 0.488505 0.636615
7.34788e-17 1.2 -0 0.498097 0.672174
8.57253e-17 1.4 -0 0.497712 0.63611
-0.0732703 1.39808 -0 0.488505 0.636615
-0.0732703 1.39808 -0 0.488505 0.636615
8.57253e-17 1.4 -0 0.497712 0.63611
-0.0837375 1.59781 -0 0.487914 0.607599
8.57253e-17 1.4 -0 0.497712 0.63611
9.79717e-17 1.6 -0 0.497402 0.607142
-0.0837375 1.59781 -0 0.487914 0.607599
-0.0837375 1.59781 -0 0.487914 0.607599
9.79717e-17 1.6 -0 0.497402 0.607142
-0.0942047 1.79753 -0 0.48743 0.583779
9.79717e-17 1.6 -0 0.497402 0.607142
1.10218e-16 1.8 -0 0.497149 0.583363
-0.0942047 1.79753 -0 0.48743 0.583779
-0.0942047 1.79753 -0 0.48743 0.583779
1.10218e-16 1.8 -0 0.497149 0.583363
-0.104672 1.99726 -0 0.487024 0.563872
1.10218e-16 1.8 -0 0.497149 0.583363
1.22465e-16 2 -0 0.496936 0.563493
-0.104672 1.99726 -0 0.487024 0.563872
-0.104672 1.99726 -0 0.487024 0.563872
1.22465e-16 2 -0 0.496936 0.563493
-0.115139 2.19699 -0 0.486681 0.546989
1.22465e-16 2 -0 0.496936 0.563493
1.34711e-16 2.2 -0 0.496757 0.546642
-0.115139 2.19699 -0 0.486681 0.546989
-0.115139 2.19699 -0 0.486681 0.546989
1.34711e-16 2.2 -0 0.496757 0.546642
-0.136291 2.60059 0.04 0.486053 0.515727
1.34711e-16 2.2 -0 0.496757 0.546642
1.59459e-16 2.60416 0.04 0.496465 0.515442
-0.136291 2.60059 0.04 0.486053 0.515727
-0.136291 2.60059 0.04 0.486053 0.515727
1.59459e-16 2.60416 0.04 0.496465 0.515442
-0.146759 2.80032 0.16 0.485622 0.493336
1.59459e-16 2.60416 0.04 0.496465 0.515442
1.71705e-16 2.80416 0.16 0.496345 0.493098
-0.146759 2.80032 0.16 0.485622 0.493336
-0.146759 2.80032 0.16 0.485622 0.493336
1.71705e-16 2.80416 0.16 0.496345 0.493098
-0.157226 3.00005 0.36 0.485085 0.464933
1.71705e-16 2.80416 0.16 0.496345 0.493098
1.83952e-16 3.00416 0.36 0.496231 0.464758
-0.157226 3.00005 0.36 0.485085 0.464933
-0.157226 3.00005 0.36 0.485085 0.464933
1.83952e-16 3.00416 0.36 0.496231 0.464758
-0.167693 3.19977 0.64 0.484429 0.429975
1.83952e-16 3.00416 0.36 0.496231 0.464758
1.96198e-16 3.20416 0.64 0.49612 0.429884
-0.167693 3.19977 0.64 0.484429 0.429975
-0.167693 3.19977 0.64 0.484429 0.429975
1.96198e-16 3.20416 0.64 0.49612 0.429884
-0.17816 3.3995 1 0.483636 0.387479
1.96198e-16 3.20416 0.64 0.49612 0.429884
2.08445e-16 3.40416 1 0.496007 0.387503
-0.17816 3.3995 1 0.483636 0.387479
-0.17816 3.3995 1 0.483636 0.387479
2.08445e-16 3.40416 1 0.496007 0.387503
-0.188627 3.59922 1.44 0.482678 0.335935
2.08445e-16 3.40416 1 0.496007 0.387503
2.20691e-16 3.60416 1.44 0.495887 0.336115
-0.188627 3.59922 1.44 0.482678 0.335935
-0.188627 3.59922 1.44 0.482678 0.335935
2.20691e-16 3.60416 1.44 0.495887 0.336115
-0.199095 3.79895 1.96 0.481514 0.273119
2.20691e-16 3.60416 1.44 0.495887 0.336115
2.32938e-16 3.80416 1.96 0.495756 0.273517
-0.199095 3.79895 1.96 0.481514 0.273119
-0.199095 3.79895 1.96 0.481514 0.273119
2.32938e-16 3.80416 1.96 0.495756 0.273517
-0.209562 3.99868 2.56 0.480084 0.195771
2.32938e-16 3.80416 1.96 0.495756 0.273517
2.45184e-16 4.00416 2.56 0.495608 0.196477
-0.209562 3.99868 2.56 0.480084 0.195771
-0.0627171 0.596713 -0 0.486142 0.866497
-0.0314016 0.599178 -0 0.493152 0.86491
-0.0836228 0.795618 -0 0.483584 0.781559
-0.0314016 0.599178 -0 0.493152 0.86491
-0.0418688 0.798904 -0 0.491426 0.780089
-0.0836228 0.795618 -0 0.483584 0.781559
-0.0836228 0.795618 -0 0.483584 0.781559
-0.0418688 0.798904 -0 0.491426 0.780089
-0.104528 0.994522 -0 0.481738 0.720272
-0.0418688 0.798904 -0 0.491426 0.780089
-0.052336 0.99863 -0 0.490181 0.718925
-0.104528 0.994522 -0 0.481738 0.720272
-0.104528 0.994522 -0 0.481738 0.720272
-0.052336 0.99863 -0 0.490181 0.718925
-0.125434 1.19343 -0 0.480344 0.673965
-0.052336 0.99863 -0 0.490181 0.718925
-0.0628031 1.19836 -0 0.48924 0.672733
-0.125434 1.19343 -0 0.480344 0.673965
-0.125434 1.19343 -0 0.480344 0.673965
-0.0628031 1.19836 -0 0.48924 0.672733
-0.14634 1.39233 -0 0.479253 0.637743
-0.0628031 1.19836 -0 0.48924 0.672733
-0.0732703 1.39808 -0 0.488505 0.636615
-0.14634 1.39233 -0 0.479253 0.637743
-0.14634 1.39233 -0 0.479253 0.637743
-0.0732703 1.39808 -0 0.488505 0.636615
-0.167246 1.59124 -0 0.478376 0.608636
-0.0732703 1.39808 -0 0.488505 0.636615
-0.0837375 1.59781 -0 0.487914 0.607599
-0.167246 1.59124 -0 0.478376 0.608636
-0.167246 1.59124 -0 0.478376 0.608636
-0.0837375 1.59781 -0 0.487914 0.607599
-0.188151 1.79014 -0 0.477657 0.584735
-0.0837375 1.59781 -0 0.487914 0.607599
-0.0942047 1.79753 -0 0.48743 0.583779
-0.188151 1.79014 -0 0.477657 0.584735
-0.188151 1.79014 -0 0.477657 0.584735
-0.0942047 1.79753 -0 0.48743 0.583779
-0.209057 1.98904 -0 0.477055 0.564757
-0.0942047 1.79753 -0 0.48743 0.583779
-0.104672 1.99726 -0 0.487024 0.563872
-0.209057 1.98904 -0 0.477055 0.564757
-0.209057 1.98904 -0 0.477055 0.564757
-0.104672 1.99726 -0 0.487024 0.563872
-0.229963 2.18795 -0 0.476545 0.547811
-0.104672 1.99726 -0 0.487024 0.563872
-0.115139 2.19699 -0 0.486681 0.546989
-0.229963 2.18795 -0 0.476545 0.547811
-0.229963 2.18795 -0 0.476545 0.547811
-0.115139 2.19699 -0 0.486681 0.546989
-0.272209 2.5899 0.04 0.475575 0.516427
-0.115139 2.19699 -0 0.486681 0.546989
-0.136291 2.60059 0.04 0.486053 0.515727
-0.272209 2.5899 0.04 0.475575 0.516427
-0.272209 2.5899 0.04 0.475575 0.516427
-0.136291 2.60059 0.04 0.486053 0.515727
-0.293115 2.7888 0.16 0.474829 0.493948
-0.136291 2.60059 0.04 0.486053 0.515727
-0.146759 2.80032 0.16 0.485622 0.493336
-0.293115 2.7888 0.16 0.474829 0.493948
-0.293115 2.7888 0.16 0.474829 0.493948
-0.146759 2.80032 0.16 0.485622 0.493336
-0.314021 2.98771 0.36 0.473859 0.465424
-0.146759 2.80032 0.16 0.485622 0.493336
-0.157226 3.00005 0.36 0.485085 0.464933
-0.314021 2.98771 0.36 0.473859 0.465424
-0.314021 2.98771 0.36 0.473859 0.465424
-0.157226 3.00005 0.36 0.485085 0.464933
-0.334926 3.18661 0.64 0.472649 0.430303
-0.157226 3.00005 0.36 0.485085 0.464933
-0.167693 3.19977 0.64 0.484429 0.429975
-0.334926 3.18661 0.64 0.472649 0.430303
-0.334926 3.18661 0.64 0.472649 0.430303
-0.167693 3.19977 0.64 0.484429 0.429975
-0.355832 3.38551 1 0.471163 0.387586
-0.167693 3.19977 0.64 0.484429 0.429975
-0.17816 3.3995 1 0.483636 0.387479
-0.355832 3.38551 1 0.471163 0.387586
-0.355832 3.38551 1 0.471163 0.387586
-0.17816 3.3995 1 0.483636 0.387479
-0.376738 3.58442 1.44 0.46935 0.335737
-0.17816 3.3995 1 0.483636 0.387479
-0.188627 3.59922 1.44 0.482678 0.335935
-0.376738 3.58442 1.44 0.46935 0.335737
-0.376738 3.58442 1.44 0.46935 0.335737
-0.188627 3.59922 1.44 0.482678 0.335935
-0.397643 3.78332 1.96 0.46713 0.272495
-0.188627 3.59922 1.44 0.482678 0.335935
-0.199095 3.79895 1.96 0.481514 0.273119
-0.397643 3.78332 1.96 0.46713 0.272495
-0.397643 3.78332 1.96 0.46713 0.272495
-0.199095 3.79895 1.96 0.481514 0.273119
-0.418549 3.98223 2.56 0.464385 0.194539
-0.199095 3.79895 1.96 0.481514 0.273119
-0.209562 3.99868 2.56 0.480084 0.195771
-0.418549 3.98223 2.56 0.464385 0.194539
-0.0938607 0.592613 -0 0.4791 0.868934
-0.0627171 0.596713 -0 0.486142 0.866497
-0.125148 0.790151 -0 0.475695 0.783827
-0.0627171 0.596713 -0 0.486142 0.866497
-0.0836228 0.795618 -0 0.483584 0.781559
-0.125148 0.790151 -0 0.475695 0.783827
-0.125148 0.790151 -0 0.475695 0.783827
-0.0836228 0.795618 -0 0.483584 0.781559
-0.156434 0.987688 -0 0.473236 0.722359
-0.0836228 0.795618 -0 0.483584 0.781559
-0.104528 0.994522 -0 0.481738 0.720272
-0.156434 0.987688 -0 0.473236 0.722359
-0.156434 0.987688 -0 0.473236 0.722359
-0.104528 0.994522 -0 0.481738 0.720272
-0.187721 1.18523 -0 0.471377 0.675882
-0.104528 0.994522 -0 0.481738 0.720272
-0.125434 1.19343 -0 0.480344 0.673965
-0.187721 1.18523 -0 0.471377 0.675882
-0.187721 1.18523 -0 0.471377 0.675882
-0.125434 1.19343 -0 0.480344 0.673965
-0.219008 1.38276 -0 0.469922 0.639507
-0.125434 1.19343 -0 0.480344 0.673965
-0.14634 1.39233 -0 0.479253 0.637743
-0.219008 1.38276 -0 0.469922 0.639507
-0.219008 1.38276 -0 0.469922 0.639507
-0.14634 1.39233 -0 0.479253 0.637743
-0.250295 1.5803 -0 0.468752 0.610264
-0.14634 1.39233 -0 0.479253 0.637743
-0.167246 1.59124 -0 0.478376 0.608636
-0.250295 1.5803 -0 0.468752 0.610264
-0.250295 1.5803 -0 0.468752 0.610264
-0.167246 1.59124 -0 0.478376 0.608636
-0.281582 1.77784 -0 0.467791 0.586242
-0.167246 1.59124 -0 0.478376 0.608636
-0.188151 1.79014 -0 0.477657 0.584735
-0.281582 1.77784 -0 0.467791 0.586242
-0.281582 1.77784 -0 0.467791 0.586242
-0.188151 1.79014 -0 0.477657 0.584735
-0.312869 1.97538 -0 0.466987 0.566159
-0.188151 1.79014 -0 0.477657 0.584735
-0.209057 1.98904 -0 0.477055 0.564757
-0.312869 1.97538 -0 0.466987 0.566159
-0.312869 1.97538 -0 0.466987 0.566159
-0.209057 1.98904 -0 0.477055 0.564757
-0.344156 2.17291 -0 0.466305 0.549118
-0.209057 1.98904 -0 0.477055 0.564757
-0.229963 2.18795 -0 0.476545 0.547811
-0.344156 2.17291 -0 0.466305 0.549118
-0.344156 2.17291 -0 0.466305 0.549118
-0.229963 2.18795 -0 0.476545 0.547811
-0.407381 2.5721 0.04 0.464984 0.517553
-0.229963 2.18795 -0 0.476545 0.547811
-0.272209 2.5899 0.04 0.475575 0.516427
-0.407381 2.5721 0.04 0.464984 0.517553
-0.407381 2.5721 0.04 0.464984 0.517553
-0.272209 2.5899 0.04 0.475575 0.516427
-0.438668 2.76964 0.16 0.463913 0.494941
-0.272209 2.5899 0.04 0.475575 0.516427
-0.293115 2.7888 0.16 0.474829 0.493948
-0.438668 2.76964 0.16 0.463913 0.494941
-0.438668 2.76964 0.16 0.463913 0.494941
-0.293115 2.7888 0.16 0.474829 0.493948
-0.469955 2.96718 0.36 0.462499 0.466238
-0.293115 2.7888 0.16 0.474829 0.493948
-0.314021 2.98771 0.36 0.473859 0.465424
-0.469955 2.96718 0.36 0.462499 0.466238
-0.469955 2.96718 0.36 0.462499 0.466238
-0.314021 2.98771 0.36 0.473859 0.465424
-0.501242 3.16471 0.64 0.460716 0.430873
-0.314021 2.98771 0.36 0.473859 0.465424
-0.334926 3.18661 0.64 0.472649 0.430303
-0.501242 3.16471 0.64 0.460716 0.430873
-0.501242 3.16471 0.64 0.460716 0.430873
-0.334926 3.18661 0.64 0.472649 0.430303
-0.532528 3.36225 1 0.458515 0.387824
-0.334926 3.18661 0.64 0.472649 0.430303
-0.355832 3.38551 1 0.471163 0.387586
-0.532528 3.36225 1 0.458515 0.387824
-0.532528 3.36225 1 0.458515 0.387824
-0.355832 3.38551 1 0.471163 0.387586
-0.563815 3.55979 1.44 0.455816 0.335518
-0.355832 3.38551 1 0.471163 0.387586
-0.376738 3.58442 1.44 0.46935 0.335737
-0.563815 3.55979 1.44 0.455816 0.335518
-0.563815 3.55979 1.44 0.455816 0.335518
-0.376738 3.58442 1.44 0.46935 0.335737
-0.595102 3.75733 1.96 0.452498 0.271636
-0.376738 3.58442 1.44 0.46935 0.335737
-0.397643 3.78332 1.96 0.46713 0.272495
-0.595102 3.75733 1.96 0.452498 0.271636
-0.595102 3.75733 1.96 0.452498 0.271636
-0.397643 3.78332 1.96 0.46713 0.272495
-0.626389 3.95487 2.56 0.448383 0.192762
-0.397643 3.78332 1.96 0.46713 0.272495
-0.418549 3.98223 2.56 0.464385 0.194539
-0.626389 3.95487 2.56 0.448383 0.192762
-0.124747 0.586889 -0 0.472012 0.872238
-0.0938607 0.592613 -0 0.4791 0.868934
-0.166329 0.782518 -0 0.467739 0.786913
-0.0938607 0.592613 -0 0.4791 0.868934
-0.125148 0.790151 -0 0.475695 0.783827
-0.166329 0.782518 -0 0.467739 0.786913
-0.166329 0.782518 -0 0.467739 0.786913
-0.125148 0.790151 -0 0.475695 0.783827
-0.207912 0.978148 -0 0.464648 0.725206
-0.125148 0.790151 -0 0.475695 0.783827
-0.156434 0.987688 -0 0.473236 0.722359
-0.207912 0.978148 -0 0.464648 0.725206
-0.207912 0.978148 -0 0.464648 0.725206
-0.156434 0.987688 -0 0.473236 0.722359
-0.249494 1.17378 -0 0.462308 0.678502
-0.156434 0.987688 -0 0.473236 0.722359
-0.187721 1.18523 -0 0.471377 0.675882
-0.249494 1.17378 -0 0.462308 0.678502
-0.249494 1.17378 -0 0.462308 0.678502
-0.187721 1.18523 -0 0.471377 0.675882
-0.291076 1.36941 -0 0.460476 0.641924
-0.187721 1.18523 -0 0.471377 0.675882
-0.219008 1.38276 -0 0.469922 0.639507
-0.291076 1.36941 -0 0.460476 0.641924
-0.291076 1.36941 -0 0.460476 0.641924
-0.219008 1.38276 -0 0.469922 0.639507
-0.332659 1.56504 -0 0.459002 0.6125
-0.219008 1.38276 -0 0.469922 0.639507
-0.250295 1.5803 -0 0.468752 0.610264
-0.332659 1.56504 -0 0.459002 0.6125
-0.332659 1.56504 -0 0.459002 0.6125
-0.250295 1.5803 -0 0.468752 0.610264
-0.374241 1.76067 -0 0.457791 0.588318
-0.250295 1.5803 -0 0.468752 0.610264
-0.281582 1.77784 -0 0.467791 0.586242
-0.374241 1.76067 -0 0.457791 0.588318
-0.374241 1.76067 -0 0.457791 0.588318
-0.281582 1.77784 -0 0.467791 0.586242
-0.415823 1.9563 -0 0.456778 0.568092
-0.281582 1.77784 -0 0.467791 0.586242
-0.312869 1.97538 -0 0.466987 0.566159
-0.415823 1.9563 -0 0.456778 0.568092
-0.415823 1.9563 -0 0.456778 0.568092
-0.312869 1.97538 -0 0.466987 0.566159
-0.457406 2.15192 -0 0.455918 0.550925
-0.312869 1.97538 -0 0.466987 0.566159
-0.344156 2.17291 -0 0.466305 0.549118
-0.457406 2.15192 -0 0.455918 0.550925
-0.457406 2.15192 -0 0.455918 0.550925
-0.344156 2.17291 -0 0.466305 0.549118
-0.541436 2.54726 0.04 0.454231 0.519118
-0.344156 2.17291 -0 0.466305 0.549118
-0.407381 2.5721 0.04 0.464984 0.517553
-0.541436 2.54726 0.04 0.454231 0.519118
-0.541436 2.54726 0.04 0.454231 0.519118
-0.407381 2.5721 0.04 0.464984 0.517553
-0.583018 2.74289 0.16 0.452822 0.496329
-0.407381 2.5721 0.04 0.464984 0.517553
-0.438668 2.76964 0.16 0.463913 0.494941
-0.583018 2.74289 0.16 0.452822 0.496329
-0.583018 2.74289 0.16 0.452822 0.496329
-0.438668 2.76964 0.16 0.463913 0.494941
-0.624601 2.93851 0.36 0.450944 0.467385
-0.438668 2.76964 0.16 0.463913 0.494941
-0.469955 2.96718 0.36 0.462499 0.466238
-0.624601 2.93851 0.36 0.450944 0.467385
-0.624601 2.93851 0.36 0.450944 0.467385
-0.469955 2.96718 0.36 0.462499 0.466238
-0.666183 3.13414 0.64 0.448564 0.431695
-0.469955 2.96718 0.36 0.462499 0.466238
-0.501242 3.16471 0.64 0.460716 0.430873
-0.666183 3.13414 0.64 0.448564 0.431695
-0.666183 3.13414 0.64 0.448564 0.431695
-0.501242 3.16471 0.64 0.460716 0.430873
-0.707765 3.32977 1 0.445614 0.388201
-0.501242 3.16471 0.64 0.460716 0.430873
-0.532528 3.36225 1 0.458515 0.387824
-0.707765 3.32977 1 0.445614 0.388201
-0.707765 3.32977 1 0.445614 0.388201
-0.532528 3.36225 1 0.458515 0.387824
-0.749348 3.5254 1.44 0.441983 0.335278
-0.532528 3.36225 1 0.458515 0.387824
-0.563815 3.55979 1.44 0.455816 0.335518
-0.749348 3.5254 1.44 0.441983 0.335278
-0.749348 3.5254 1.44 0.441983 0.335278
-0.563815 3.55979 1.44 0.455816 0.335518
-0.79093 3.72103 1.96 0.437507 0.270528
-0.563815 3.55979 1.44 0.455816 0.335518
-0.595102 3.75733 1.96 0.452498 0.271636
-0.79093 3.72103 1.96 0.437507 0.270528
-0.79093 3.72103 1.96 0.437507 0.270528
-0.595102 3.75733 1.96 0.452498 0.271636
-0.832512 3.91666 2.56 0.431939 0.190406
-0.595102 3.75733 1.96 0.452498 0.271636
-0.626389 3.95487 2.56 0.448383 0.192762
-0.832512 3.91666 2.56 0.431939 0.190406
-0.155291 0.579556 -0 0.464864 0.876432
-0.124747 0.586889 -0 0.472012 0.872238
-0.207055 0.772741 -0 0.459692 0.790841
-0.124747 0.586889 -0 0.472012 0.872238
-0.166329 0.782518 -0 0.467739 0.786913
-0.207055 0.772741 -0 0.459692 0.790841
-0.207055 0.772741 -0 0.459692 0.790841
-0.166329 0.782518 -0 0.467739 0.786913
-0.258819 0.965926 -0 0.455945 0.728838
-0.166329 0.782518 -0 0.467739 0.786913
-0.207912 0.978148 -0 0.464648 0.725206
-0.258819 0.965926 -0 0.455945 0.728838
-0.258819 0.965926 -0 0.455945 0.728838
-0.207912 0.978148 -0 0.464648 0.725206
-0.310583 1.15911 -0 0.453106 0.681853
-0.207912 0.978148 -0 0.464648 0.725206
-0.249494 1.17378 -0 0.462308 0.678502
-0.310583 1.15911 -0 0.453106 0.681853
-0.310583 1.15911 -0 0.453106 0.681853
-0.249494 1.17378 -0 0.462308 0.678502
-0.362347 1.3523 -0 0.450881 0.64502
-0.249494 1.17378 -0 0.462308 0.678502
-0.291076 1.36941 -0 0.460476 0.641924
-0.362347 1.3523 -0 0.450881 0.64502
-0.362347 1.3523 -0 0.450881 0.64502
-0.291076 1.36941 -0 0.460476 0.641924
-0.41411 1.54548 -0 0.449089 0.615369
-0.291076 1.36941 -0 0.460476 0.641924
-0.332659 1.56504 -0 0.459002 0.6125
-0.41411 1.54548 -0 0.449089 0.615369
-0.41411 1.54548 -0 0.449089 0.615369
-0.332659 1.56504 -0 0.459002 0.6125
-0.465874 1.73867 -0 0.447616 0.590986
-0.332659 1.56504 -0 0.459002 0.6125
-0.374241 1.76067 -0 0.457791 0.588318
-0.465874 1.73867 -0 0.447616 0.590986
-0.465874 1.73867 -0 0.447616 0.590986
-0.374241 1.76067 -0 0.457791 0.588318
-0.517638 1.93185 -0 0.446383 0.570581
-0.374241 1.76067 -0 0.457791 0.588318
-0.415823 1.9563 -0 0.456778 0.568092
-0.517638 1.93185 -0 0.446383 0.570581
-0.517638 1.93185 -0 0.446383 0.570581
-0.415823 1.9563 -0 0.456778 0.568092
-0.569402 2.12504 -0 0.445336 0.553255
-0.415823 1.9563 -0 0.456778 0.568092
-0.457406 2.15192 -0 0.455918 0.550925
-0.569402 2.12504 -0 0.445336 0.553255
-0.569402 2.12504 -0 0.445336 0.553255
-0.457406 2.15192 -0 0.455918 0.550925
-0.674007 2.51543 0.04 0.443263 0.521142
-0.457406 2.15192 -0 0.455918 0.550925
-0.541436 2.54726 0.04 0.454231 0.519118
-0.674007 2.51543 0.04 0.443263 0.521142
-0.674007 2.51543 0.04 0.443263 0.521142
-0.541436 2.54726 0.04 0.454231 0.519118
-0.725771 2.70861 0.16 0.441499 0.49813
-0.541436 2.54726 0.04 0.454231 0.519118
-0.583018 2.74289 0.16 0.452822 0.496329
-0.725771 2.70861 0.16 0.441499 0.49813
-0.725771 2.70861 0.16 0.441499 0.49813
-0.583018 2.74289 0.16 0.452822 0.496329
-0.777535 2.9018 0.36 0.439133 0.468884
-0.583018 2.74289 0.16 0.452822 0.496329
-0.624601 2.93851 0.36 0.450944 0.467385
-0.777535 2.9018 0.36 0.439133 0.468884
-0.777535 2.9018 0.36 0.439133 0.468884
-0.624601 2.93851 0.36 0.450944 0.467385
-0.829298 3.09498 0.64 0.436121 0.432781
-0.624601 2.93851 0.36 0.450944 0.467385
-0.666183 3.13414 0.64 0.448564 0.431695
-0.829298 3.09498 0.64 0.436121 0.432781
-0.829298 3.09498 0.64 0.436121 0.432781
-0.666183 3.13414 0.64 0.448564 0.431695
-0.881062 3.28817 1 0.432375 0.388721
-0.666183 3.13414 0.64 0.448564 0.431695
-0.707765 3.32977 1 0.445614 0.388201
-0.881062 3.28817 1 0.432375 0.388721
-0.881062 3.28817 1 0.432375 0.388721
-0.707765 3.32977 1 0.445614 0.388201
-0.932826 3.48135 1.44 0.427753 0.335013
-0.707765 3.32977 1 0.445614 0.388201
-0.749348 3.5254 1.44 0.441983 0.335278
-0.932826 3.48135 1.44 0.427753 0.335013
-0.932826 3.48135 1.44 0.427753 0.335013
-0.749348 3.5254 1.44 0.441983 0.335278
-0.98459 3.67454 1.96 0.422037 0.269153
-0.749348 3.5254 1.44 0.441983 0.335278
-0.79093 3.72103 1.96 0.437507 0.270528
-0.98459 3.67454 1.96 0.422037 0.269153
-0.98459 3.67454 1.96 0.422037 0.269153
-0.79093 3.72103 1.96 0.437507 0.270528
-1.03635 3.86772 2.56 0.414901 0.187427
-0.79093 3.72103 1.96 0.437507 0.270528
-0.832512 3.91666 2.56 0.431939 0.190406
-1.03635 3.86772 2.56 0.414901 0.187427
-0.18541 0.570634 -0 0.457639 0.881548
-0.155291 0.579556 -0 0.464864 0.876432
-0.247214 0.760845 -0 0.451532 0.795644
-0.155291 0.579556 -0 0.464864 0.876432
-0.207055 0.772741 -0 0.459692 0.790841
-0.247214 0.760845 -0 0.451532 0.795644
-0.247214 0.760845 -0 0.451532 0.795644
-0.207055 0.772741 -0 0.459692 0.790841
-0.309017 0.951057 -0 0.4471 0.73329
-0.207055 0.772741 -0 0.459692 0.790841
-0.258819 0.965926 -0 0.455945 0.728838
-0.309017 0.951057 -0 0.4471 0.73329
-0.309017 0.951057 -0 0.4471 0.73329
-0.258819 0.965926 -0 0.455945 0.728838
-0.37082 1.14127 -0 0.443736 0.685968
-0.258819 0.965926 -0 0.455945 0.728838
-0.310583 1.15911 -0 0.453106 0.681853
-0.37082 1.14127 -0 0.443736 0.685968
-0.37082 1.14127 -0 0.443736 0.685968
-0.310583 1.15911 -0 0.453106 0.681853
-0.432624 1.33148 -0 0.441096 0.648828
-0.310583 1.15911 -0 0.453106 0.681853
-0.362347 1.3523 -0 0.450881 0.64502
-0.432624 1.33148 -0 0.441096 0.648828
-0.432624 1.33148 -0 0.441096 0.648828
-0.362347 1.3523 -0 0.450881 0.64502
-0.494427 1.52169 -0 0.438968 0.618903
-0.362347 1.3523 -0 0.450881 0.64502
-0.41411 1.54548 -0 0.449089 0.615369
-0.494427 1.52169 -0 0.438968 0.618903
-0.494427 1.52169 -0 0.438968 0.618903
-0.41411 1.54548 -0 0.449089 0.615369
-0.556231 1.7119 -0 0.437218 0.594276
-0.41411 1.54548 -0 0.449089 0.615369
-0.465874 1.73867 -0 0.447616 0.590986
-0.556231 1.7119 -0 0.437218 0.594276
-0.556231 1.7119 -0 0.437218 0.594276
-0.465874 1.73867 -0 0.447616 0.590986
-0.618034 1.90211 -0 0.435752 0.573655
-0.465874 1.73867 -0 0.447616 0.590986
-0.517638 1.93185 -0 0.446383 0.570581
-0.618034 1.90211 -0 0.435752 0.573655
-0.618034 1.90211 -0 0.435752 0.573655
-0.517638 1.93185 -0 0.446383 0.570581
-0.679837 2.09232 -0 0.434506 0.556135
-0.517638 1.93185 -0 0.446383 0.570581
-0.569402 2.12504 -0 0.445336 0.553255
-0.679837 2.09232 -0 0.434506 0.556135
-0.679837 2.09232 -0 0.434506 0.556135
-0.569402 2.12504 -0 0.445336 0.553255
-0.804731 2.47671 0.04 0.432025 0.523651
-0.569402 2.12504 -0 0.445336 0.553255
-0.674007 2.51543 0.04 0.443263 0.521142
-0.804731 2.47671 0.04 0.432025 0.523651
-0.804731 2.47671 0.04 0.432025 0.523651
-0.674007 2.51543 0.04 0.443263 0.521142
-0.866534 2.66692 0.16 0.429883 0.500369
-0.674007 2.51543 0.04 0.443263 0.521142
-0.725771 2.70861 0.16 0.441499 0.49813
-0.866534 2.66692 0.16 0.429883 0.500369
-0.866534 2.66692 0.16 0.429883 0.500369
-0.725771 2.70861 0.16 0.441499 0.49813
-0.928337 2.85713 0.36 0.426995 0.470754
-0.725771 2.70861 0.16 0.441499 0.49813
-0.777535 2.9018 0.36 0.439133 0.468884
-0.928337 2.85713 0.36 0.426995 0.470754
-0.928337 2.85713 0.36 0.426995 0.470754
-0.777535 2.9018 0.36 0.439133 0.468884
-0.990141 3.04734 0.64 0.423307 0.434148
-0.777535 2.9018 0.36 0.439133 0.468884
-0.829298 3.09498 0.64 0.436121 0.432781
-0.990141 3.04734 0.64 0.423307 0.434148
-0.990141 3.04734 0.64 0.423307 0.434148
-0.829298 3.09498 0.64 0.436121 0.432781
-1.05194 3.23755 1 0.418708 0.389395
-0.829298 3.09498 0.64 0.436121 0.432781
-0.881062 3.28817 1 0.432375 0.388721
-1.05194 3.23755 1 0.418708 0.389395
-1.05194 3.23755 1 0.418708 0.389395
-0.881062 3.28817 1 0.432375 0.388721
-1.11375 3.42776 1.44 0.413014 0.334721
-0.881062 3.28817 1 0.432375 0.388721
-0.932826 3.48135 1.44 0.427753 0.335013
-1.11375 3.42776 1.44 0.413014 0.334721
-1.11375 3.42776 1.44 0.413014 0.334721
-0.932826 3.48135 1.44 0.427753 0.335013
-1.17555 3.61797 1.96 0.405949 0.267488
-0.932826 3.48135 1.44 0.427753 0.335013
-0.98459 3.67454 1.96 0.422037 0.269153
-1.17555 3.61797 1.96 0.405949 0.267488
-1.17555 3.61797 1.96 0.405949 0.267488
-0.98459 3.67454 1.96 0.422037 0.269153
-1.23735 3.80819 2.56 0.397095 0.183765
-0.98459 3.67454 1.96 0.422037 0.269153
-1.03635 3.86772 2.56 0.414901 0.187427
-1.23735 3.80819 2.56 0.397095 0.183765
-0.215021 0.560148 -0 0.45032 0.887621
-0.18541 0.570634 -0 0.457639 0.881548
-0.286694 0.746864 -0 0.443235 0.801365
-0.18541 0.570634 -0 0.457639 0.881548
-0.247214 0.760845 -0 0.451532 0.795644
-0.286694 0.746864 -0 0.443235 0.801365
-0.286694 0.746864 -0 0.443235 0.801365
-0.247214 0.760845 -0 0.451532 0.795644
-0.358368 0.93358 -0 0.438079 0.738604
-0.247214 0.760845 -0 0.451532 0.795644
-0.309017 0.951057 -0 0.4471 0.73329
-0.358368 0.93358 -0 0.438079 0.738604
-0.358368 0.93358 -0 0.438079 0.738604
-0.309017 0.951057 -0 0.4471 0.73329
-0.430042 1.1203 -0 0.43416 0.69089
-0.309017 0.951057 -0 0.4471 0.73329
-0.37082 1.14127 -0 0.443736 0.685968
-0.430042 1.1203 -0 0.43416 0.69089
-0.430042 1.1203 -0 0.43416 0.69089
-0.37082 1.14127 -0 0.443736 0.685968
-0.501715 1.30701 -0 0.431079 0.65339
-0.37082 1.14127 -0 0.443736 0.685968
-0.432624 1.33148 -0 0.441096 0.648828
-0.501715 1.30701 -0 0.431079 0.65339
-0.501715 1.30701 -0 0.431079 0.65339
-0.432624 1.33148 -0 0.441096 0.648828
-0.573389 1.49373 -0 0.428594 0.623142
-0.432624 1.33148 -0 0.441096 0.648828
-0.494427 1.52169 -0 0.438968 0.618903
-0.573389 1.49373 -0 0.428594 0.623142
-0.573389 1.49373 -0 0.428594 0.623142
-0.494427 1.52169 -0 0.438968 0.618903
-0.645062 1.68044 -0 0.426548 0.598227
-0.494427 1.52169 -0 0.438968 0.618903
-0.556231 1.7119 -0 0.437218 0.594276
-0.645062 1.68044 -0 0.426548 0.598227
-0.645062 1.68044 -0 0.426548 0.598227
-0.556231 1.7119 -0 0.437218 0.594276
-0.716736 1.86716 -0 0.424833 0.57735
-0.556231 1.7119 -0 0.437218 0.594276
-0.618034 1.90211 -0 0.435752 0.573655
-0.716736 1.86716 -0 0.424833 0.57735
-0.716736 1.86716 -0 0.424833 0.57735
-0.618034 1.90211 -0 0.435752 0.573655
-0.788409 2.05388 -0 0.423375 0.559602
-0.618034 1.90211 -0 0.435752 0.573655
-0.679837 2.09232 -0 0.434506 0.556135
-0.788409 2.05388 -0 0.423375 0.559602
-0.788409 2.05388 -0 0.423375 0.559602
-0.679837 2.09232 -0 0.434506 0.556135
-0.933249 2.4312 0.04 0.420455 0.526677
-0.679837 2.09232 -0 0.434506 0.556135
-0.804731 2.47671 0.04 0.432025 0.523651
-0.933249 2.4312 0.04 0.420455 0.526677
-0.933249 2.4312 0.04 0.420455 0.526677
-0.804731 2.47671 0.04 0.432025 0.523651
-1.00492 2.61791 0.16 0.417906 0.503076
-0.804731 2.47671 0.04 0.432025 0.523651
-0.866534 2.66692 0.16 0.429883 0.500369
-1.00492 2.61791 0.16 0.417906 0.503076
-1.00492 2.61791 0.16 0.417906 0.503076
-0.866534 2.66692 0.16 0.429883 0.500369
-1.0766 2.80463 0.36 0.414456 0.473023
-0.866534 2.66692 0.16 0.429883 0.500369
-0.928337 2.85713 0.36 0.426995 0.470754
-1.0766 2.80463 0.36 0.414456 0.473023
-1.0766 2.80463 0.36 0.414456 0.473023
-0.928337 2.85713 0.36 0.426995 0.470754
-1.14827 2.99134 0.64 0.410037 0.435817
-0.928337 2.85713 0.36 0.426995 0.470754
-0.990141 3.04734 0.64 0.423307 0.434148
-1.14827 2.99134 0.64 0.410037 0.435817
-1.14827 2.99134 0.64 0.410037 0.435817
-0.990141 3.04734 0.64 0.423307 0.434148
-1.21994 3.17806 1 0.404508 0.390236
-0.990141 3.04734 0.64 0.423307 0.434148
-1.05194 3.23755 1 0.418708 0.389395
-1.21994 3.17806 1 0.404508 0.390236
-1.21994 3.17806 1 0.404508 0.390236
-1.05194 3.23755 1 0.418708 0.389395
-1.29162 3.36478 1.44 0.397641 0.334398
-1.05194 3.23755 1 0.418708 0.389395
-1.11375 3.42776 1.44 0.413014 0.334721
-1.29162 3.36478 1.44 0.397641 0.334398
-1.29162 3.36478 1.44 0.397641 0.334398
-1.11375 3.42776 1.44 0.413014 0.334721
-1.36329 3.55149 1.96 0.389088 0.265502
-1.11375 3.42776 1.44 0.413014 0.334721
-1.17555 3.61797 1.96 0.405949 0.267488
-1.36329 3.55149 1.96 0.389088 0.265502
-1.36329 3.55149 1.96 0.389088 0.265502
-1.17555 3.61797 1.96 0.405949 0.267488
-1.43496 3.73821 2.56 0.378322 0.179344
-1.17555 3.61797 1.96 0.405949 0.267488
-1.23735 3.80819 2.56 0.397095 0.183765
-1.43496 3.73821 2.56 0.378322 0.179344
-0.244042 0.548127 -0 0.442892 0.894698
-0.215021 0.560148 -0 0.45032 0.887621
-0.325389 0.730836 -0 0.434773 0.808053
-0.215021 0.560148 -0 0.45032 0.887621
-0.286694 0.746864 -0 0.443235 0.801365
-0.325389 0.730836 -0 0.434773 0.808053
-0.325389 0.730836 -0 0.434773 0.808053
-0.286694 0.746864 -0 0.443235 0.801365
-0.406737 0.913545 -0 0.42885 0.744833
-0.286694 0.746864 -0 0.443235 0.801365
-0.358368 0.93358 -0 0.438079 0.738604
-0.406737 0.913545 -0 0.42885 0.744833
-0.406737 0.913545 -0 0.42885 0.744833
-0.358368 0.93358 -0 0.438079 0.738604
-0.488084 1.09625 -0 0.424337 0.696669
-0.358368 0.93358 -0 0.438079 0.738604
-0.430042 1.1203 -0 0.43416 0.69089
-0.488084 1.09625 -0 0.424337 0.696669
-0.488084 1.09625 -0 0.424337 0.696669
-0.430042 1.1203 -0 0.43416 0.69089
-0.569431 1.27896 -0 0.420785 0.658756
-0.430042 1.1203 -0 0.43416 0.69089
-0.501715 1.30701 -0 0.431079 0.65339
-0.569431 1.27896 -0 0.420785 0.658756
-0.569431 1.27896 -0 0.420785 0.658756
-0.501715 1.30701 -0 0.431079 0.65339
-0.650779 1.46167 -0 0.417916 0.628136
-0.501715 1.30701 -0 0.431079 0.65339
-0.573389 1.49373 -0 0.428594 0.623142
-0.650779 1.46167 -0 0.417916 0.628136
-0.650779 1.46167 -0 0.417916 0.628136
-0.573389 1.49373 -0 0.428594 0.623142
-0.732126 1.64438 -0 0.415551 0.602888
-0.573389 1.49373 -0 0.428594 0.623142
-0.645062 1.68044 -0 0.426548 0.598227
-0.732126 1.64438 -0 0.415551 0.602888
-0.732126 1.64438 -0 0.415551 0.602888
-0.645062 1.68044 -0 0.426548 0.598227
-0.813473 1.82709 -0 0.413567 0.581714
-0.645062 1.68044 -0 0.426548 0.598227
-0.716736 1.86716 -0 0.424833 0.57735
-0.813473 1.82709 -0 0.413567 0.581714
-0.813473 1.82709 -0 0.413567 0.581714
-0.716736 1.86716 -0 0.424833 0.57735
-0.894821 2.0098 -0 0.411879 0.5637
-0.716736 1.86716 -0 0.424833 0.57735
-0.788409 2.05388 -0 0.423375 0.559602
-0.894821 2.0098 -0 0.411879 0.5637
-0.894821 2.0098 -0 0.411879 0.5637
-0.788409 2.05388 -0 0.423375 0.559602
-1.05921 2.37902 0.04 0.408483 0.530263
-0.788409 2.05388 -0 0.423375 0.559602
-0.933249 2.4312 0.04 0.420455 0.526677
-1.05921 2.37902 0.04 0.408483 0.530263
-1.05921 2.37902 0.04 0.408483 0.530263
-0.933249 2.4312 0.04 0.420455 0.526677
-1.14056 2.56173 0.16 0.405493 0.506288
-0.933249 2.4312 0.04 0.420455 0.526677
-1.00492 2.61791 0.16 0.417906 0.503076
-1.14056 2.56173 0.16 0.405493 0.506288
-1.14056 2.56173 0.16 0.405493 0.506288
-1.00492 2.61791 0.16 0.417906 0.503076
-1.2219 2.74444 0.36 0.40143 0.475724
-1.00492 2.61791 0.16 0.417906 0.503076
-1.0766 2.80463 0.36 0.414456 0.473023
-1.2219 2.74444 0.36 0.40143 0.475724
-1.2219 2.74444 0.36 0.40143 0.475724
-1.0766 2.80463 0.36 0.414456 0.473023
-1.30325 2.92715 0.64 0.39621 0.437816
-1.0766 2.80463 0.36 0.414456 0.473023
-1.14827 2.99134 0.64 0.410037 0.435817
-1.30325 2.92715 0.64 0.39621 0.437816
-1.30325 2.92715 0.64 0.39621 0.437816
-1.14827 2.99134 0.64 0.410037 0.435817
-1.3846 3.10986 1 0.389657 0.391258
-1.14827 2.99134 0.64 0.410037 0.435817
-1.21994 3.17806 1 0.404508 0.390236
-1.3846 3.10986 1 0.389657 0.391258
-1.3846 3.10986 1 0.389657 0.391258
-1.21994 3.17806 1 0.404508 0.390236
-1.46595 3.29257 1.44 0.381489 0.33404
-1.21994 3.17806 1 0.404508 0.390236
-1.29162 3.36478 1.44 0.397641 0.334398
-1.46595 3.29257 1.44 0.381489 0.33404
-1.46595 3.29257 1.44 0.381489 0.33404
-1.29162 3.36478 1.44 0.397641 0.334398
-1.54729 3.47528 1.96 0.371272 0.263157
-1.29162 3.36478 1.44 0.397641 0.334398
-1.36329 3.55149 1.96 0.389088 0.265502
-1.54729 3.47528 1.96 0.371272 0.263157
-1.54729 3.47528 1.96 0.371272 0.263157
-1.36329 3.55149 1.96 0.389088 0.265502
-1.62864 3.65798 2.56 0.358343 0.174062
-1.36329 3.55149 1.96 0.389088 0.265502
-1.43496 3.73821 2.56 0.378322 0.179344
-1.62864 3.65798 2.56 0.358343 0.174062
-1.30325 2.92715 0.64 0.39621 0.437816
-1.3846 3.10986 1 0.389657 0.391258
-1.54546 3.03313 1 0.374019 0.392481
-1.54546 3.03313 1 0.374019 0.392481
-1.3846 3.10986 1 0.389657 0.391258
-1.63626 3.21133 1.44 0.36439 0.333642
-1.3846 3.10986 1 0.389657 0.391258
-1.46595 3.29257 1.44 0.381489 0.33404
-1.63626 3.21133 1.44 0.36439 0.333642
-1.63626 3.21133 1.44 0.36439 0.333642
-1.46595 3.29257 1.44 0.381489 0.33404
-1.72705 3.38953 1.96 0.352284 0.260404
-1.46595 3.29257 1.44 0.381489 0.33404
-1.54729 3.47528 1.96 0.371272 0.263157
-1.72705 3.38953 1.96 0.352284 0.260404
-1.72705 3.38953 1.96 0.352284 0.260404
-1.54729 3.47528 1.96 0.371272 0.263157
-1.81785 3.56774 2.56 0.336869 0.167791
-1.54729 3.47528 1.96 0.371272 0.263157
-1.62864 3.65798 2.56 0.358343 0.174062
-1.81785 3.56774 2.56 0.336869 0.167791
