0.193185 0.386803 -0 0.555423 0.996666
0.19563 0.386803 -0 0.556099 0.996623
0.38637 0.386803 -0 0.608589 0.993319
0.19563 0.386803 -0 0.556099 0.996623
0.391259 0.386803 -0 0.609926 0.993235
0.38637 0.386803 -0 0.608589 0.993319
0.38637 0.386803 -0 0.608589 0.993319
0.391259 0.386803 -0 0.609926 0.993235
0.579556 0.386803 -0 0.661109 0.990014
0.391259 0.386803 -0 0.609926 0.993235
0.586889 0.386803 -0 0.66309 0.989889
0.579556 0.386803 -0 0.661109 0.990014
0.190211 0.386803 -0 0.554599 0.996718
0.193185 0.386803 -0 0.555423 0.996666
0.380423 0.386803 -0 0.606962 0.993422
0.193185 0.386803 -0 0.555423 0.996666
0.38637 0.386803 -0 0.608589 0.993319
0.380423 0.386803 -0 0.606962 0.993422
0.380423 0.386803 -0 0.606962 0.993422
0.38637 0.386803 -0 0.608589 0.993319
0.570634 0.386803 -0 0.658697 0.990165
0.38637 0.386803 -0 0.608589 0.993319
0.579556 0.386803 -0 0.661109 0.990014
0.570634 0.386803 -0 0.658697 0.990165
0.186716 0.386803 -0 0.553631 0.996779
0.190211 0.386803 -0 0.554599 0.996718
0.373432 0.386803 -0 0.605049 0.993542
0.190211 0.386803 -0 0.554599 0.996718
0.380423 0.386803 -0 0.606962 0.993422
0.373432 0.386803 -0 0.605049 0.993542
0.373432 0.386803 -0 0.605049 0.993542
0.380423 0.386803 -0 0.606962 0.993422
0.560148 0.386803 -0 0.655862 0.990344
0.380423 0.386803 -0 0.606962 0.993422
0.570634 0.386803 -0 0.658697 0.990165
0.560148 0.386803 -0 0.655862 0.990344
0.182709 0.386803 -0 0.552521 0.996849
0.186716 0.386803 -0 0.553631 0.996779
0.365418 0.386803 -0 0.602854 0.99368
0.186716 0.386803 -0 0.553631 0.996779
0.373432 0.386803 -0 0.605049 0.993542
0.365418 0.386803 -0 0.602854 0.99368
0.365418 0.386803 -0 0.602854 0.99368
0.373432 0.386803 -0 0.605049 0.993542
0.548127 0.386803 -0 0.652608 0.990549
0.373432 0.386803 -0 0.605049 0.993542
0.560148 0.386803 -0 0.655862 0.990344
0.548127 0.386803 -0 0.652608 0.990549
0.178201 0.386803 -0 0.551272 0.996927
0.182709 0.386803 -0 0.552521 0.996849
0.356403 0.386803 -0 0.600384 0.993836
0.182709 0.386803 -0 0.552521 0.996849
0.365418 0.386803 -0 0.602854 0.99368
0.356403 0.386803 -0 0.600384 0.993836
0.356403 0.386803 -0 0.600384 0.993836
0.365418 0.386803 -0 0.602854 0.99368
0.534604 0.386803 -0 0.648945 0.990779
0.365418 0.386803 -0 0.602854 0.99368
0.548127 0.386803 -0 0.652608 0.990549
0.534604 0.386803 -0 0.648945 0.990779
0.173205 0.386803 -0 0.549887 0.997015
0.178201 0.386803 -0 0.551272 0.996927
0.34641 0.386803 -0 0.597645 0.994008
0.178201 0.386803 -0 0.551272 0.996927
0.356403 0.386803 -0 0.600384 0.993836
0.34641 0.386803 -0 0.597645 0.994008
0.34641 0.386803 -0 0.597645 0.994008
0.356403 0.386803 -0 0.600384 0.993836
0.519615 0.386803 -0 0.644882 0.991035
0.356403 0.386803 -0 0.600384 0.993836
0.534604 0.386803 -0 0.648945 0.990779
0.519615 0.386803 -0 0.644882 0.991035
0.167734 0.386803 -0 0.548369 0.99711
0.173205 0.386803 -0 0.549887 0.997015
0.335468 0.386803 -0 0.594644 0.994197
0.173205 0.386803 -0 0.549887 0.997015
0.34641 0.386803 -0 0.597645 0.994008
0.335468 0.386803 -0 0.594644 0.994197
0.335468 0.386803 -0 0.594644 0.994197
0.34641 0.386803 -0 0.597645 0.994008
0.503202 0.386803 -0 0.640428 0.991315
0.34641 0.386803 -0 0.597645 0.994008
0.519615 0.386803 -0 0.644882 0.991035
0.503202 0.386803 -0 0.640428 0.991315
0.503202 0.386803 -0 0.640428 0.991315
0.519615 0.386803 -0 0.644882 0.991035
0.670936 0.435711 -0 0.675181 0.952771
1.0064 0.653567 -0 0.707721 0.829163
1.03923 0.6 -0 0.725437 0.853484
1.17414 0.762495 -0 0.71948 0.784495
1.03923 0.6 -0 0.725437 0.853484
1.21244 0.7 -0 0.738915 0.807966
1.17414 0.762495 -0 0.71948 0.784495
1.17414 0.762495 -0 0.71948 0.784495
1.21244 0.7 -0 0.738915 0.807966
1.34187 0.871422 -0 0.729249 0.747386
1.21244 0.7 -0 0.738915 0.807966
1.38564 0.8 -0 0.750172 0.769945
1.34187 0.871422 -0 0.729249 0.747386
1.34187 0.871422 -0 0.729249 0.747386
1.38564 0.8 -0 0.750172 0.769945
1.50961 0.98035 -0 0.737495 0.716066
1.38564 0.8 -0 0.750172 0.769945
1.55885 0.9 -0 0.759715 0.737711
1.50961 0.98035 -0 0.737495 0.716066
1.50961 0.98035 -0 0.737495 0.716066
1.55885 0.9 -0 0.759715 0.737711
1.67734 1.08928 -0 0.744547 0.689278
1.55885 0.9 -0 0.759715 0.737711
1.73205 1 -0 0.767909 0.710036
1.67734 1.08928 -0 0.744547 0.689278
1.67734 1.08928 -0 0.744547 0.689278
1.73205 1 -0 0.767909 0.710036
1.84508 1.19821 -0 0.750647 0.666105
1.73205 1 -0 0.767909 0.710036
1.90526 1.1 -0 0.775021 0.686017
1.84508 1.19821 -0 0.750647 0.666105
1.84508 1.19821 -0 0.750647 0.666105
1.90526 1.1 -0 0.775021 0.686017
2.18404 1.41833 0.04 0.763655 0.622598
1.90526 1.1 -0 0.775021 0.686017
2.25527 1.30208 0.04 0.790245 0.640829
2.18404 1.41833 0.04 0.763655 0.622598
2.18404 1.41833 0.04 0.763655 0.622598
2.25527 1.30208 0.04 0.790245 0.640829
2.35177 1.52726 0.16 0.77636 0.591429
2.25527 1.30208 0.04 0.790245 0.640829
2.42848 1.40208 0.16 0.805182 0.608486
2.35177 1.52726 0.16 0.77636 0.591429
2.35177 1.52726 0.16 0.77636 0.591429
2.42848 1.40208 0.16 0.805182 0.608486
2.5195 1.63618 0.36 0.794597 0.550634
2.42848 1.40208 0.16 0.805182 0.608486
2.60168 1.50208 0.36 0.826778 0.565934
2.5195 1.63618 0.36 0.794597 0.550634
2.5195 1.63618 0.36 0.794597 0.550634
2.60168 1.50208 0.36 0.826778 0.565934
2.68724 1.74511 0.64 0.819458 0.497729
2.60168 1.50208 0.36 0.826778 0.565934
2.77489 1.60208 0.64 0.856523 0.510226
2.68724 1.74511 0.64 0.819458 0.497729
2.68724 1.74511 0.64 0.819458 0.497729
2.77489 1.60208 0.64 0.856523 0.510226
2.85497 1.85404 1 0.852949 0.428544
2.77489 1.60208 0.64 0.856523 0.510226
2.94809 1.70208 1 0.897169 0.436359
2.85497 1.85404 1 0.852949 0.428544
2.85497 1.85404 1 0.852949 0.428544
2.94809 1.70208 1 0.897169 0.436359
3.02271 1.96297 1.44 0.898552 0.33608
2.94809 1.70208 1 0.897169 0.436359
3.1213 1.80208 1.44 0.95361 0.335697
3.02271 1.96297 1.44 0.898552 0.33608
3.02271 1.96297 1.44 0.898552 0.33608
3.1213 1.80208 1.44 0.95361 0.335697
3.19044 2.0719 1.96 0.962481 0.208019
0.161803 0.386803 -0 0.546724 0.997214
0.167734 0.386803 -0 0.548369 0.99711
0.323607 0.386803 -0 0.591387 0.994402
0.167734 0.386803 -0 0.548369 0.99711
0.335468 0.386803 -0 0.594644 0.994197
0.323607 0.386803 -0 0.591387 0.994402
0.323607 0.386803 -0 0.591387 0.994402
0.335468 0.386803 -0 0.594644 0.994197
0.48541 0.386803 -0 0.635594 0.99162
0.335468 0.386803 -0 0.594644 0.994197
0.503202 0.386803 -0 0.640428 0.991315
0.48541 0.386803 -0 0.635594 0.99162
0.48541 0.386803 -0 0.635594 0.99162
0.503202 0.386803 -0 0.640428 0.991315
0.647214 0.470228 -0 0.662599 0.930188
0.503202 0.386803 -0 0.640428 0.991315
0.670936 0.435711 -0 0.675181 0.952771
0.647214 0.470228 -0 0.662599 0.930188
0.647214 0.470228 -0 0.662599 0.930188
0.670936 0.435711 -0 0.675181 0.952771
0.809017 0.587785 -0 0.67867 0.861829
0.670936 0.435711 -0 0.675181 0.952771
0.838671 0.544639 -0 0.693296 0.88396
0.809017 0.587785 -0 0.67867 0.861829
0.809017 0.587785 -0 0.67867 0.861829
0.838671 0.544639 -0 0.693296 0.88396
0.97082 0.705342 -0 0.691377 0.80778
0.838671 0.544639 -0 0.693296 0.88396
1.0064 0.653567 -0 0.707721 0.829163
0.97082 0.705342 -0 0.691377 0.80778
0.97082 0.705342 -0 0.691377 0.80778
1.0064 0.653567 -0 0.707721 0.829163
1.13262 0.822899 -0 0.701677 0.763973
1.0064 0.653567 -0 0.707721 0.829163
1.17414 0.762495 -0 0.71948 0.784495
1.13262 0.822899 -0 0.701677 0.763973
1.13262 0.822899 -0 0.701677 0.763973
1.17414 0.762495 -0 0.71948 0.784495
1.29443 0.940456 -0 0.710193 0.727749
1.17414 0.762495 -0 0.71948 0.784495
1.34187 0.871422 -0 0.729249 0.747386
1.29443 0.940456 -0 0.710193 0.727749
1.29443 0.940456 -0 0.710193 0.727749
1.34187 0.871422 -0 0.729249 0.747386
1.45623 1.05801 -0 0.717353 0.697295
1.34187 0.871422 -0 0.729249 0.747386
1.50961 0.98035 -0 0.737495 0.716066
1.45623 1.05801 -0 0.717353 0.697295
1.45623 1.05801 -0 0.717353 0.697295
1.50961 0.98035 -0 0.737495 0.716066
1.61803 1.17557 -0 0.723456 0.671336
1.50961 0.98035 -0 0.737495 0.716066
1.67734 1.08928 -0 0.744547 0.689278
1.61803 1.17557 -0 0.723456 0.671336
1.61803 1.17557 -0 0.723456 0.671336
1.67734 1.08928 -0 0.744547 0.689278
1.77984 1.29313 -0 0.72872 0.648943
1.67734 1.08928 -0 0.744547 0.689278
1.84508 1.19821 -0 0.750647 0.666105
1.77984 1.29313 -0 0.72872 0.648943
1.77984 1.29313 -0 0.72872 0.648943
1.84508 1.19821 -0 0.750647 0.666105
2.10681 1.53069 0.04 0.739911 0.606977
1.84508 1.19821 -0 0.750647 0.666105
2.18404 1.41833 0.04 0.763655 0.622598
2.10681 1.53069 0.04 0.739911 0.606977
2.10681 1.53069 0.04 0.739911 0.606977
2.18404 1.41833 0.04 0.763655 0.622598
2.26862 1.64825 0.16 0.750802 0.576896
2.18404 1.41833 0.04 0.763655 0.622598
2.35177 1.52726 0.16 0.77636 0.591429
2.26862 1.64825 0.16 0.750802 0.576896
2.26862 1.64825 0.16 0.750802 0.576896
2.35177 1.52726 0.16 0.77636 0.591429
2.43042 1.7658 0.36 0.766343 0.537704
2.35177 1.52726 0.16 0.77636 0.591429
2.5195 1.63618 0.36 0.794597 0.550634
2.43042 1.7658 0.36 0.766343 0.537704
2.43042 1.7658 0.36 0.766343 0.537704
2.5195 1.63618 0.36 0.794597 0.550634
2.59222 1.88336 0.64 0.787345 0.487282
2.5195 1.63618 0.36 0.794597 0.550634
2.68724 1.74511 0.64 0.819458 0.497729
2.59222 1.88336 0.64 0.787345 0.487282
2.59222 1.88336 0.64 0.787345 0.487282
2.68724 1.74511 0.64 0.819458 0.497729
2.75403 2.00092 1 0.815304 0.422102
2.68724 1.74511 0.64 0.819458 0.497729
2.85497 1.85404 1 0.852949 0.428544
2.75403 2.00092 1 0.815304 0.422102
2.75403 2.00092 1 0.815304 0.422102
2.85497 1.85404 1 0.852949 0.428544
2.91583 2.11847 1.44 0.852771 0.33637
2.85497 1.85404 1 0.852949 0.428544
3.02271 1.96297 1.44 0.898552 0.33608
2.91583 2.11847 1.44 0.852771 0.33637
2.91583 2.11847 1.44 0.852771 0.33637
3.02271 1.96297 1.44 0.898552 0.33608
3.07763 2.23603 1.96 0.904147 0.22023
3.02271 1.96297 1.44 0.898552 0.33608
3.19044 2.0719 1.96 0.962481 0.208019
3.07763 2.23603 1.96 0.904147 0.22023
3.07763 2.23603 1.96 0.904147 0.22023
3.19044 2.0719 1.96 0.962481 0.208019
3.23944 2.35359 2.56 0.977497 0.0557494
0.155429 0.386803 -0 0.544955 0.997325
0.161803 0.386803 -0 0.546724 0.997214
0.310858 0.386803 -0 0.587885 0.994623
0.161803 0.386803 -0 0.546724 0.997214
0.323607 0.386803 -0 0.591387 0.994402
0.310858 0.386803 -0 0.587885 0.994623
0.310858 0.386803 -0 0.587885 0.994623
0.323607 0.386803 -0 0.591387 0.994402
0.466288 0.386803 -0 0.630393 0.991947
0.323607 0.386803 -0 0.591387 0.994402
0.48541 0.386803 -0 0.635594 0.99162
0.466288 0.386803 -0 0.630393 0.991947
0.466288 0.386803 -0 0.630393 0.991947
0.48541 0.386803 -0 0.635594 0.99162
0.621717 0.503456 -0 0.650702 0.91
0.48541 0.386803 -0 0.635594 0.99162
0.647214 0.470228 -0 0.662599 0.930188
0.621717 0.503456 -0 0.650702 0.91
0.621717 0.503456 -0 0.650702 0.91
0.647214 0.470228 -0 0.662599 0.930188
0.777146 0.62932 -0 0.66498 0.842193
0.647214 0.470228 -0 0.662599 0.930188
0.809017 0.587785 -0 0.67867 0.861829
0.777146 0.62932 -0 0.66498 0.842193
0.777146 0.62932 -0 0.66498 0.842193
0.809017 0.587785 -0 0.67867 0.861829
0.932575 0.755184 -0 0.676197 0.788918
0.809017 0.587785 -0 0.67867 0.861829
0.97082 0.705342 -0 0.691377 0.80778
0.932575 0.755184 -0 0.676197 0.788918
0.932575 0.755184 -0 0.676197 0.788918
0.97082 0.705342 -0 0.691377 0.80778
1.088 0.881049 -0 0.685244 0.745956
0.97082 0.705342 -0 0.691377 0.80778
1.13262 0.822899 -0 0.701677 0.763973
1.088 0.881049 -0 0.685244 0.745956
1.088 0.881049 -0 0.685244 0.745956
1.13262 0.822899 -0 0.701677 0.763973
1.24343 1.00691 -0 0.692693 0.710577
1.13262 0.822899 -0 0.701677 0.763973
1.29443 0.940456 -0 0.710193 0.727749
1.24343 1.00691 -0 0.692693 0.710577
1.24343 1.00691 -0 0.692693 0.710577
1.29443 0.940456 -0 0.710193 0.727749
1.39886 1.13278 -0 0.698935 0.680936
1.29443 0.940456 -0 0.710193 0.727749
1.45623 1.05801 -0 0.717353 0.697295
1.39886 1.13278 -0 0.698935 0.680936
1.39886 1.13278 -0 0.698935 0.680936
1.45623 1.05801 -0 0.717353 0.697295
1.55429 1.25864 -0 0.70424 0.655742
1.45623 1.05801 -0 0.717353 0.697295
1.61803 1.17557 -0 0.723456 0.671336
1.55429 1.25864 -0 0.70424 0.655742
1.55429 1.25864 -0 0.70424 0.655742
1.61803 1.17557 -0 0.723456 0.671336
1.70972 1.3845 -0 0.708804 0.634063
1.61803 1.17557 -0 0.723456 0.671336
1.77984 1.29313 -0 0.72872 0.648943
1.70972 1.3845 -0 0.708804 0.634063
1.70972 1.3845 -0 0.708804 0.634063
1.77984 1.29313 -0 0.72872 0.648943
2.02381 1.63885 0.04 0.718483 0.593503
1.77984 1.29313 -0 0.72872 0.648943
2.10681 1.53069 0.04 0.739911 0.606977
2.02381 1.63885 0.04 0.718483 0.593503
2.02381 1.63885 0.04 0.718483 0.593503
2.10681 1.53069 0.04 0.739911 0.606977
2.17924 1.76472 0.16 0.727879 0.564421
2.10681 1.53069 0.04 0.739911 0.606977
2.26862 1.64825 0.16 0.750802 0.576896
2.17924 1.76472 0.16 0.727879 0.564421
2.17924 1.76472 0.16 0.727879 0.564421
2.26862 1.64825 0.16 0.750802 0.576896
2.33467 1.89058 0.36 0.741218 0.52668
2.26862 1.64825 0.16 0.750802 0.576896
2.43042 1.7658 0.36 0.766343 0.537704
2.33467 1.89058 0.36 0.741218 0.52668
2.33467 1.89058 0.36 0.741218 0.52668
2.43042 1.7658 0.36 0.766343 0.537704
2.4901 2.01645 0.64 0.759113 0.478455
2.43042 1.7658 0.36 0.766343 0.537704
2.59222 1.88336 0.64 0.787345 0.487282
2.4901 2.01645 0.64 0.759113 0.478455
2.4901 2.01645 0.64 0.759113 0.478455
2.59222 1.88336 0.64 0.787345 0.487282
2.64553 2.14231 1 0.782702 0.41672
2.59222 1.88336 0.64 0.787345 0.487282
2.75403 2.00092 1 0.815304 0.422102
2.64553 2.14231 1 0.782702 0.41672
2.64553 2.14231 1 0.782702 0.41672
2.75403 2.00092 1 0.815304 0.422102
2.80096 2.26817 1.44 0.813893 0.336591
2.75403 2.00092 1 0.815304 0.422102
2.91583 2.11847 1.44 0.852771 0.33637
2.80096 2.26817 1.44 0.813893 0.336591
2.80096 2.26817 1.44 0.813893 0.336591
2.91583 2.11847 1.44 0.852771 0.33637
2.95639 2.39404 1.96 0.855904 0.229982
2.91583 2.11847 1.44 0.852771 0.33637
3.07763 2.23603 1.96 0.904147 0.22023
2.95639 2.39404 1.96 0.855904 0.229982
2.95639 2.39404 1.96 0.855904 0.229982
3.07763 2.23603 1.96 0.904147 0.22023
3.11182 2.5199 2.56 0.914401 0.0827446
3.07763 2.23603 1.96 0.904147 0.22023
3.23944 2.35359 2.56 0.977497 0.0557494
3.11182 2.5199 2.56 0.914401 0.0827446
0.148629 0.386803 -0 0.543067 0.997444
0.155429 0.386803 -0 0.544955 0.997325
0.297258 0.386803 -0 0.584146 0.994858
0.155429 0.386803 -0 0.544955 0.997325
0.310858 0.386803 -0 0.587885 0.994623
0.297258 0.386803 -0 0.584146 0.994858
0.297258 0.386803 -0 0.584146 0.994858
0.310858 0.386803 -0 0.587885 0.994623
0.445887 0.401478 -0 0.622578 0.981012
0.310858 0.386803 -0 0.587885 0.994623
0.466288 0.386803 -0 0.630393 0.991947
0.445887 0.401478 -0 0.622578 0.981012
0.445887 0.401478 -0 0.622578 0.981012
0.466288 0.386803 -0 0.630393 0.991947
0.594516 0.535304 -0 0.639402 0.891937
0.466288 0.386803 -0 0.630393 0.991947
0.621717 0.503456 -0 0.650702 0.91
0.594516 0.535304 -0 0.639402 0.891937
0.594516 0.535304 -0 0.639402 0.891937
0.621717 0.503456 -0 0.650702 0.91
0.743145 0.669131 -0 0.652095 0.824739
0.621717 0.503456 -0 0.650702 0.91
0.777146 0.62932 -0 0.66498 0.842193
0.743145 0.669131 -0 0.652095 0.824739
0.743145 0.669131 -0 0.652095 0.824739
0.777146 0.62932 -0 0.66498 0.842193
0.891774 0.802957 -0 0.66201 0.77224
0.777146 0.62932 -0 0.66498 0.842193
0.932575 0.755184 -0 0.676197 0.788918
0.891774 0.802957 -0 0.66201 0.77224
0.891774 0.802957 -0 0.66201 0.77224
0.932575 0.755184 -0 0.676197 0.788918
1.0404 0.936783 -0 0.669971 0.730092
0.932575 0.755184 -0 0.676197 0.788918
1.088 0.881049 -0 0.685244 0.745956
1.0404 0.936783 -0 0.669971 0.730092
1.0404 0.936783 -0 0.669971 0.730092
1.088 0.881049 -0 0.685244 0.745956
1.18903 1.07061 -0 0.676503 0.695509
1.088 0.881049 -0 0.685244 0.745956
1.24343 1.00691 -0 0.692693 0.710577
1.18903 1.07061 -0 0.676503 0.695509
1.18903 1.07061 -0 0.676503 0.695509
1.24343 1.00691 -0 0.692693 0.710577
1.33766 1.20444 -0 0.681959 0.666622
1.24343 1.00691 -0 0.692693 0.710577
1.39886 1.13278 -0 0.698935 0.680936
1.33766 1.20444 -0 0.681959 0.666622
1.33766 1.20444 -0 0.681959 0.666622
1.39886 1.13278 -0 0.698935 0.680936
1.48629 1.33826 -0 0.686585 0.642131
1.39886 1.13278 -0 0.698935 0.680936
1.55429 1.25864 -0 0.70424 0.655742
1.48629 1.33826 -0 0.686585 0.642131
1.48629 1.33826 -0 0.686585 0.642131
1.55429 1.25864 -0 0.70424 0.655742
1.63492 1.47209 -0 0.690557 0.621103
1.55429 1.25864 -0 0.70424 0.655742
1.70972 1.3845 -0 0.708804 0.634063
1.63492 1.47209 -0 0.690557 0.621103
1.63492 1.47209 -0 0.690557 0.621103
1.70972 1.3845 -0 0.708804 0.634063
1.93527 1.74253 0.04 0.698962 0.581817
1.70972 1.3845 -0 0.708804 0.634063
2.02381 1.63885 0.04 0.718483 0.593503
1.93527 1.74253 0.04 0.698962 0.581817
1.93527 1.74253 0.04 0.698962 0.581817
2.02381 1.63885 0.04 0.718483 0.593503
2.0839 1.87635 0.16 0.707107 0.553647
2.02381 1.63885 0.04 0.718483 0.593503
2.17924 1.76472 0.16 0.727879 0.564421
2.0839 1.87635 0.16 0.707107 0.553647
2.0839 1.87635 0.16 0.707107 0.553647
2.17924 1.76472 0.16 0.727879 0.564421
2.23253 2.01018 0.36 0.718622 0.517214
2.17924 1.76472 0.16 0.727879 0.564421
2.33467 1.89058 0.36 0.741218 0.52668
2.23253 2.01018 0.36 0.718622 0.517214
2.23253 2.01018 0.36 0.718622 0.517214
2.33467 1.89058 0.36 0.741218 0.52668
2.38116 2.144 0.64 0.733975 0.470933
2.33467 1.89058 0.36 0.741218 0.52668
2.4901 2.01645 0.64 0.759113 0.478455
2.38116 2.144 0.64 0.733975 0.470933
2.38116 2.144 0.64 0.733975 0.470933
2.4901 2.01645 0.64 0.759113 0.478455
2.52979 2.27783 1 0.754043 0.412176
2.4901 2.01645 0.64 0.759113 0.478455
2.64553 2.14231 1 0.782702 0.41672
2.52979 2.27783 1 0.754043 0.412176
2.52979 2.27783 1 0.754043 0.412176
2.64553 2.14231 1 0.782702 0.41672
2.67842 2.41166 1.44 0.780285 0.336758
2.64553 2.14231 1 0.782702 0.41672
2.80096 2.26817 1.44 0.813893 0.336591
2.67842 2.41166 1.44 0.780285 0.336758
2.67842 2.41166 1.44 0.780285 0.336758
2.80096 2.26817 1.44 0.813893 0.336591
2.82704 2.54548 1.96 0.815107 0.237904
2.80096 2.26817 1.44 0.813893 0.336591
2.95639 2.39404 1.96 0.855904 0.229982
2.82704 2.54548 1.96 0.815107 0.237904
2.82704 2.54548 1.96 0.815107 0.237904
2.95639 2.39404 1.96 0.855904 0.229982
2.97567 2.67931 2.56 0.862624 0.104132
2.95639 2.39404 1.96 0.855904 0.229982
3.11182 2.5199 2.56 0.914401 0.0827446
2.97567 2.67931 2.56 0.862624 0.104132
0.141421 0.386803 -0 0.541065 0.99757
0.148629 0.386803 -0 0.543067 0.997444
0.282843 0.386803 -0 0.580178 0.995108
0.148629 0.386803 -0 0.543067 0.997444
0.297258 0.386803 -0 0.584146 0.994858
0.282843 0.386803 -0 0.580178 0.995108
0.282843 0.386803 -0 0.580178 0.995108
0.297258 0.386803 -0 0.584146 0.994858
0.424264 0.424264 -0 0.613576 0.964583
0.297258 0.386803 -0 0.584146 0.994858
0.445887 0.401478 -0 0.622578 0.981012
0.424264 0.424264 -0 0.613576 0.964583
0.424264 0.424264 -0 0.613576 0.964583
0.445887 0.401478 -0 0.622578 0.981012
0.565685 0.565685 -0 0.628627 0.875772
0.445887 0.401478 -0 0.622578 0.981012
0.594516 0.535304 -0 0.639402 0.891937
0.565685 0.565685 -0 0.628627 0.875772
0.565685 0.565685 -0 0.628627 0.875772
0.594516 0.535304 -0 0.639402 0.891937
0.707107 0.707107 -0 0.639906 0.809212
0.594516 0.535304 -0 0.639402 0.891937
0.743145 0.669131 -0 0.652095 0.824739
0.707107 0.707107 -0 0.639906 0.809212
0.707107 0.707107 -0 0.639906 0.809212
0.743145 0.669131 -0 0.652095 0.824739
0.848528 0.848528 -0 0.648675 0.757471
0.743145 0.669131 -0 0.652095 0.824739
0.891774 0.802957 -0 0.66201 0.77224
0.848528 0.848528 -0 0.648675 0.757471
0.848528 0.848528 -0 0.648675 0.757471
0.891774 0.802957 -0 0.66201 0.77224
0.98995 0.98995 -0 0.655687 0.716096
0.891774 0.802957 -0 0.66201 0.77224
1.0404 0.936783 -0 0.669971 0.730092
0.98995 0.98995 -0 0.655687 0.716096
0.98995 0.98995 -0 0.655687 0.716096
1.0404 0.936783 -0 0.669971 0.730092
1.13137 1.13137 -0 0.661422 0.682255
1.0404 0.936783 -0 0.669971 0.730092
1.18903 1.07061 -0 0.676503 0.695509
1.13137 1.13137 -0 0.661422 0.682255
1.13137 1.13137 -0 0.661422 0.682255
1.18903 1.07061 -0 0.676503 0.695509
1.27279 1.27279 -0 0.666199 0.654062
1.18903 1.07061 -0 0.676503 0.695509
1.33766 1.20444 -0 0.681959 0.666622
1.27279 1.27279 -0 0.666199 0.654062
1.27279 1.27279 -0 0.666199 0.654062
1.33766 1.20444 -0 0.681959 0.666622
1.41421 1.41421 -0 0.670241 0.630213
1.33766 1.20444 -0 0.681959 0.666622
1.48629 1.33826 -0 0.686585 0.642131
1.41421 1.41421 -0 0.670241 0.630213
1.41421 1.41421 -0 0.670241 0.630213
1.48629 1.33826 -0 0.686585 0.642131
1.55563 1.55563 -0 0.673705 0.609774
1.48629 1.33826 -0 0.686585 0.642131
1.63492 1.47209 -0 0.690557 0.621103
1.55563 1.55563 -0 0.673705 0.609774
1.55563 1.55563 -0 0.673705 0.609774
1.63492 1.47209 -0 0.690557 0.621103
1.84142 1.84142 0.04 0.681024 0.571641
1.63492 1.47209 -0 0.690557 0.621103
1.93527 1.74253 0.04 0.698962 0.581817
1.84142 1.84142 0.04 0.681024 0.571641
1.84142 1.84142 0.04 0.681024 0.571641
1.93527 1.74253 0.04 0.698962 0.581817
1.98284 1.98284 0.16 0.68811 0.544298
1.93527 1.74253 0.04 0.698962 0.581817
2.0839 1.87635 0.16 0.707107 0.553647
1.98284 1.98284 0.16 0.68811 0.544298
1.98284 1.98284 0.16 0.68811 0.544298
2.0839 1.87635 0.16 0.707107 0.553647
2.12426 2.12426 0.36 0.698094 0.509041
2.0839 1.87635 0.16 0.707107 0.553647
2.23253 2.01018 0.36 0.718622 0.517214
2.12426 2.12426 0.36 0.698094 0.509041
2.12426 2.12426 0.36 0.698094 0.509041
2.23253 2.01018 0.36 0.718622 0.517214
2.26569 2.26569 0.64 0.711335 0.46448
2.23253 2.01018 0.36 0.718622 0.517214
2.38116 2.144 0.64 0.733975 0.470933
2.26569 2.26569 0.64 0.711335 0.46448
2.26569 2.26569 0.64 0.711335 0.46448
2.38116 2.144 0.64 0.733975 0.470933
2.40711 2.40711 1 0.728518 0.408306
2.38116 2.144 0.64 0.733975 0.470933
2.52979 2.27783 1 0.754043 0.412176
2.40711 2.40711 1 0.728518 0.408306
2.40711 2.40711 1 0.728518 0.408306
2.52979 2.27783 1 0.754043 0.412176
2.54853 2.54853 1.44 0.750778 0.336881
2.52979 2.27783 1 0.754043 0.412176
2.67842 2.41166 1.44 0.780285 0.336758
2.54853 2.54853 1.44 0.750778 0.336881
2.54853 2.54853 1.44 0.750778 0.336881
2.67842 2.41166 1.44 0.780285 0.336758
2.68995 2.68995 1.96 0.779952 0.244425
2.67842 2.41166 1.44 0.780285 0.336758
2.82704 2.54548 1.96 0.815107 0.237904
2.68995 2.68995 1.96 0.779952 0.244425
2.68995 2.68995 1.96 0.779952 0.244425
2.82704 2.54548 1.96 0.815107 0.237904
2.83137 2.83137 2.56 0.819104 0.121393
2.82704 2.54548 1.96 0.815107 0.237904
2.97567 2.67931 2.56 0.862624 0.104132
2.83137 2.83137 2.56 0.819104 0.121393
0.133826 0.386803 -0 0.538955 0.997703
0.141421 0.386803 -0 0.541065 0.99757
0.267652 0.386803 -0 0.575994 0.995371
0.141421 0.386803 -0 0.541065 0.99757
0.282843 0.386803 -0 0.580178 0.995108
0.267652 0.386803 -0 0.575994 0.995371
0.267652 0.386803 -0 0.575994 0.995371
0.282843 0.386803 -0 0.580178 0.995108
0.401478 0.445887 -0 0.60487 0.949785
0.282843 0.386803 -0 0.580178 0.995108
0.424264 0.424264 -0 0.613576 0.964583
0.401478 0.445887 -0 0.60487 0.949785
0.401478 0.445887 -0 0.60487 0.949785
0.424264 0.424264 -0 0.613576 0.964583
0.535304 0.594516 -0 0.61831 0.861314
0.424264 0.424264 -0 0.613576 0.964583
0.565685 0.565685 -0 0.628627 0.875772
0.535304 0.594516 -0 0.61831 0.861314
0.535304 0.594516 -0 0.61831 0.861314
0.565685 0.565685 -0 0.628627 0.875772
0.669131 0.743145 -0 0.628323 0.795397
0.565685 0.565685 -0 0.628627 0.875772
0.707107 0.707107 -0 0.639906 0.809212
0.669131 0.743145 -0 0.628323 0.795397
0.669131 0.743145 -0 0.628323 0.795397
0.707107 0.707107 -0 0.639906 0.809212
0.802957 0.891774 -0 0.636072 0.744383
0.707107 0.707107 -0 0.639906 0.809212
0.848528 0.848528 -0 0.648675 0.757471
0.802957 0.891774 -0 0.636072 0.744383
0.802957 0.891774 -0 0.636072 0.744383
0.848528 0.848528 -0 0.648675 0.757471
0.936783 1.0404 -0 0.642247 0.703733
0.848528 0.848528 -0 0.648675 0.757471
0.98995 0.98995 -0 0.655687 0.716096
0.936783 1.0404 -0 0.642247 0.703733
0.936783 1.0404 -0 0.642247 0.703733
0.98995 0.98995 -0 0.655687 0.716096
1.07061 1.18903 -0 0.647284 0.670578
0.98995 0.98995 -0 0.655687 0.716096
1.13137 1.13137 -0 0.661422 0.682255
1.07061 1.18903 -0 0.647284 0.670578
1.07061 1.18903 -0 0.647284 0.670578
1.13137 1.13137 -0 0.661422 0.682255
1.20444 1.33766 -0 0.65147 0.643022
1.13137 1.13137 -0 0.661422 0.682255
1.27279 1.27279 -0 0.666199 0.654062
1.20444 1.33766 -0 0.65147 0.643022
1.20444 1.33766 -0 0.65147 0.643022
1.27279 1.27279 -0 0.666199 0.654062
1.33826 1.48629 -0 0.655004 0.619756
1.27279 1.27279 -0 0.666199 0.654062
1.41421 1.41421 -0 0.670241 0.630213
1.33826 1.48629 -0 0.655004 0.619756
1.33826 1.48629 -0 0.655004 0.619756
1.41421 1.41421 -0 0.670241 0.630213
1.47209 1.63492 -0 0.658028 0.59985
1.41421 1.41421 -0 0.670241 0.630213
1.55563 1.55563 -0 0.673705 0.609774
1.47209 1.63492 -0 0.658028 0.59985
1.47209 1.63492 -0 0.658028 0.59985
1.55563 1.55563 -0 0.673705 0.609774
1.74253 1.93527 0.04 0.664412 0.562755
1.55563 1.55563 -0 0.673705 0.609774
1.84142 1.84142 0.04 0.681024 0.571641
1.74253 1.93527 0.04 0.664412 0.562755
1.74253 1.93527 0.04 0.664412 0.562755
1.84142 1.84142 0.04 0.681024 0.571641
1.87635 2.0839 0.16 0.670591 0.536159
1.84142 1.84142 0.04 0.681024 0.571641
1.98284 1.98284 0.16 0.68811 0.544298
1.87635 2.0839 0.16 0.670591 0.536159
1.87635 2.0839 0.16 0.670591 0.536159
1.98284 1.98284 0.16 0.68811 0.544298
2.01018 2.23253 0.36 0.679272 0.501955
1.98284 1.98284 0.16 0.68811 0.544298
2.12426 2.12426 0.36 0.698094 0.509041
2.01018 2.23253 0.36 0.679272 0.501955
2.01018 2.23253 0.36 0.679272 0.501955
2.12426 2.12426 0.36 0.698094 0.509041
2.144 2.38116 0.64 0.690734 0.458914
2.12426 2.12426 0.36 0.698094 0.509041
2.26569 2.26569 0.64 0.711335 0.46448
2.144 2.38116 0.64 0.690734 0.458914
2.144 2.38116 0.64 0.690734 0.458914
2.26569 2.26569 0.64 0.711335 0.46448
2.27783 2.52979 1 0.705519 0.404987
2.26569 2.26569 0.64 0.711335 0.46448
2.40711 2.40711 1 0.728518 0.408306
2.27783 2.52979 1 0.705519 0.404987
2.27783 2.52979 1 0.705519 0.404987
2.40711 2.40711 1 0.728518 0.408306
2.41166 2.67842 1.44 0.724519 0.336969
2.40711 2.40711 1 0.728518 0.408306
2.54853 2.54853 1.44 0.750778 0.336881
2.41166 2.67842 1.44 0.724519 0.336969
2.41166 2.67842 1.44 0.724519 0.336969
2.54853 2.54853 1.44 0.750778 0.336881
2.54548 2.82704 1.96 0.749162 0.249847
2.54853 2.54853 1.44 0.750778 0.336881
2.68995 2.68995 1.96 0.779952 0.244425
2.54548 2.82704 1.96 0.749162 0.249847
2.54548 2.82704 1.96 0.749162 0.249847
2.68995 2.68995 1.96 0.779952 0.244425
2.67931 2.97567 2.56 0.781778 0.135521
2.68995 2.68995 1.96 0.779952 0.244425
2.83137 2.83137 2.56 0.819104 0.121393
2.67931 2.97567 2.56 0.781778 0.135521
0.125864 0.386803 -0 0.536741 0.997842
0.133826 0.386803 -0 0.538955 0.997703
0.251728 0.386803 -0 0.571603 0.995648
0.133826 0.386803 -0 0.538955 0.997703
0.267652 0.386803 -0 0.575994 0.995371
0.251728 0.386803 -0 0.571603 0.995648
0.251728 0.386803 -0 0.571603 0.995648
0.267652 0.386803 -0 0.575994 0.995371
0.377592 0.466288 -0 0.596429 0.936484
0.267652 0.386803 -0 0.575994 0.995371
0.401478 0.445887 -0 0.60487 0.949785
0.377592 0.466288 -0 0.596429 0.936484
0.377592 0.466288 -0 0.596429 0.936484
0.401478 0.445887 -0 0.60487 0.949785
0.503456 0.621717 -0 0.608395 0.8484
0.401478 0.445887 -0 0.60487 0.949785
0.535304 0.594516 -0 0.61831 0.861314
0.503456 0.621717 -0 0.608395 0.8484
0.503456 0.621717 -0 0.608395 0.8484
0.535304 0.594516 -0 0.61831 0.861314
0.62932 0.777146 -0 0.617265 0.783114
0.535304 0.594516 -0 0.61831 0.861314
0.669131 0.743145 -0 0.628323 0.795397
0.62932 0.777146 -0 0.617265 0.783114
0.62932 0.777146 -0 0.617265 0.783114
0.669131 0.743145 -0 0.628323 0.795397
0.755184 0.932575 -0 0.624102 0.732789
0.669131 0.743145 -0 0.628323 0.795397
0.802957 0.891774 -0 0.636072 0.744383
0.755184 0.932575 -0 0.624102 0.732789
0.755184 0.932575 -0 0.624102 0.732789
0.802957 0.891774 -0 0.636072 0.744383
0.881049 1.088 -0 0.629533 0.692811
0.802957 0.891774 -0 0.636072 0.744383
0.936783 1.0404 -0 0.642247 0.703733
0.881049 1.088 -0 0.629533 0.692811
0.881049 1.088 -0 0.629533 0.692811
0.936783 1.0404 -0 0.642247 0.703733
1.00691 1.24343 -0 0.633952 0.660287
0.936783 1.0404 -0 0.642247 0.703733
1.07061 1.18903 -0 0.647284 0.670578
1.00691 1.24343 -0 0.633952 0.660287
1.00691 1.24343 -0 0.633952 0.660287
1.07061 1.18903 -0 0.647284 0.670578
1.13278 1.39886 -0 0.637617 0.633309
1.07061 1.18903 -0 0.647284 0.670578
1.20444 1.33766 -0 0.65147 0.643022
1.13278 1.39886 -0 0.637617 0.633309
1.13278 1.39886 -0 0.637617 0.633309
1.20444 1.33766 -0 0.65147 0.643022
1.25864 1.55429 -0 0.640706 0.610571
1.20444 1.33766 -0 0.65147 0.643022
1.33826 1.48629 -0 0.655004 0.619756
1.25864 1.55429 -0 0.640706 0.610571
1.25864 1.55429 -0 0.640706 0.610571
1.33826 1.48629 -0 0.655004 0.619756
1.3845 1.70972 -0 0.643345 0.591145
1.33826 1.48629 -0 0.655004 0.619756
1.47209 1.63492 -0 0.658028 0.59985
1.3845 1.70972 -0 0.643345 0.591145
1.3845 1.70972 -0 0.643345 0.591145
1.47209 1.63492 -0 0.658028 0.59985
1.63885 2.02381 0.04 0.648915 0.554983
1.47209 1.63492 -0 0.658028 0.59985
1.74253 1.93527 0.04 0.664412 0.562755
1.63885 2.02381 0.04 0.648915 0.554983
1.63885 2.02381 0.04 0.648915 0.554983
1.74253 1.93527 0.04 0.664412 0.562755
1.76472 2.17924 0.16 0.654309 0.529058
1.74253 1.93527 0.04 0.664412 0.562755
1.87635 2.0839 0.16 0.670591 0.536159
1.76472 2.17924 0.16 0.654309 0.529058
1.76472 2.17924 0.16 0.654309 0.529058
1.87635 2.0839 0.16 0.670591 0.536159
1.89058 2.33467 0.36 0.66187 0.495795
1.87635 2.0839 0.16 0.670591 0.536159
2.01018 2.23253 0.36 0.679272 0.501955
1.89058 2.33467 0.36 0.66187 0.495795
1.89058 2.33467 0.36 0.66187 0.495795
2.01018 2.23253 0.36 0.679272 0.501955
2.01645 2.4901 0.64 0.671815 0.454097
2.01018 2.23253 0.36 0.679272 0.501955
2.144 2.38116 0.64 0.690734 0.458914
2.01645 2.4901 0.64 0.671815 0.454097
2.01645 2.4901 0.64 0.671815 0.454097
2.144 2.38116 0.64 0.690734 0.458914
2.14231 2.64553 1 0.684576 0.402126
2.144 2.38116 0.64 0.690734 0.458914
2.27783 2.52979 1 0.705519 0.404987
2.14231 2.64553 1 0.684576 0.402126
2.14231 2.64553 1 0.684576 0.402126
2.27783 2.52979 1 0.705519 0.404987
2.26817 2.80096 1.44 0.700865 0.337028
2.27783 2.52979 1 0.705519 0.404987
2.41166 2.67842 1.44 0.724519 0.336969
2.26817 2.80096 1.44 0.700865 0.337028
2.26817 2.80096 1.44 0.700865 0.337028
2.41166 2.67842 1.44 0.724519 0.336969
2.39404 2.95639 1.96 0.721805 0.254388
2.41166 2.67842 1.44 0.724519 0.336969
2.54548 2.82704 1.96 0.749162 0.249847
2.39404 2.95639 1.96 0.721805 0.254388
2.39404 2.95639 1.96 0.721805 0.254388
2.54548 2.82704 1.96 0.749162 0.249847
2.5199 3.11182 2.56 0.749201 0.147207
2.54548 2.82704 1.96 0.749162 0.249847
2.67931 2.97567 2.56 0.781778 0.135521
2.5199 3.11182 2.56 0.749201 0.147207
2.5199 3.11182 2.56 0.749201 0.147207
2.67931 2.97567 2.56 0.781778 0.135521
2.64577 3.26725 3.24 0.786069 0.00383861
0.117557 0.386803 -0 0.53443 0.997987
0.125864 0.386803 -0 0.536741 0.997842
0.235114 0.386803 -0 0.567017 0.995936
0.125864 0.386803 -0 0.536741 0.997842
0.251728 0.386803 -0 0.571603 0.995648
0.235114 0.386803 -0 0.567017 0.995936
0.235114 0.386803 -0 0.567017 0.995936
0.251728 0.386803 -0 0.571603 0.995648
0.352671 0.48541 -0 0.588222 0.924566
0.251728 0.386803 -0 0.571603 0.995648
0.377592 0.466288 -0 0.596429 0.936484
0.352671 0.48541 -0 0.588222 0.924566
0.352671 0.48541 -0 0.588222 0.924566
0.377592 0.466288 -0 0.596429 0.936484
0.470228 0.647214 -0 0.598835 0.836893
0.377592 0.466288 -0 0.596429 0.936484
0.503456 0.621717 -0 0.608395 0.8484
0.470228 0.647214 -0 0.598835 0.836893
0.470228 0.647214 -0 0.598835 0.836893
0.503456 0.621717 -0 0.608395 0.8484
0.587785 0.809017 -0 0.606664 0.772214
0.503456 0.621717 -0 0.608395 0.8484
0.62932 0.777146 -0 0.617265 0.783114
0.587785 0.809017 -0 0.606664 0.772214
0.587785 0.809017 -0 0.606664 0.772214
0.62932 0.777146 -0 0.617265 0.783114
0.705342 0.97082 -0 0.612678 0.722533
0.62932 0.777146 -0 0.617265 0.783114
0.755184 0.932575 -0 0.624102 0.732789
0.705342 0.97082 -0 0.612678 0.722533
0.705342 0.97082 -0 0.612678 0.722533
0.755184 0.932575 -0 0.624102 0.732789
0.822899 1.13262 -0 0.617443 0.683174
0.755184 0.932575 -0 0.624102 0.732789
0.881049 1.088 -0 0.629533 0.692811
0.822899 1.13262 -0 0.617443 0.683174
0.822899 1.13262 -0 0.617443 0.683174
0.881049 1.088 -0 0.629533 0.692811
0.940456 1.29443 -0 0.62131 0.651223
0.881049 1.088 -0 0.629533 0.692811
1.00691 1.24343 -0 0.633952 0.660287
0.940456 1.29443 -0 0.62131 0.651223
0.940456 1.29443 -0 0.62131 0.651223
1.00691 1.24343 -0 0.633952 0.660287
1.05801 1.45623 -0 0.624512 0.624769
1.00691 1.24343 -0 0.633952 0.660287
1.13278 1.39886 -0 0.637617 0.633309
1.05801 1.45623 -0 0.624512 0.624769
1.05801 1.45623 -0 0.624512 0.624769
1.13278 1.39886 -0 0.637617 0.633309
1.17557 1.61803 -0 0.627208 0.602506
1.13278 1.39886 -0 0.637617 0.633309
1.25864 1.55429 -0 0.640706 0.610571
1.17557 1.61803 -0 0.627208 0.602506
1.17557 1.61803 -0 0.627208 0.602506
1.25864 1.55429 -0 0.640706 0.610571
1.29313 1.77984 -0 0.629507 0.583511
1.25864 1.55429 -0 0.640706 0.610571
1.3845 1.70972 -0 0.643345 0.591145
1.29313 1.77984 -0 0.629507 0.583511
1.29313 1.77984 -0 0.629507 0.583511
1.3845 1.70972 -0 0.643345 0.591145
1.53069 2.10681 0.04 0.634361 0.548182
1.3845 1.70972 -0 0.643345 0.591145
1.63885 2.02381 0.04 0.648915 0.554983
1.53069 2.10681 0.04 0.634361 0.548182
1.53069 2.10681 0.04 0.634361 0.548182
1.63885 2.02381 0.04 0.648915 0.554983
1.64825 2.26862 0.16 0.639068 0.522858
1.63885 2.02381 0.04 0.648915 0.554983
1.76472 2.17924 0.16 0.654309 0.529058
1.64825 2.26862 0.16 0.639068 0.522858
1.64825 2.26862 0.16 0.639068 0.522858
1.76472 2.17924 0.16 0.654309 0.529058
1.7658 2.43042 0.36 0.645654 0.490432
1.76472 2.17924 0.16 0.654309 0.529058
1.89058 2.33467 0.36 0.66187 0.495795
1.7658 2.43042 0.36 0.645654 0.490432
1.7658 2.43042 0.36 0.645654 0.490432
1.89058 2.33467 0.36 0.66187 0.495795
1.88336 2.59222 0.64 0.65429 0.449918
1.89058 2.33467 0.36 0.66187 0.495795
2.01645 2.4901 0.64 0.671815 0.454097
1.88336 2.59222 0.64 0.65429 0.449918
1.88336 2.59222 0.64 0.65429 0.449918
2.01645 2.4901 0.64 0.671815 0.454097
2.00092 2.75403 1 0.665323 0.399652
2.01645 2.4901 0.64 0.671815 0.454097
2.14231 2.64553 1 0.684576 0.402126
2.00092 2.75403 1 0.665323 0.399652
2.00092 2.75403 1 0.665323 0.399652
2.14231 2.64553 1 0.684576 0.402126
2.11847 2.91583 1.44 0.679324 0.337061
2.14231 2.64553 1 0.684576 0.402126
2.26817 2.80096 1.44 0.700865 0.337028
2.11847 2.91583 1.44 0.679324 0.337061
2.11847 2.91583 1.44 0.679324 0.337061
2.26817 2.80096 1.44 0.700865 0.337028
2.23603 3.07763 1.96 0.697188 0.258208
2.26817 2.80096 1.44 0.700865 0.337028
2.39404 2.95639 1.96 0.721805 0.254388
2.23603 3.07763 1.96 0.697188 0.258208
2.23603 3.07763 1.96 0.697188 0.258208
2.39404 2.95639 1.96 0.721805 0.254388
2.35359 3.23944 2.56 0.720332 0.156946
2.39404 2.95639 1.96 0.721805 0.254388
2.5199 3.11182 2.56 0.749201 0.147207
2.35359 3.23944 2.56 0.720332 0.156946
2.35359 3.23944 2.56 0.720332 0.156946
2.5199 3.11182 2.56 0.749201 0.147207
2.47115 3.40124 3.24 0.751077 0.0232556
2.5199 3.11182 2.56 0.749201 0.147207
2.64577 3.26725 3.24 0.786069 0.00383861
2.47115 3.40124 3.24 0.751077 0.0232556
0.108928 0.386803 -0 0.532029 0.998139
0.117557 0.386803 -0 0.53443 0.997987
0.217856 0.386803 -0 0.562249 0.996236
0.117557 0.386803 -0 0.53443 0.997987
0.235114 0.386803 -0 0.567017 0.995936
0.217856 0.386803 -0 0.562249 0.996236
0.217856 0.386803 -0 0.562249 0.996236
0.235114 0.386803 -0 0.567017 0.995936
0.326783 0.503202 -0 0.580223 0.91393
0.235114 0.386803 -0 0.567017 0.995936
0.352671 0.48541 -0 0.588222 0.924566
0.326783 0.503202 -0 0.580223 0.91393
0.326783 0.503202 -0 0.580223 0.91393
0.352671 0.48541 -0 0.588222 0.924566
0.435711 0.670936 -0 0.589584 0.826674
0.352671 0.48541 -0 0.588222 0.924566
0.470228 0.647214 -0 0.598835 0.836893
0.435711 0.670936 -0 0.589584 0.826674
0.435711 0.670936 -0 0.589584 0.826674
0.470228 0.647214 -0 0.598835 0.836893
0.544639 0.838671 -0 0.596461 0.76257
0.470228 0.647214 -0 0.598835 0.836893
0.587785 0.809017 -0 0.606664 0.772214
0.544639 0.838671 -0 0.596461 0.76257
0.544639 0.838671 -0 0.596461 0.76257
0.587785 0.809017 -0 0.606664 0.772214
0.653567 1.0064 -0 0.601727 0.713482
0.587785 0.809017 -0 0.606664 0.772214
0.705342 0.97082 -0 0.612678 0.722533
0.653567 1.0064 -0 0.601727 0.713482
0.653567 1.0064 -0 0.601727 0.713482
0.705342 0.97082 -0 0.612678 0.722533
0.762495 1.17414 -0 0.605889 0.674688
0.705342 0.97082 -0 0.612678 0.722533
0.822899 1.13262 -0 0.617443 0.683174
0.762495 1.17414 -0 0.605889 0.674688
0.762495 1.17414 -0 0.605889 0.674688
0.822899 1.13262 -0 0.617443 0.683174
0.871422 1.34187 -0 0.609261 0.643257
0.822899 1.13262 -0 0.617443 0.683174
0.940456 1.29443 -0 0.62131 0.651223
0.871422 1.34187 -0 0.609261 0.643257
0.871422 1.34187 -0 0.609261 0.643257
0.940456 1.29443 -0 0.62131 0.651223
0.98035 1.50961 -0 0.612049 0.617274
0.940456 1.29443 -0 0.62131 0.651223
1.05801 1.45623 -0 0.624512 0.624769
0.98035 1.50961 -0 0.612049 0.617274
0.98035 1.50961 -0 0.612049 0.617274
1.05801 1.45623 -0 0.624512 0.624769
1.08928 1.67734 -0 0.614391 0.595435
1.05801 1.45623 -0 0.624512 0.624769
1.17557 1.61803 -0 0.627208 0.602506
1.08928 1.67734 -0 0.614391 0.595435
1.08928 1.67734 -0 0.614391 0.595435
1.17557 1.61803 -0 0.627208 0.602506
1.19821 1.84508 -0 0.616388 0.576823
1.17557 1.61803 -0 0.627208 0.602506
1.29313 1.77984 -0 0.629507 0.583511
1.19821 1.84508 -0 0.616388 0.576823
1.19821 1.84508 -0 0.616388 0.576823
1.29313 1.77984 -0 0.629507 0.583511
1.41833 2.18404 0.04 0.620606 0.542236
1.29313 1.77984 -0 0.629507 0.583511
1.53069 2.10681 0.04 0.634361 0.548182
1.41833 2.18404 0.04 0.620606 0.542236
1.41833 2.18404 0.04 0.620606 0.542236
1.53069 2.10681 0.04 0.634361 0.548182
1.52726 2.35177 0.16 0.624706 0.517448
1.53069 2.10681 0.04 0.634361 0.548182
1.64825 2.26862 0.16 0.639068 0.522858
1.52726 2.35177 0.16 0.624706 0.517448
1.52726 2.35177 0.16 0.624706 0.517448
1.64825 2.26862 0.16 0.639068 0.522858
1.63618 2.5195 0.36 0.630436 0.485764
1.64825 2.26862 0.16 0.639068 0.522858
1.7658 2.43042 0.36 0.645654 0.490432
1.63618 2.5195 0.36 0.630436 0.485764
1.63618 2.5195 0.36 0.630436 0.485764
1.7658 2.43042 0.36 0.645654 0.490432
1.74511 2.68724 0.64 0.637929 0.446291
1.7658 2.43042 0.36 0.645654 0.490432
1.88336 2.59222 0.64 0.65429 0.449918
1.74511 2.68724 0.64 0.637929 0.446291
1.74511 2.68724 0.64 0.637929 0.446291
1.88336 2.59222 0.64 0.65429 0.449918
1.85404 2.85497 1 0.647466 0.397507
1.88336 2.59222 0.64 0.65429 0.449918
2.00092 2.75403 1 0.665323 0.399652
1.85404 2.85497 1 0.647466 0.397507
1.85404 2.85497 1 0.647466 0.397507
2.00092 2.75403 1 0.665323 0.399652
1.96297 3.02271 1.44 0.65951 0.337072
2.00092 2.75403 1 0.665323 0.399652
2.11847 2.91583 1.44 0.679324 0.337061
1.96297 3.02271 1.44 0.65951 0.337072
1.96297 3.02271 1.44 0.65951 0.337072
2.11847 2.91583 1.44 0.679324 0.337061
2.0719 3.19044 1.96 0.674779 0.26143
2.11847 2.91583 1.44 0.679324 0.337061
2.23603 3.07763 1.96 0.697188 0.258208
2.0719 3.19044 1.96 0.674779 0.26143
2.0719 3.19044 1.96 0.674779 0.26143
2.23603 3.07763 1.96 0.697188 0.258208
2.18082 3.35817 2.56 0.694398 0.165102
2.23603 3.07763 1.96 0.697188 0.258208
2.35359 3.23944 2.56 0.720332 0.156946
2.18082 3.35817 2.56 0.694398 0.165102
2.18082 3.35817 2.56 0.694398 0.165102
2.35359 3.23944 2.56 0.720332 0.156946
2.28975 3.52591 3.24 0.720179 0.0393111
2.35359 3.23944 2.56 0.720332 0.156946
2.47115 3.40124 3.24 0.751077 0.0232556
2.28975 3.52591 3.24 0.720179 0.0393111
0.1 0.386803 -0 0.529542 0.998295
0.108928 0.386803 -0 0.532029 0.998139
0.2 0.386803 -0 0.557309 0.996547
0.108928 0.386803 -0 0.532029 0.998139
0.217856 0.386803 -0 0.562249 0.996236
0.2 0.386803 -0 0.557309 0.996547
0.2 0.386803 -0 0.557309 0.996547
0.217856 0.386803 -0 0.562249 0.996236
0.3 0.519615 -0 0.572408 0.90449
0.217856 0.386803 -0 0.562249 0.996236
0.326783 0.503202 -0 0.580223 0.91393
0.3 0.519615 -0 0.572408 0.90449
0.3 0.519615 -0 0.572408 0.90449
0.326783 0.503202 -0 0.580223 0.91393
0.4 0.69282 -0 0.580604 0.817644
0.326783 0.503202 -0 0.580223 0.91393
0.435711 0.670936 -0 0.589584 0.826674
0.4 0.69282 -0 0.580604 0.817644
0.4 0.69282 -0 0.580604 0.817644
0.435711 0.670936 -0 0.589584 0.826674
0.5 0.866025 -0 0.586603 0.754074
0.435711 0.670936 -0 0.589584 0.826674
0.544639 0.838671 -0 0.596461 0.76257
0.5 0.866025 -0 0.586603 0.754074
0.5 0.866025 -0 0.586603 0.754074
0.544639 0.838671 -0 0.596461 0.76257
0.6 1.03923 -0 0.591185 0.705529
0.544639 0.838671 -0 0.596461 0.76257
0.653567 1.0064 -0 0.601727 0.713482
0.6 1.03923 -0 0.591185 0.705529
0.6 1.03923 -0 0.591185 0.705529
0.653567 1.0064 -0 0.601727 0.713482
0.7 1.21244 -0 0.594798 0.667244
0.653567 1.0064 -0 0.601727 0.713482
0.762495 1.17414 -0 0.605889 0.674688
0.7 1.21244 -0 0.594798 0.667244
0.7 1.21244 -0 0.594798 0.667244
0.762495 1.17414 -0 0.605889 0.674688
0.8 1.38564 -0 0.59772 0.636278
0.762495 1.17414 -0 0.605889 0.674688
0.871422 1.34187 -0 0.609261 0.643257
0.8 1.38564 -0 0.59772 0.636278
0.8 1.38564 -0 0.59772 0.636278
0.871422 1.34187 -0 0.609261 0.643257
0.9 1.55885 -0 0.600132 0.610716
0.871422 1.34187 -0 0.609261 0.643257
0.98035 1.50961 -0 0.612049 0.617274
0.9 1.55885 -0 0.600132 0.610716
0.9 1.55885 -0 0.600132 0.610716
0.98035 1.50961 -0 0.612049 0.617274
1 1.73205 -0 0.602158 0.589255
0.98035 1.50961 -0 0.612049 0.617274
1.08928 1.67734 -0 0.614391 0.595435
1 1.73205 -0 0.602158 0.589255
1 1.73205 -0 0.602158 0.589255
1.08928 1.67734 -0 0.614391 0.595435
1.1 1.90526 -0 0.603882 0.570983
1.08928 1.67734 -0 0.614391 0.595435
1.19821 1.84508 -0 0.616388 0.576823
1.1 1.90526 -0 0.603882 0.570983
1.1 1.90526 -0 0.603882 0.570983
1.19821 1.84508 -0 0.616388 0.576823
1.30208 2.25527 0.04 0.607529 0.537052
1.19821 1.84508 -0 0.616388 0.576823
1.41833 2.18404 0.04 0.620606 0.542236
1.30208 2.25527 0.04 0.607529 0.537052
1.30208 2.25527 0.04 0.607529 0.537052
1.41833 2.18404 0.04 0.620606 0.542236
1.40208 2.42848 0.16 0.611088 0.512738
1.41833 2.18404 0.04 0.620606 0.542236
1.52726 2.35177 0.16 0.624706 0.517448
1.40208 2.42848 0.16 0.611088 0.512738
1.40208 2.42848 0.16 0.611088 0.512738
1.52726 2.35177 0.16 0.624706 0.517448
1.50208 2.60168 0.36 0.616057 0.481708
1.52726 2.35177 0.16 0.624706 0.517448
1.63618 2.5195 0.36 0.630436 0.485764
1.50208 2.60168 0.36 0.616057 0.481708
1.50208 2.60168 0.36 0.616057 0.481708
1.63618 2.5195 0.36 0.630436 0.485764
1.60208 2.77489 0.64 0.622541 0.443145
1.63618 2.5195 0.36 0.630436 0.485764
1.74511 2.68724 0.64 0.637929 0.446291
1.60208 2.77489 0.64 0.622541 0.443145
1.60208 2.77489 0.64 0.622541 0.443145
1.74511 2.68724 0.64 0.637929 0.446291
1.70208 2.94809 1 0.630769 0.395648
1.74511 2.68724 0.64 0.637929 0.446291
1.85404 2.85497 1 0.647466 0.397507
1.70208 2.94809 1 0.630769 0.395648
1.70208 2.94809 1 0.630769 0.395648
1.85404 2.85497 1 0.647466 0.397507
1.80208 3.1213 1.44 0.641116 0.337063
1.85404 2.85497 1 0.647466 0.397507
1.96297 3.02271 1.44 0.65951 0.337072
1.80208 3.1213 1.44 0.641116 0.337063
2.00208 3.46771 2.56 0.670811 0.171943
2.18082 3.35817 2.56 0.694398 0.165102
2.10208 3.64091 3.24 0.69249 0.0526456
2.18082 3.35817 2.56 0.694398 0.165102
2.28975 3.52591 3.24 0.720179 0.0393111
2.10208 3.64091 3.24 0.69249 0.0526456
0.0907981 0.386803 -0 0.526978 0.998456
0.1 0.386803 -0 0.529542 0.998295
0.181596 0.386803 -0 0.552212 0.996868
0.1 0.386803 -0 0.529542 0.998295
0.2 0.386803 -0 0.557309 0.996547
0.181596 0.386803 -0 0.552212 0.996868
0.181596 0.386803 -0 0.552212 0.996868
0.2 0.386803 -0 0.557309 0.996547
0.272394 0.534604 -0 0.564755 0.896174
0.2 0.386803 -0 0.557309 0.996547
0.3 0.519615 -0 0.572408 0.90449
0.272394 0.534604 -0 0.564755 0.896174
1.81785 3.56774 2.56 0.649116 0.177676
2.00208 3.46771 2.56 0.670811 0.171943
1.90865 3.74594 3.24 0.667343 0.0637323
2.00208 3.46771 2.56 0.670811 0.171943
2.10208 3.64091 3.24 0.69249 0.0526456
1.90865 3.74594 3.24 0.667343 0.0637323
0.0813473 0.386803 -0 0.524343 0.998622
0.0907981 0.386803 -0 0.526978 0.998456
0.162695 0.386803 -0 0.546971 0.997198
0.0907981 0.386803 -0 0.526978 0.998456
0.181596 0.386803 -0 0.552212 0.996868
0.162695 0.386803 -0 0.546971 0.997198
0.162695 0.386803 -0 0.546971 0.997198
0.181596 0.386803 -0 0.552212 0.996868
0.244042 0.548127 -0 0.557244 0.888917
0.181596 0.386803 -0 0.552212 0.996868
0.272394 0.534604 -0 0.564755 0.896174
0.244042 0.548127 -0 0.557244 0.888917
1.62864 3.65798 2.56 0.62895 0.182459
1.81785 3.56774 2.56 0.649116 0.177676
1.70999 3.84069 3.24 0.644221 0.072926
1.81785 3.56774 2.56 0.649116 0.177676
1.90865 3.74594 3.24 0.667343 0.0637323
1.70999 3.84069 3.24 0.644221 0.072926
0.0716736 0.386803 -0 0.521645 0.998792
0.0813473 0.386803 -0 0.524343 0.998622
0.143347 0.386803 -0 0.5416 0.997536
0.0813473 0.386803 -0 0.524343 0.998622
0.162695 0.386803 -0 0.546971 0.997198
0.143347 0.386803 -0 0.5416 0.997536
0.143347 0.386803 -0 0.5416 0.997536
0.162695 0.386803 -0 0.546971 0.997198
0.215021 0.560148 -0 0.549854 0.882665
0.162695 0.386803 -0 0.546971 0.997198
0.244042 0.548127 -0 0.557244 0.888917
0.215021 0.560148 -0 0.549854 0.882665
1.43496 3.73821 2.56 0.610021 0.186411
1.62864 3.65798 2.56 0.62895 0.182459
1.50664 3.92492 3.24 0.622718 0.0804958
1.62864 3.65798 2.56 0.62895 0.182459
1.70999 3.84069 3.24 0.644221 0.072926
1.50664 3.92492 3.24 0.622718 0.0804958
0.0618034 0.386803 -0 0.518889 0.998966
0.0716736 0.386803 -0 0.521645 0.998792
0.123607 0.386803 -0 0.536113 0.997881
0.0716736 0.386803 -0 0.521645 0.998792
0.143347 0.386803 -0 0.5416 0.997536
0.123607 0.386803 -0 0.536113 0.997881
0.123607 0.386803 -0 0.536113 0.997881
0.143347 0.386803 -0 0.5416 0.997536
0.18541 0.570634 -0 0.542568 0.877374
0.143347 0.386803 -0 0.5416 0.997536
0.215021 0.560148 -0 0.549854 0.882665
0.18541 0.570634 -0 0.542568 0.877374
1.23735 3.80819 2.56 0.592088 0.189629
1.43496 3.73821 2.56 0.610021 0.186411
1.29916 3.9984 3.24 0.602506 0.0866466
1.43496 3.73821 2.56 0.610021 0.186411
1.50664 3.92492 3.24 0.622718 0.0804958
1.29916 3.9984 3.24 0.602506 0.0866466
0.0517638 0.386803 -0 0.516085 0.999142
0.0618034 0.386803 -0 0.518889 0.998966
0.103528 0.386803 -0 0.530525 0.998233
0.0618034 0.386803 -0 0.518889 0.998966
0.123607 0.386803 -0 0.536113 0.997881
0.103528 0.386803 -0 0.530525 0.998233
0.103528 0.386803 -0 0.530525 0.998233
0.123607 0.386803 -0 0.536113 0.997881
0.155291 0.579556 -0 0.53537 0.873006
0.123607 0.386803 -0 0.536113 0.997881
0.18541 0.570634 -0 0.542568 0.877374
0.155291 0.579556 -0 0.53537 0.873006
1.03635 3.86772 2.56 0.574947 0.192183
1.23735 3.80819 2.56 0.592088 0.189629
1.08812 4.06091 3.24 0.583311 0.0915348
1.23735 3.80819 2.56 0.592088 0.189629
1.29916 3.9984 3.24 0.602506 0.0866466
1.08812 4.06091 3.24 0.583311 0.0915348
0.0415823 0.386803 -0 0.513239 0.999219
0.0517638 0.386803 -0 0.516085 0.999142
0.0831647 0.391259 -0 0.524687 0.995048
0.0517638 0.386803 -0 0.516085 0.999142
0.103528 0.386803 -0 0.530525 0.998233
0.0831647 0.391259 -0 0.524687 0.995048
0.0831647 0.391259 -0 0.524687 0.995048
0.103528 0.386803 -0 0.530525 0.998233
0.124747 0.586889 -0 0.528243 0.869529
0.103528 0.386803 -0 0.530525 0.998233
0.155291 0.579556 -0 0.53537 0.873006
0.124747 0.586889 -0 0.528243 0.869529
0.832512 3.91666 2.56 0.558424 0.194129
1.03635 3.86772 2.56 0.574947 0.192183
0.874095 4.11229 3.24 0.564904 0.0952782
1.03635 3.86772 2.56 0.574947 0.192183
1.08812 4.06091 3.24 0.583311 0.0915348
0.874095 4.11229 3.24 0.564904 0.0952782
0.0312869 0.386803 -0 0.51036 0.999219
0.0415823 0.386803 -0 0.513239 0.999219
0.0625738 0.395075 -0 0.51886 0.992398
0.0415823 0.386803 -0 0.513239 0.999219
0.0831647 0.391259 -0 0.524687 0.995048
0.0625738 0.395075 -0 0.51886 0.992398
0.0625738 0.395075 -0 0.51886 0.992398
0.0831647 0.391259 -0 0.524687 0.995048
0.0938607 0.592613 -0 0.521172 0.866922
0.0831647 0.391259 -0 0.524687 0.995048
0.124747 0.586889 -0 0.528243 0.869529
0.0938607 0.592613 -0 0.521172 0.866922
0.626389 3.95487 2.56 0.542363 0.195508
0.832512 3.91666 2.56 0.558424 0.194129
0.657676 4.1524 3.24 0.547085 0.0979633
0.832512 3.91666 2.56 0.558424 0.194129
0.874095 4.11229 3.24 0.564904 0.0952782
0.657676 4.1524 3.24 0.547085 0.0979633
0.0312869 0.386803 -0 0.51036 0.999219
0.0625738 0.395075 -0 0.51886 0.992398
0.0418114 0.397809 -0 0.513056 0.990616
0.0418114 0.397809 -0 0.513056 0.990616
0.0625738 0.395075 -0 0.51886 0.992398
0.0627171 0.596713 -0 0.514142 0.865164
0.0625738 0.395075 -0 0.51886 0.992398
0.0938607 0.592613 -0 0.521172 0.866922
0.0627171 0.596713 -0 0.514142 0.865164
0.418549 3.98223 2.56 0.526625 0.196349
0.626389 3.95487 2.56 0.542363 0.195508
0.439455 4.18113 3.24 0.529675 0.0996512
0.626389 3.95487 2.56 0.542363 0.195508
0.657676 4.1524 3.24 0.547085 0.0979633
0.439455 4.18113 3.24 0.529675 0.0996512
0.0209344 0.399452 -0 0.507267 0.989692
0.0418114 0.397809 -0 0.513056 0.990616
0.0314016 0.599178 -0 0.507138 0.864246
0.0418114 0.397809 -0 0.513056 0.990616
0.0627171 0.596713 -0 0.514142 0.865164
0.0314016 0.599178 -0 0.507138 0.864246
0.209562 3.99868 2.56 0.511082 0.196669
0.418549 3.98223 2.56 0.526625 0.196349
0.220029 4.1984 3.24 0.512511 0.10038
0.418549 3.98223 2.56 0.526625 0.196349
0.439455 4.18113 3.24 0.529675 0.0996512
0.220029 4.1984 3.24 0.512511 0.10038
2.44929e-17 0.4 -0 0.501486 0.989622
0.0209344 0.399452 -0 0.507267 0.989692
3.67394e-17 0.6 -0 0.500147 0.864162
0.0209344 0.399452 -0 0.507267 0.989692
0.0314016 0.599178 -0 0.507138 0.864246
3.67394e-17 0.6 -0 0.500147 0.864162
2.45184e-16 4.00416 2.56 0.495608 0.196477
0.209562 3.99868 2.56 0.511082 0.196669
2.57431e-16 4.20416 3.24 0.495436 0.100167
0.209562 3.99868 2.56 0.511082 0.196669
0.220029 4.1984 3.24 0.512511 0.10038
2.57431e-16 4.20416 3.24 0.495436 0.100167
-0.0209344 0.399452 -0 0.495707 0.990406
2.44929e-17 0.4 -0 0.501486 0.989622
-0.0314016 0.599178 -0 0.493152 0.86491
2.44929e-17 0.4 -0 0.501486 0.989622
3.67394e-17 0.6 -0 0.500147 0.864162
-0.0314016 0.599178 -0 0.493152 0.86491
-0.209562 3.99868 2.56 0.480084 0.195771
2.45184e-16 4.00416 2.56 0.495608 0.196477
-0.220029 4.1984 3.24 0.478297 0.0990108
2.45184e-16 4.00416 2.56 0.495608 0.196477
2.57431e-16 4.20416 3.24 0.495436 0.100167
-0.220029 4.1984 3.24 0.478297 0.0990108
-0.0418114 0.397809 -0 0.489923 0.992049
-0.0209344 0.399452 -0 0.495707 0.990406
-0.0627171 0.596713 -0 0.486142 0.866497
-0.0209344 0.399452 -0 0.495707 0.990406
-0.0314016 0.599178 -0 0.493152 0.86491
-0.0627171 0.596713 -0 0.486142 0.866497
-0.418549 3.98223 2.56 0.464385 0.194539
-0.209562 3.99868 2.56 0.480084 0.195771
-0.439455 4.18113 3.24 0.46094 0.0968895
-0.209562 3.99868 2.56 0.480084 0.195771
-0.220029 4.1984 3.24 0.478297 0.0990108
-0.439455 4.18113 3.24 0.46094 0.0968895
-0.0625738 0.395075 -0 0.484125 0.994558
-0.0418114 0.397809 -0 0.489923 0.992049
-0.0938607 0.592613 -0 0.4791 0.868934
-0.0418114 0.397809 -0 0.489923 0.992049
-0.0627171 0.596713 -0 0.486142 0.866497
-0.0938607 0.592613 -0 0.4791 0.868934
-0.626389 3.95487 2.56 0.448383 0.192762
-0.418549 3.98223 2.56 0.464385 0.194539
-0.657676 4.1524 3.24 0.4432 0.0937608
-0.418549 3.98223 2.56 0.464385 0.194539
-0.439455 4.18113 3.24 0.46094 0.0968895
-0.657676 4.1524 3.24 0.4432 0.0937608
-0.0831647 0.391259 -0 0.478309 0.997948
-0.0625738 0.395075 -0 0.484125 0.994558
-0.124747 0.586889 -0 0.472012 0.872238
-0.0625738 0.395075 -0 0.484125 0.994558
-0.0938607 0.592613 -0 0.4791 0.868934
-0.124747 0.586889 -0 0.472012 0.872238
-0.832512 3.91666 2.56 0.431939 0.190406
-0.626389 3.95487 2.56 0.448383 0.192762
-0.874095 4.11229 3.24 0.424902 0.0895596
-0.626389 3.95487 2.56 0.448383 0.192762
-0.657676 4.1524 3.24 0.4432 0.0937608
-0.874095 4.11229 3.24 0.424902 0.0895596
-0.0831647 0.391259 -0 0.478309 0.997948
-0.124747 0.586889 -0 0.472012 0.872238
-0.155291 0.579556 -0 0.464864 0.876432
-1.03635 3.86772 2.56 0.414901 0.187427
-0.832512 3.91666 2.56 0.431939 0.190406
-1.08812 4.06091 3.24 0.405849 0.084194
-0.832512 3.91666 2.56 0.431939 0.190406
-0.874095 4.11229 3.24 0.424902 0.0895596
-1.08812 4.06091 3.24 0.405849 0.084194
-1.23735 3.80819 2.56 0.397095 0.183765
-1.03635 3.86772 2.56 0.414901 0.187427
-1.29916 3.9984 3.24 0.385811 0.0775405
-1.03635 3.86772 2.56 0.414901 0.187427
-1.08812 4.06091 3.24 0.405849 0.084194
-1.29916 3.9984 3.24 0.385811 0.0775405
-1.43496 3.73821 2.56 0.378322 0.179344
-1.23735 3.80819 2.56 0.397095 0.183765
-1.50664 3.92492 3.24 0.364524 0.069436
-1.23735 3.80819 2.56 0.397095 0.183765
-1.29916 3.9984 3.24 0.385811 0.0775405
-1.50664 3.92492 3.24 0.364524 0.069436
-1.62864 3.65798 2.56 0.358343 0.174062
-1.43496 3.73821 2.56 0.378322 0.179344
-1.70999 3.84069 3.24 0.341662 0.0596672
-1.43496 3.73821 2.56 0.378322 0.179344
-1.50664 3.92492 3.24 0.364524 0.069436
-1.70999 3.84069 3.24 0.341662 0.0596672
-0.272394 0.534604 -0 0.435334 0.902831
-0.244042 0.548127 -0 0.442892 0.894698
-0.363192 0.712805 -0 0.42612 0.815768
-0.244042 0.548127 -0 0.442892 0.894698
-0.325389 0.730836 -0 0.434773 0.808053
-0.363192 0.712805 -0 0.42612 0.815768
-0.363192 0.712805 -0 0.42612 0.815768
-0.325389 0.730836 -0 0.434773 0.808053
-0.453991 0.891007 -0 0.419375 0.752038
-0.325389 0.730836 -0 0.434773 0.808053
-0.406737 0.913545 -0 0.42885 0.744833
-0.453991 0.891007 -0 0.419375 0.752038
-0.453991 0.891007 -0 0.419375 0.752038
-0.406737 0.913545 -0 0.42885 0.744833
-0.544789 1.06921 -0 0.414225 0.70337
-0.406737 0.913545 -0 0.42885 0.744833
-0.488084 1.09625 -0 0.424337 0.696669
-0.544789 1.06921 -0 0.414225 0.70337
-0.544789 1.06921 -0 0.414225 0.70337
-0.488084 1.09625 -0 0.424337 0.696669
-0.635587 1.24741 -0 0.410163 0.664989
-0.488084 1.09625 -0 0.424337 0.696669
-0.569431 1.27896 -0 0.420785 0.658756
-0.635587 1.24741 -0 0.410163 0.664989
-0.635587 1.24741 -0 0.410163 0.664989
-0.569431 1.27896 -0 0.420785 0.658756
-0.726385 1.42561 -0 0.406877 0.633945
-0.569431 1.27896 -0 0.420785 0.658756
-0.650779 1.46167 -0 0.417916 0.628136
-0.726385 1.42561 -0 0.406877 0.633945
-0.726385 1.42561 -0 0.406877 0.633945
-0.650779 1.46167 -0 0.417916 0.628136
-0.817183 1.60381 -0 0.404165 0.608317
-0.650779 1.46167 -0 0.417916 0.628136
-0.732126 1.64438 -0 0.415551 0.602888
-0.817183 1.60381 -0 0.404165 0.608317
-0.817183 1.60381 -0 0.404165 0.608317
-0.732126 1.64438 -0 0.415551 0.602888
-0.907981 1.78201 -0 0.401888 0.586802
-0.732126 1.64438 -0 0.415551 0.602888
-0.813473 1.82709 -0 0.413567 0.581714
-0.907981 1.78201 -0 0.401888 0.586802
-0.907981 1.78201 -0 0.401888 0.586802
-0.813473 1.82709 -0 0.413567 0.581714
-0.998779 1.96021 -0 0.399949 0.568483
-0.813473 1.82709 -0 0.413567 0.581714
-0.894821 2.0098 -0 0.411879 0.5637
-0.998779 1.96021 -0 0.399949 0.568483
-0.998779 1.96021 -0 0.399949 0.568483
-0.894821 2.0098 -0 0.411879 0.5637
-1.18227 2.32033 0.04 0.396033 0.534457
-0.894821 2.0098 -0 0.411879 0.5637
-1.05921 2.37902 0.04 0.408483 0.530263
-1.18227 2.32033 0.04 0.396033 0.534457
-1.18227 2.32033 0.04 0.396033 0.534457
-1.05921 2.37902 0.04 0.408483 0.530263
-1.27306 2.49853 0.16 0.392558 0.510054
-1.05921 2.37902 0.04 0.408483 0.530263
-1.14056 2.56173 0.16 0.405493 0.506288
-1.27306 2.49853 0.16 0.392558 0.510054
-1.27306 2.49853 0.16 0.392558 0.510054
-1.14056 2.56173 0.16 0.405493 0.506288
-1.36386 2.67673 0.36 0.38782 0.478901
-1.14056 2.56173 0.16 0.405493 0.506288
-1.2219 2.74444 0.36 0.40143 0.475724
-1.36386 2.67673 0.36 0.38782 0.478901
-1.36386 2.67673 0.36 0.38782 0.478901
-1.2219 2.74444 0.36 0.40143 0.475724
-1.45466 2.85493 0.64 0.381713 0.440179
-1.2219 2.74444 0.36 0.40143 0.475724
-1.30325 2.92715 0.64 0.39621 0.437816
-1.45466 2.85493 0.64 0.381713 0.440179
-1.45466 2.85493 0.64 0.381713 0.440179
-1.30325 2.92715 0.64 0.39621 0.437816
-1.54546 3.03313 1 0.374019 0.392481
-1.81785 3.56774 2.56 0.336869 0.167791
-1.62864 3.65798 2.56 0.358343 0.174062
-1.90865 3.74594 3.24 0.316826 0.0479547
-1.62864 3.65798 2.56 0.358343 0.174062
-1.70999 3.84069 3.24 0.341662 0.0596672
-1.90865 3.74594 3.24 0.316826 0.0479547
-0.3 0.519615 -0 0.427628 0.912083
-0.272394 0.534604 -0 0.435334 0.902831
-0.4 0.69282 -0 0.417243 0.824581
-0.272394 0.534604 -0 0.435334 0.902831
-0.363192 0.712805 -0 0.42612 0.815768
-0.4 0.69282 -0 0.417243 0.824581
-0.4 0.69282 -0 0.417243 0.824581
-0.363192 0.712805 -0 0.42612 0.815768
-0.5 0.866025 -0 0.409614 0.760296
-0.363192 0.712805 -0 0.42612 0.815768
-0.453991 0.891007 -0 0.419375 0.752038
-0.5 0.866025 -0 0.409614 0.760296
-0.5 0.866025 -0 0.409614 0.760296
-0.453991 0.891007 -0 0.419375 0.752038
-0.6 1.03923 -0 0.403772 0.711068
-0.453991 0.891007 -0 0.419375 0.752038
-0.544789 1.06921 -0 0.414225 0.70337
-0.6 1.03923 -0 0.403772 0.711068
-0.6 1.03923 -0 0.403772 0.711068
-0.544789 1.06921 -0 0.414225 0.70337
-0.7 1.21244 -0 0.399155 0.672163
-0.544789 1.06921 -0 0.414225 0.70337
-0.635587 1.24741 -0 0.410163 0.664989
-0.7 1.21244 -0 0.399155 0.672163
-0.7 1.21244 -0 0.399155 0.672163
-0.635587 1.24741 -0 0.410163 0.664989
-0.8 1.38564 -0 0.395414 0.640642
-0.635587 1.24741 -0 0.410163 0.664989
-0.726385 1.42561 -0 0.406877 0.633945
-0.8 1.38564 -0 0.395414 0.640642
-0.8 1.38564 -0 0.395414 0.640642
-0.726385 1.42561 -0 0.406877 0.633945
-0.9 1.55885 -0 0.392321 0.614585
-0.726385 1.42561 -0 0.406877 0.633945
-0.817183 1.60381 -0 0.404165 0.608317
-0.9 1.55885 -0 0.392321 0.614585
-0.9 1.55885 -0 0.392321 0.614585
-0.817183 1.60381 -0 0.404165 0.608317
-1 1.73205 -0 0.389722 0.592684
-0.817183 1.60381 -0 0.404165 0.608317
-0.907981 1.78201 -0 0.401888 0.586802
-1 1.73205 -0 0.389722 0.592684
-1 1.73205 -0 0.389722 0.592684
-0.907981 1.78201 -0 0.401888 0.586802
-1.1 1.90526 -0 0.387507 0.574018
-0.907981 1.78201 -0 0.401888 0.586802
-0.998779 1.96021 -0 0.399949 0.568483
-1.1 1.90526 -0 0.387507 0.574018
-1.1 1.90526 -0 0.387507 0.574018
-0.998779 1.96021 -0 0.399949 0.568483
-1.30208 2.25527 0.04 0.383017 0.539321
-0.998779 1.96021 -0 0.399949 0.568483
-1.18227 2.32033 0.04 0.396033 0.534457
-1.30208 2.25527 0.04 0.383017 0.539321
-1.30208 2.25527 0.04 0.383017 0.539321
-1.18227 2.32033 0.04 0.396033 0.534457
-1.40208 2.42848 0.16 0.379003 0.514431
-1.18227 2.32033 0.04 0.396033 0.534457
-1.27306 2.49853 0.16 0.392558 0.510054
-1.40208 2.42848 0.16 0.379003 0.514431
-1.40208 2.42848 0.16 0.379003 0.514431
-1.27306 2.49853 0.16 0.392558 0.510054
-1.50208 2.60168 0.36 0.373514 0.482605
-1.27306 2.49853 0.16 0.392558 0.510054
-1.36386 2.67673 0.36 0.38782 0.478901
-1.50208 2.60168 0.36 0.373514 0.482605
-1.50208 2.60168 0.36 0.373514 0.482605
-1.36386 2.67673 0.36 0.38782 0.478901
-1.60208 2.77489 0.64 0.366413 0.442948
-1.36386 2.67673 0.36 0.38782 0.478901
-1.45466 2.85493 0.64 0.381713 0.440179
-1.60208 2.77489 0.64 0.366413 0.442948
-1.60208 2.77489 0.64 0.366413 0.442948
-1.45466 2.85493 0.64 0.381713 0.440179
-1.70208 2.94809 1 0.357433 0.39393
-1.45466 2.85493 0.64 0.381713 0.440179
-1.54546 3.03313 1 0.374019 0.392481
-1.70208 2.94809 1 0.357433 0.39393
-1.70208 2.94809 1 0.357433 0.39393
-1.54546 3.03313 1 0.374019 0.392481
-1.80208 3.1213 1.44 0.346139 0.333198
-1.54546 3.03313 1 0.374019 0.392481
-1.63626 3.21133 1.44 0.36439 0.333642
-1.80208 3.1213 1.44 0.346139 0.333198
-1.80208 3.1213 1.44 0.346139 0.333198
-1.63626 3.21133 1.44 0.36439 0.333642
-1.90208 3.2945 1.96 0.33186 0.25718
-1.63626 3.21133 1.44 0.36439 0.333642
-1.72705 3.38953 1.96 0.352284 0.260404
-1.90208 3.2945 1.96 0.33186 0.25718
-1.90208 3.2945 1.96 0.33186 0.25718
-1.72705 3.38953 1.96 0.352284 0.260404
-2.00208 3.46771 2.56 0.313546 0.160365
-1.72705 3.38953 1.96 0.352284 0.260404
-1.81785 3.56774 2.56 0.336869 0.167791
-2.00208 3.46771 2.56 0.313546 0.160365
-2.00208 3.46771 2.56 0.313546 0.160365
-1.81785 3.56774 2.56 0.336869 0.167791
-2.10208 3.64091 3.24 0.289511 0.0339308
-1.81785 3.56774 2.56 0.336869 0.167791
-1.90865 3.74594 3.24 0.316826 0.0479547
-2.10208 3.64091 3.24 0.289511 0.0339308
-0.326783 0.503202 -0 0.419751 0.922527
-0.3 0.519615 -0 0.427628 0.912083
-0.435711 0.670936 -0 0.408109 0.834577
-0.3 0.519615 -0 0.427628 0.912083
-0.4 0.69282 -0 0.417243 0.824581
-0.435711 0.670936 -0 0.408109 0.834577
-0.435711 0.670936 -0 0.408109 0.834577
-0.4 0.69282 -0 0.417243 0.824581
-0.544639 0.838671 -0 0.39952 0.769694
-0.4 0.69282 -0 0.417243 0.824581
-0.5 0.866025 -0 0.409614 0.760296
-0.544639 0.838671 -0 0.39952 0.769694
-0.544639 0.838671 -0 0.39952 0.769694
-0.5 0.866025 -0 0.409614 0.760296
-0.653567 1.0064 -0 0.392923 0.719854
-0.5 0.866025 -0 0.409614 0.760296
-0.6 1.03923 -0 0.403772 0.711068
-0.653567 1.0064 -0 0.392923 0.719854
-0.653567 1.0064 -0 0.392923 0.719854
-0.6 1.03923 -0 0.403772 0.711068
-0.762495 1.17414 -0 0.387697 0.680369
-0.6 1.03923 -0 0.403772 0.711068
-0.7 1.21244 -0 0.399155 0.672163
-0.762495 1.17414 -0 0.387697 0.680369
-0.762495 1.17414 -0 0.387697 0.680369
-0.7 1.21244 -0 0.399155 0.672163
-0.871422 1.34187 -0 0.383454 0.648316
-0.7 1.21244 -0 0.399155 0.672163
-0.8 1.38564 -0 0.395414 0.640642
-0.871422 1.34187 -0 0.383454 0.648316
-0.871422 1.34187 -0 0.383454 0.648316
-0.8 1.38564 -0 0.395414 0.640642
-0.98035 1.50961 -0 0.379941 0.621777
-0.8 1.38564 -0 0.395414 0.640642
-0.9 1.55885 -0 0.392321 0.614585
-0.98035 1.50961 -0 0.379941 0.621777
-0.98035 1.50961 -0 0.379941 0.621777
-0.9 1.55885 -0 0.392321 0.614585
-1.08928 1.67734 -0 0.376984 0.599443
-0.9 1.55885 -0 0.392321 0.614585
-1 1.73205 -0 0.389722 0.592684
-1.08928 1.67734 -0 0.376984 0.599443
-1.08928 1.67734 -0 0.376984 0.599443
-1 1.73205 -0 0.389722 0.592684
-1.19821 1.84508 -0 0.374462 0.580386
-1 1.73205 -0 0.389722 0.592684
-1.1 1.90526 -0 0.387507 0.574018
-1.19821 1.84508 -0 0.374462 0.580386
-1.19821 1.84508 -0 0.374462 0.580386
-1.1 1.90526 -0 0.387507 0.574018
-1.41833 2.18404 0.04 0.36933 0.544931
-1.1 1.90526 -0 0.387507 0.574018
-1.30208 2.25527 0.04 0.383017 0.539321
-1.41833 2.18404 0.04 0.36933 0.544931
-1.41833 2.18404 0.04 0.36933 0.544931
-1.30208 2.25527 0.04 0.383017 0.539321
-1.52726 2.35177 0.16 0.364715 0.519489
-1.30208 2.25527 0.04 0.383017 0.539321
-1.40208 2.42848 0.16 0.379003 0.514431
-1.52726 2.35177 0.16 0.364715 0.519489
-1.52726 2.35177 0.16 0.364715 0.519489
-1.40208 2.42848 0.16 0.379003 0.514431
-1.63618 2.5195 0.36 0.35838 0.486901
-1.40208 2.42848 0.16 0.379003 0.514431
-1.50208 2.60168 0.36 0.373514 0.482605
-1.63618 2.5195 0.36 0.35838 0.486901
-1.63618 2.5195 0.36 0.35838 0.486901
-1.50208 2.60168 0.36 0.373514 0.482605
-1.74511 2.68724 0.64 0.350154 0.446174
-1.50208 2.60168 0.36 0.373514 0.482605
-1.60208 2.77489 0.64 0.366413 0.442948
-1.74511 2.68724 0.64 0.350154 0.446174
-1.74511 2.68724 0.64 0.350154 0.446174
-1.60208 2.77489 0.64 0.366413 0.442948
-1.85404 2.85497 1 0.339705 0.395636
-1.60208 2.77489 0.64 0.366413 0.442948
-1.70208 2.94809 1 0.357433 0.39393
-1.85404 2.85497 1 0.339705 0.395636
-1.85404 2.85497 1 0.339705 0.395636
-1.70208 2.94809 1 0.357433 0.39393
-1.96297 3.02271 1.44 0.326493 0.332699
-1.70208 2.94809 1 0.357433 0.39393
-1.80208 3.1213 1.44 0.346139 0.333198
-1.96297 3.02271 1.44 0.326493 0.332699
-1.96297 3.02271 1.44 0.326493 0.332699
-1.80208 3.1213 1.44 0.346139 0.333198
-2.0719 3.19044 1.96 0.309677 0.253405
-1.80208 3.1213 1.44 0.346139 0.333198
-1.90208 3.2945 1.96 0.33186 0.25718
-2.0719 3.19044 1.96 0.309677 0.253405
-2.0719 3.19044 1.96 0.309677 0.253405
-1.90208 3.2945 1.96 0.33186 0.25718
-2.18082 3.35817 2.56 0.287925 0.151567
-1.90208 3.2945 1.96 0.33186 0.25718
-2.00208 3.46771 2.56 0.313546 0.160365
-2.18082 3.35817 2.56 0.287925 0.151567
-2.18082 3.35817 2.56 0.287925 0.151567
-2.00208 3.46771 2.56 0.313546 0.160365
-2.28975 3.52591 3.24 0.259062 0.0171053
-2.00208 3.46771 2.56 0.313546 0.160365
-2.10208 3.64091 3.24 0.289511 0.0339308
-2.28975 3.52591 3.24 0.259062 0.0171053
-0.352671 0.48541 -0 0.411681 0.93425
-0.326783 0.503202 -0 0.419751 0.922527
-0.470228 0.647214 -0 0.39868 0.845856
-0.326783 0.503202 -0 0.419751 0.922527
-0.435711 0.670936 -0 0.408109 0.834577
-0.470228 0.647214 -0 0.39868 0.845856
-0.470228 0.647214 -0 0.39868 0.845856
-0.435711 0.670936 -0 0.408109 0.834577
-0.587785 0.809017 -0 0.389044 0.780338
-0.435711 0.670936 -0 0.408109 0.834577
-0.544639 0.838671 -0 0.39952 0.769694
-0.587785 0.809017 -0 0.389044 0.780338
-0.587785 0.809017 -0 0.389044 0.780338
-0.544639 0.838671 -0 0.39952 0.769694
-0.705342 0.97082 -0 0.381616 0.729834
-0.544639 0.838671 -0 0.39952 0.769694
-0.653567 1.0064 -0 0.392923 0.719854
-0.705342 0.97082 -0 0.381616 0.729834
-0.705342 0.97082 -0 0.381616 0.729834
-0.653567 1.0064 -0 0.392923 0.719854
-0.822899 1.13262 -0 0.375715 0.689714
-0.653567 1.0064 -0 0.392923 0.719854
-0.762495 1.17414 -0 0.387697 0.680369
-0.822899 1.13262 -0 0.375715 0.689714
-0.822899 1.13262 -0 0.375715 0.689714
-0.762495 1.17414 -0 0.387697 0.680369
-0.940456 1.29443 -0 0.370914 0.657073
-0.762495 1.17414 -0 0.387697 0.680369
-0.871422 1.34187 -0 0.383454 0.648316
-0.940456 1.29443 -0 0.370914 0.657073
-0.940456 1.29443 -0 0.370914 0.657073
-0.871422 1.34187 -0 0.383454 0.648316
-1.05801 1.45623 -0 0.366932 0.629999
-0.871422 1.34187 -0 0.383454 0.648316
-0.98035 1.50961 -0 0.379941 0.621777
-1.05801 1.45623 -0 0.366932 0.629999
-1.05801 1.45623 -0 0.366932 0.629999
-0.98035 1.50961 -0 0.379941 0.621777
-1.17557 1.61803 -0 0.363575 0.607179
-0.98035 1.50961 -0 0.379941 0.621777
-1.08928 1.67734 -0 0.376984 0.599443
-1.17557 1.61803 -0 0.363575 0.607179
-1.17557 1.61803 -0 0.363575 0.607179
-1.08928 1.67734 -0 0.376984 0.599443
-1.29313 1.77984 -0 0.360708 0.587684
-1.08928 1.67734 -0 0.376984 0.599443
-1.19821 1.84508 -0 0.374462 0.580386
-1.29313 1.77984 -0 0.360708 0.587684
-1.29313 1.77984 -0 0.360708 0.587684
-1.19821 1.84508 -0 0.374462 0.580386
-1.53069 2.10681 0.04 0.354854 0.551376
-1.19821 1.84508 -0 0.374462 0.580386
-1.41833 2.18404 0.04 0.36933 0.544931
-1.53069 2.10681 0.04 0.354854 0.551376
-1.53069 2.10681 0.04 0.354854 0.551376
-1.41833 2.18404 0.04 0.36933 0.544931
-1.64825 2.26862 0.16 0.349558 0.525317
-1.41833 2.18404 0.04 0.36933 0.544931
-1.52726 2.35177 0.16 0.364715 0.519489
-1.64825 2.26862 0.16 0.349558 0.525317
-1.64825 2.26862 0.16 0.349558 0.525317
-1.52726 2.35177 0.16 0.364715 0.519489
-1.7658 2.43042 0.36 0.342261 0.491867
-1.52726 2.35177 0.16 0.364715 0.519489
-1.63618 2.5195 0.36 0.35838 0.486901
-1.7658 2.43042 0.36 0.342261 0.491867
-1.7658 2.43042 0.36 0.342261 0.491867
-1.63618 2.5195 0.36 0.35838 0.486901
-1.88336 2.59222 0.64 0.332747 0.449923
-1.63618 2.5195 0.36 0.35838 0.486901
-1.74511 2.68724 0.64 0.350154 0.446174
-1.88336 2.59222 0.64 0.332747 0.449923
-1.88336 2.59222 0.64 0.332747 0.449923
-1.74511 2.68724 0.64 0.350154 0.446174
-2.00092 2.75403 1 0.320601 0.397638
-1.74511 2.68724 0.64 0.350154 0.446174
-1.85404 2.85497 1 0.339705 0.395636
-2.00092 2.75403 1 0.320601 0.397638
-2.00092 2.75403 1 0.320601 0.397638
-1.85404 2.85497 1 0.339705 0.395636
-2.11847 2.91583 1.44 0.305148 0.332136
-1.85404 2.85497 1 0.339705 0.395636
-1.96297 3.02271 1.44 0.326493 0.332699
-2.11847 2.91583 1.44 0.305148 0.332136
-2.11847 2.91583 1.44 0.305148 0.332136
-1.96297 3.02271 1.44 0.326493 0.332699
-2.23603 3.07763 1.96 0.285325 0.248977
-1.96297 3.02271 1.44 0.326493 0.332699
-2.0719 3.19044 1.96 0.309677 0.253405
-2.23603 3.07763 1.96 0.285325 0.248977
-2.23603 3.07763 1.96 0.285325 0.248977
-2.0719 3.19044 1.96 0.309677 0.253405
-2.35359 3.23944 2.56 0.259428 0.141112
-2.0719 3.19044 1.96 0.309677 0.253405
-2.18082 3.35817 2.56 0.287925 0.151567
-2.35359 3.23944 2.56 0.259428 0.141112
-0.377592 0.466288 -0 0.403393 0.947349
-0.352671 0.48541 -0 0.411681 0.93425
-0.503456 0.621717 -0 0.388914 0.858532
-0.352671 0.48541 -0 0.411681 0.93425
-0.470228 0.647214 -0 0.39868 0.845856
-0.503456 0.621717 -0 0.388914 0.858532
-0.503456 0.621717 -0 0.388914 0.858532
-0.470228 0.647214 -0 0.39868 0.845856
-0.62932 0.777146 -0 0.378126 0.792355
-0.470228 0.647214 -0 0.39868 0.845856
-0.587785 0.809017 -0 0.389044 0.780338
-0.62932 0.777146 -0 0.378126 0.792355
-0.62932 0.777146 -0 0.378126 0.792355
-0.587785 0.809017 -0 0.389044 0.780338
-0.755184 0.932575 -0 0.369777 0.74114
-0.587785 0.809017 -0 0.389044 0.780338
-0.705342 0.97082 -0 0.381616 0.729834
-0.755184 0.932575 -0 0.369777 0.74114
-0.755184 0.932575 -0 0.369777 0.74114
-0.705342 0.97082 -0 0.381616 0.729834
-0.881049 1.088 -0 0.363123 0.700328
-0.705342 0.97082 -0 0.381616 0.729834
-0.822899 1.13262 -0 0.375715 0.689714
-0.881049 1.088 -0 0.363123 0.700328
-0.881049 1.088 -0 0.363123 0.700328
-0.822899 1.13262 -0 0.375715 0.689714
-1.00691 1.24343 -0 0.357697 0.667041
-0.822899 1.13262 -0 0.375715 0.689714
-0.940456 1.29443 -0 0.370914 0.657073
-1.00691 1.24343 -0 0.357697 0.667041
-1.00691 1.24343 -0 0.357697 0.667041
-0.940456 1.29443 -0 0.370914 0.657073
-1.13278 1.39886 -0 0.353187 0.639375
-0.940456 1.29443 -0 0.370914 0.657073
-1.05801 1.45623 -0 0.366932 0.629999
-1.13278 1.39886 -0 0.353187 0.639375
-1.13278 1.39886 -0 0.353187 0.639375
-1.05801 1.45623 -0 0.366932 0.629999
-1.25864 1.55429 -0 0.349379 0.616016
-1.05801 1.45623 -0 0.366932 0.629999
-1.17557 1.61803 -0 0.363575 0.607179
-1.25864 1.55429 -0 0.349379 0.616016
-1.25864 1.55429 -0 0.349379 0.616016
-1.17557 1.61803 -0 0.363575 0.607179
-1.3845 1.70972 -0 0.346121 0.596031
-1.17557 1.61803 -0 0.363575 0.607179
-1.29313 1.77984 -0 0.360708 0.587684
-1.3845 1.70972 -0 0.346121 0.596031
-1.3845 1.70972 -0 0.346121 0.596031
-1.29313 1.77984 -0 0.360708 0.587684
-1.63885 2.02381 0.04 0.339447 0.558771
-1.29313 1.77984 -0 0.360708 0.587684
-1.53069 2.10681 0.04 0.354854 0.551376
-1.63885 2.02381 0.04 0.339447 0.558771
-1.63885 2.02381 0.04 0.339447 0.558771
-1.53069 2.10681 0.04 0.354854 0.551376
-1.76472 2.17924 0.16 0.333373 0.53202
-1.53069 2.10681 0.04 0.354854 0.551376
-1.64825 2.26862 0.16 0.349558 0.525317
-1.76472 2.17924 0.16 0.333373 0.53202
-1.76472 2.17924 0.16 0.333373 0.53202
-1.64825 2.26862 0.16 0.349558 0.525317
-1.89058 2.33467 0.36 0.32497 0.497602
-1.64825 2.26862 0.16 0.349558 0.525317
-1.7658 2.43042 0.36 0.342261 0.491867
-1.89058 2.33467 0.36 0.32497 0.497602
-1.89058 2.33467 0.36 0.32497 0.497602
-1.7658 2.43042 0.36 0.342261 0.491867
-2.01645 2.4901 0.64 0.313963 0.454277
-1.7658 2.43042 0.36 0.342261 0.491867
-1.88336 2.59222 0.64 0.332747 0.449923
-2.01645 2.4901 0.64 0.313963 0.454277
-2.01645 2.4901 0.64 0.313963 0.454277
-1.88336 2.59222 0.64 0.332747 0.449923
-2.14231 2.64553 1 0.299832 0.399984
-1.88336 2.59222 0.64 0.332747 0.449923
-2.00092 2.75403 1 0.320601 0.397638
-2.14231 2.64553 1 0.299832 0.399984
-2.14231 2.64553 1 0.299832 0.399984
-2.00092 2.75403 1 0.320601 0.397638
-2.26817 2.80096 1.44 0.281724 0.331496
-2.00092 2.75403 1 0.320601 0.397638
-2.11847 2.91583 1.44 0.305148 0.332136
-2.26817 2.80096 1.44 0.281724 0.331496
-2.26817 2.80096 1.44 0.281724 0.331496
-2.11847 2.91583 1.44 0.305148 0.332136
-2.39404 2.95639 1.96 0.258282 0.243761
-2.11847 2.91583 1.44 0.305148 0.332136
-2.23603 3.07763 1.96 0.285325 0.248977
-2.39404 2.95639 1.96 0.258282 0.243761
-2.39404 2.95639 1.96 0.258282 0.243761
-2.23603 3.07763 1.96 0.285325 0.248977
-2.5199 3.11182 2.56 0.227296 0.128617
-2.23603 3.07763 1.96 0.285325 0.248977
-2.35359 3.23944 2.56 0.259428 0.141112
-2.5199 3.11182 2.56 0.227296 0.128617
-0.401478 0.445887 -0 0.394857 0.96194
-0.377592 0.466288 -0 0.403393 0.947349
-0.535304 0.594516 -0 0.378762 0.872743
-0.377592 0.466288 -0 0.403393 0.947349
-0.503456 0.621717 -0 0.388914 0.858532
-0.535304 0.594516 -0 0.378762 0.872743
-0.535304 0.594516 -0 0.378762 0.872743
-0.503456 0.621717 -0 0.388914 0.858532
-0.669131 0.743145 -0 0.366699 0.805892
-0.503456 0.621717 -0 0.388914 0.858532
-0.62932 0.777146 -0 0.378126 0.792355
-0.669131 0.743145 -0 0.366699 0.805892
-0.669131 0.743145 -0 0.366699 0.805892
-0.62932 0.777146 -0 0.378126 0.792355
-0.802957 0.891774 -0 0.357322 0.753924
-0.62932 0.777146 -0 0.378126 0.792355
-0.755184 0.932575 -0 0.369777 0.74114
-0.802957 0.891774 -0 0.357322 0.753924
-0.802957 0.891774 -0 0.357322 0.753924
-0.755184 0.932575 -0 0.369777 0.74114
-0.936783 1.0404 -0 0.349823 0.712366
-0.755184 0.932575 -0 0.369777 0.74114
-0.881049 1.088 -0 0.363123 0.700328
-0.936783 1.0404 -0 0.349823 0.712366
-0.936783 1.0404 -0 0.349823 0.712366
-0.881049 1.088 -0 0.363123 0.700328
-1.07061 1.18903 -0 0.34369 0.678376
-0.881049 1.088 -0 0.363123 0.700328
-1.00691 1.24343 -0 0.357697 0.667041
-1.07061 1.18903 -0 0.34369 0.678376
-1.07061 1.18903 -0 0.34369 0.678376
-1.00691 1.24343 -0 0.357697 0.667041
-1.20444 1.33766 -0 0.33858 0.650059
-1.00691 1.24343 -0 0.357697 0.667041
-1.13278 1.39886 -0 0.353187 0.639375
-1.20444 1.33766 -0 0.33858 0.650059
-1.20444 1.33766 -0 0.33858 0.650059
-1.13278 1.39886 -0 0.353187 0.639375
-1.33826 1.48629 -0 0.334258 0.626103
-1.13278 1.39886 -0 0.353187 0.639375
-1.25864 1.55429 -0 0.349379 0.616016
-1.33826 1.48629 -0 0.334258 0.626103
-1.33826 1.48629 -0 0.334258 0.626103
-1.25864 1.55429 -0 0.349379 0.616016
-1.47209 1.63492 -0 0.330553 0.605574
-1.25864 1.55429 -0 0.349379 0.616016
-1.3845 1.70972 -0 0.346121 0.596031
-1.47209 1.63492 -0 0.330553 0.605574
-1.47209 1.63492 -0 0.330553 0.605574
-1.3845 1.70972 -0 0.346121 0.596031
-1.74253 1.93527 0.04 0.322937 0.567252
-1.3845 1.70972 -0 0.346121 0.596031
-1.63885 2.02381 0.04 0.339447 0.558771
-1.74253 1.93527 0.04 0.322937 0.567252
-1.74253 1.93527 0.04 0.322937 0.567252
-1.63885 2.02381 0.04 0.339447 0.558771
-1.87635 2.0839 0.16 0.315964 0.539732
-1.63885 2.02381 0.04 0.339447 0.558771
-1.76472 2.17924 0.16 0.333373 0.53202
-1.87635 2.0839 0.16 0.315964 0.539732
-1.87635 2.0839 0.16 0.315964 0.539732
-1.76472 2.17924 0.16 0.333373 0.53202
-2.01018 2.23253 0.36 0.306276 0.504228
-1.76472 2.17924 0.16 0.333373 0.53202
-1.89058 2.33467 0.36 0.32497 0.497602
-2.01018 2.23253 0.36 0.306276 0.504228
-2.01018 2.23253 0.36 0.306276 0.504228
-1.89058 2.33467 0.36 0.32497 0.497602
-2.144 2.38116 0.64 0.29352 0.459339
-1.89058 2.33467 0.36 0.32497 0.497602
-2.01645 2.4901 0.64 0.313963 0.454277
-2.144 2.38116 0.64 0.29352 0.459339
-2.144 2.38116 0.64 0.29352 0.459339
-2.01645 2.4901 0.64 0.313963 0.454277
-2.27783 2.52979 1 0.277034 0.402739
-2.01645 2.4901 0.64 0.313963 0.454277
-2.14231 2.64553 1 0.299832 0.399984
-2.27783 2.52979 1 0.277034 0.402739
-2.27783 2.52979 1 0.277034 0.402739
-2.14231 2.64553 1 0.299832 0.399984
-2.41166 2.67842 1.44 0.255734 0.330762
-2.14231 2.64553 1 0.299832 0.399984
-2.26817 2.80096 1.44 0.281724 0.331496
-2.41166 2.67842 1.44 0.255734 0.330762
-2.41166 2.67842 1.44 0.255734 0.330762
-2.26817 2.80096 1.44 0.281724 0.331496
-2.54548 2.82704 1.96 0.227864 0.237578
-2.26817 2.80096 1.44 0.281724 0.331496
-2.39404 2.95639 1.96 0.258282 0.243761
-2.54548 2.82704 1.96 0.227864 0.237578
-2.54548 2.82704 1.96 0.227864 0.237578
-2.39404 2.95639 1.96 0.258282 0.243761
-2.67931 2.97567 2.56 0.190505 0.113562
-2.39404 2.95639 1.96 0.258282 0.243761
-2.5199 3.11182 2.56 0.227296 0.128617
-2.67931 2.97567 2.56 0.190505 0.113562
-0.424264 0.424264 -0 0.386044 0.978155
-0.401478 0.445887 -0 0.394857 0.96194
-0.565685 0.565685 -0 0.368172 0.888651
-0.401478 0.445887 -0 0.394857 0.96194
-0.535304 0.594516 -0 0.378762 0.872743
-0.565685 0.565685 -0 0.368172 0.888651
-0.565685 0.565685 -0 0.368172 0.888651
-0.535304 0.594516 -0 0.378762 0.872743
-0.707107 0.707107 -0 0.354688 0.821127
-0.535304 0.594516 -0 0.378762 0.872743
-0.669131 0.743145 -0 0.366699 0.805892
-0.707107 0.707107 -0 0.354688 0.821127
-0.707107 0.707107 -0 0.354688 0.821127
-0.669131 0.743145 -0 0.366699 0.805892
-0.848528 0.848528 -0 0.344154 0.768372
-0.669131 0.743145 -0 0.366699 0.805892
-0.802957 0.891774 -0 0.357322 0.753924
-0.848528 0.848528 -0 0.344154 0.768372
-0.848528 0.848528 -0 0.344154 0.768372
-0.802957 0.891774 -0 0.357322 0.753924
-0.98995 0.98995 -0 0.335696 0.726019
-0.802957 0.891774 -0 0.357322 0.753924
-0.936783 1.0404 -0 0.349823 0.712366
-0.98995 0.98995 -0 0.335696 0.726019
-0.98995 0.98995 -0 0.335696 0.726019
-0.936783 1.0404 -0 0.349823 0.712366
-1.13137 1.13137 -0 0.328757 0.691266
-0.936783 1.0404 -0 0.349823 0.712366
-1.07061 1.18903 -0 0.34369 0.678376
-1.13137 1.13137 -0 0.328757 0.691266
-1.13137 1.13137 -0 0.328757 0.691266
-1.07061 1.18903 -0 0.34369 0.678376
-1.27279 1.27279 -0 0.32296 0.662237
-1.07061 1.18903 -0 0.34369 0.678376
-1.20444 1.33766 -0 0.33858 0.650059
-1.27279 1.27279 -0 0.32296 0.662237
-1.27279 1.27279 -0 0.32296 0.662237
-1.20444 1.33766 -0 0.33858 0.650059
-1.41421 1.41421 -0 0.318046 0.637625
-1.20444 1.33766 -0 0.33858 0.650059
-1.33826 1.48629 -0 0.334258 0.626103
-1.41421 1.41421 -0 0.318046 0.637625
-1.41421 1.41421 -0 0.318046 0.637625
-1.33826 1.48629 -0 0.334258 0.626103
-1.55563 1.55563 -0 0.313826 0.616493
-1.33826 1.48629 -0 0.334258 0.626103
-1.47209 1.63492 -0 0.330553 0.605574
-1.55563 1.55563 -0 0.313826 0.616493
-1.55563 1.55563 -0 0.313826 0.616493
-1.47209 1.63492 -0 0.330553 0.605574
-1.84142 1.84142 0.04 0.305116 0.576991
-1.47209 1.63492 -0 0.330553 0.605574
-1.74253 1.93527 0.04 0.322937 0.567252
-1.84142 1.84142 0.04 0.305116 0.576991
-1.84142 1.84142 0.04 0.305116 0.576991
-1.74253 1.93527 0.04 0.322937 0.567252
-1.98284 1.98284 0.16 0.297094 0.548618
-1.74253 1.93527 0.04 0.322937 0.567252
-1.87635 2.0839 0.16 0.315964 0.539732
-1.98284 1.98284 0.16 0.297094 0.548618
-1.98284 1.98284 0.16 0.297094 0.548618
-1.87635 2.0839 0.16 0.315964 0.539732
-2.12426 2.12426 0.36 0.285896 0.5119
-1.87635 2.0839 0.16 0.315964 0.539732
-2.01018 2.23253 0.36 0.306276 0.504228
-2.12426 2.12426 0.36 0.285896 0.5119
-2.12426 2.12426 0.36 0.285896 0.5119
-2.01018 2.23253 0.36 0.306276 0.504228
-2.26569 2.26569 0.64 0.271062 0.465238
-2.01018 2.23253 0.36 0.306276 0.504228
-2.144 2.38116 0.64 0.29352 0.459339
-2.26569 2.26569 0.64 0.271062 0.465238
-2.26569 2.26569 0.64 0.271062 0.465238
-2.144 2.38116 0.64 0.29352 0.459339
-2.40711 2.40711 1 0.251746 0.405984
-2.144 2.38116 0.64 0.29352 0.459339
-2.27783 2.52979 1 0.277034 0.402739
-2.40711 2.40711 1 0.251746 0.405984
-2.40711 2.40711 1 0.251746 0.405984
-2.27783 2.52979 1 0.277034 0.402739
-2.54853 2.54853 1.44 0.226546 0.329913
-2.27783 2.52979 1 0.277034 0.402739
-2.41166 2.67842 1.44 0.255734 0.330762
-2.54853 2.54853 1.44 0.226546 0.329913
-2.54853 2.54853 1.44 0.226546 0.329913
-2.41166 2.67842 1.44 0.255734 0.330762
-2.68995 2.68995 1.96 0.193155 0.230188
-2.41166 2.67842 1.44 0.255734 0.330762
-2.54548 2.82704 1.96 0.227864 0.237578
-2.68995 2.68995 1.96 0.193155 0.230188
-2.68995 2.68995 1.96 0.193155 0.230188
-2.54548 2.82704 1.96 0.227864 0.237578
-2.83137 2.83137 2.56 0.147636 0.0952199
-2.54548 2.82704 1.96 0.227864 0.237578
-2.67931 2.97567 2.56 0.190505 0.113562
-2.83137 2.83137 2.56 0.147636 0.0952199
-0.445887 0.401478 -0 0.376918 0.996149
-0.424264 0.424264 -0 0.386044 0.978155
-0.594516 0.535304 -0 0.357079 0.906445
-0.424264 0.424264 -0 0.386044 0.978155
-0.565685 0.565685 -0 0.368172 0.888651
-0.594516 0.535304 -0 0.357079 0.906445
-0.594516 0.535304 -0 0.357079 0.906445
-0.565685 0.565685 -0 0.368172 0.888651
-0.743145 0.669131 -0 0.342002 0.838272
-0.565685 0.565685 -0 0.368172 0.888651
-0.707107 0.707107 -0 0.354688 0.821127
-0.743145 0.669131 -0 0.342002 0.838272
-0.743145 0.669131 -0 0.342002 0.838272
-0.707107 0.707107 -0 0.354688 0.821127
-0.891774 0.802957 -0 0.330156 0.78471
-0.707107 0.707107 -0 0.354688 0.821127
-0.848528 0.848528 -0 0.344154 0.768372
-0.891774 0.802957 -0 0.330156 0.78471
-0.891774 0.802957 -0 0.330156 0.78471
-0.848528 0.848528 -0 0.344154 0.768372
-1.0404 0.936783 -0 0.320603 0.741515
-0.848528 0.848528 -0 0.344154 0.768372
-0.98995 0.98995 -0 0.335696 0.726019
-1.0404 0.936783 -0 0.320603 0.741515
-1.0404 0.936783 -0 0.320603 0.741515
-0.98995 0.98995 -0 0.335696 0.726019
-1.18903 1.07061 -0 0.312735 0.705943
-0.98995 0.98995 -0 0.335696 0.726019
-1.13137 1.13137 -0 0.328757 0.691266
-1.18903 1.07061 -0 0.312735 0.705943
-1.18903 1.07061 -0 0.312735 0.705943
-1.13137 1.13137 -0 0.328757 0.691266
-1.33766 1.20444 -0 0.306144 0.67614
-1.13137 1.13137 -0 0.328757 0.691266
-1.27279 1.27279 -0 0.32296 0.662237
-1.33766 1.20444 -0 0.306144 0.67614
-1.33766 1.20444 -0 0.306144 0.67614
-1.27279 1.27279 -0 0.32296 0.662237
-1.48629 1.33826 -0 0.300542 0.650808
-1.27279 1.27279 -0 0.32296 0.662237
-1.41421 1.41421 -0 0.318046 0.637625
-1.48629 1.33826 -0 0.300542 0.650808
-1.48629 1.33826 -0 0.300542 0.650808
-1.41421 1.41421 -0 0.318046 0.637625
-1.63492 1.47209 -0 0.295721 0.629011
-1.41421 1.41421 -0 0.318046 0.637625
-1.55563 1.55563 -0 0.313826 0.616493
-1.63492 1.47209 -0 0.295721 0.629011
-1.63492 1.47209 -0 0.295721 0.629011
-1.55563 1.55563 -0 0.313826 0.616493
-1.93527 1.74253 0.04 0.285729 0.588202
-1.55563 1.55563 -0 0.313826 0.616493
-1.84142 1.84142 0.04 0.305116 0.576991
-1.93527 1.74253 0.04 0.285729 0.588202
-1.93527 1.74253 0.04 0.285729 0.588202
-1.84142 1.84142 0.04 0.305116 0.576991
-2.0839 1.87635 0.16 0.276469 0.558887
-1.84142 1.84142 0.04 0.305116 0.576991
-1.98284 1.98284 0.16 0.297094 0.548618
-2.0839 1.87635 0.16 0.276469 0.558887
-2.0839 1.87635 0.16 0.276469 0.558887
-1.98284 1.98284 0.16 0.297094 0.548618
-2.23253 2.01018 0.36 0.263471 0.520815
-1.98284 1.98284 0.16 0.297094 0.548618
-2.12426 2.12426 0.36 0.285896 0.5119
-2.23253 2.01018 0.36 0.263471 0.520815
-2.23253 2.01018 0.36 0.263471 0.520815
-2.12426 2.12426 0.36 0.285896 0.5119
-2.38116 2.144 0.64 0.246136 0.472146
-2.12426 2.12426 0.36 0.285896 0.5119
-2.26569 2.26569 0.64 0.271062 0.465238
-2.38116 2.144 0.64 0.246136 0.472146
-2.38116 2.144 0.64 0.246136 0.472146
-2.26569 2.26569 0.64 0.271062 0.465238
-2.52979 2.27783 1 0.223364 0.409826
-2.26569 2.26569 0.64 0.271062 0.465238
-2.40711 2.40711 1 0.251746 0.405984
-2.52979 2.27783 1 0.223364 0.409826
-2.52979 2.27783 1 0.223364 0.409826
-2.40711 2.40711 1 0.251746 0.405984
-2.67842 2.41166 1.44 0.193315 0.32892
-2.40711 2.40711 1 0.251746 0.405984
-2.54853 2.54853 1.44 0.226546 0.329913
-2.67842 2.41166 1.44 0.193315 0.32892
-2.67842 2.41166 1.44 0.193315 0.32892
-2.54853 2.54853 1.44 0.226546 0.329913
-2.82704 2.54548 1.96 0.152896 0.221258
-2.54853 2.54853 1.44 0.226546 0.329913
-2.68995 2.68995 1.96 0.193155 0.230188
-2.82704 2.54548 1.96 0.152896 0.221258
-2.82704 2.54548 1.96 0.152896 0.221258
-2.68995 2.68995 1.96 0.193155 0.230188
-2.97567 2.67931 2.56 0.0966611 0.0725434
-2.68995 2.68995 1.96 0.193155 0.230188
-2.83137 2.83137 2.56 0.147636 0.0952199
-2.97567 2.67931 2.56 0.0966611 0.0725434
-0.445887 0.401478 -0 0.376918 0.996149
-0.594516 0.535304 -0 0.357079 0.906445
-0.621717 0.503456 -0 0.345413 0.92635
-0.621717 0.503456 -0 0.345413 0.92635
-0.594516 0.535304 -0 0.357079 0.906445
-0.777146 0.62932 -0 0.328535 0.857582
-0.594516 0.535304 -0 0.357079 0.906445
-0.743145 0.669131 -0 0.342002 0.838272
-0.777146 0.62932 -0 0.328535 0.857582
-0.777146 0.62932 -0 0.328535 0.857582
-0.743145 0.669131 -0 0.342002 0.838272
-0.932575 0.755184 -0 0.31519 0.803208
-0.743145 0.669131 -0 0.342002 0.838272
-0.891774 0.802957 -0 0.330156 0.78471
-0.932575 0.755184 -0 0.31519 0.803208
-0.932575 0.755184 -0 0.31519 0.803208
-0.891774 0.802957 -0 0.330156 0.78471
-1.088 0.881049 -0 0.304373 0.759137
-0.891774 0.802957 -0 0.330156 0.78471
-1.0404 0.936783 -0 0.320603 0.741515
-1.088 0.881049 -0 0.304373 0.759137
-1.088 0.881049 -0 0.304373 0.759137
-1.0404 0.936783 -0 0.320603 0.741515
-1.24343 1.00691 -0 0.295428 0.722693
-1.0404 0.936783 -0 0.320603 0.741515
-1.18903 1.07061 -0 0.312735 0.705943
-1.24343 1.00691 -0 0.295428 0.722693
-1.24343 1.00691 -0 0.295428 0.722693
-1.18903 1.07061 -0 0.312735 0.705943
-1.39886 1.13278 -0 0.287908 0.692055
-1.18903 1.07061 -0 0.312735 0.705943
-1.33766 1.20444 -0 0.306144 0.67614
-1.39886 1.13278 -0 0.287908 0.692055
-1.39886 1.13278 -0 0.287908 0.692055
-1.33766 1.20444 -0 0.306144 0.67614
-1.55429 1.25864 -0 0.281498 0.665938
-1.33766 1.20444 -0 0.306144 0.67614
-1.48629 1.33826 -0 0.300542 0.650808
-1.55429 1.25864 -0 0.281498 0.665938
-1.55429 1.25864 -0 0.281498 0.665938
-1.48629 1.33826 -0 0.300542 0.650808
-1.70972 1.3845 -0 0.275969 0.643409
-1.48629 1.33826 -0 0.300542 0.650808
-1.63492 1.47209 -0 0.295721 0.629011
-1.70972 1.3845 -0 0.275969 0.643409
-1.70972 1.3845 -0 0.275969 0.643409
-1.63492 1.47209 -0 0.295721 0.629011
-2.02381 1.63885 0.04 0.264457 0.601157
-1.63492 1.47209 -0 0.295721 0.629011
-1.93527 1.74253 0.04 0.285729 0.588202
-2.02381 1.63885 0.04 0.264457 0.601157
-2.02381 1.63885 0.04 0.264457 0.601157
-1.93527 1.74253 0.04 0.285729 0.588202
-2.17924 1.76472 0.16 0.253714 0.570804
-1.93527 1.74253 0.04 0.285729 0.588202
-2.0839 1.87635 0.16 0.276469 0.558887
-2.17924 1.76472 0.16 0.253714 0.570804
-2.17924 1.76472 0.16 0.253714 0.570804
-2.0839 1.87635 0.16 0.276469 0.558887
-2.33467 1.89058 0.36 0.238545 0.531227
-2.0839 1.87635 0.16 0.276469 0.558887
-2.23253 2.01018 0.36 0.263471 0.520815
-2.33467 1.89058 0.36 0.238545 0.531227
-2.33467 1.89058 0.36 0.238545 0.531227
-2.23253 2.01018 0.36 0.263471 0.520815
-2.4901 2.01645 0.64 0.218154 0.480283
-2.23253 2.01018 0.36 0.263471 0.520815
-2.38116 2.144 0.64 0.246136 0.472146
-2.4901 2.01645 0.64 0.218154 0.480283
-2.4901 2.01645 0.64 0.218154 0.480283
-2.38116 2.144 0.64 0.246136 0.472146
-2.64553 2.14231 1 0.191091 0.414409
-2.38116 2.144 0.64 0.246136 0.472146
-2.52979 2.27783 1 0.223364 0.409826
-2.64553 2.14231 1 0.191091 0.414409
-2.64553 2.14231 1 0.191091 0.414409
-2.52979 2.27783 1 0.223364 0.409826
-2.80096 2.26817 1.44 0.154892 0.327743
-2.52979 2.27783 1 0.223364 0.409826
-2.67842 2.41166 1.44 0.193315 0.32892
-2.80096 2.26817 1.44 0.154892 0.327743
-2.80096 2.26817 1.44 0.154892 0.327743
-2.67842 2.41166 1.44 0.193315 0.32892
-2.95639 2.39404 1.96 0.10531 0.210313
-2.67842 2.41166 1.44 0.193315 0.32892
-2.82704 2.54548 1.96 0.152896 0.221258
-2.95639 2.39404 1.96 0.10531 0.210313
-2.95639 2.39404 1.96 0.10531 0.210313
-2.82704 2.54548 1.96 0.152896 0.221258
-3.11182 2.5199 2.56 0.0345725 0.043975
-2.82704 2.54548 1.96 0.152896 0.221258
-2.97567 2.67931 2.56 0.0966611 0.0725434
-3.11182 2.5199 2.56 0.0345725 0.043975
-0.621717 0.503456 -0 0.345413 0.92635
-0.777146 0.62932 -0 0.328535 0.857582
-0.809017 0.587785 -0 0.314162 0.879365
-0.809017 0.587785 -0 0.314162 0.879365
-0.777146 0.62932 -0 0.328535 0.857582
-0.97082 0.705342 -0 0.299088 0.824201
-0.777146 0.62932 -0 0.328535 0.857582
-0.932575 0.755184 -0 0.31519 0.803208
-0.97082 0.705342 -0 0.299088 0.824201
-0.97082 0.705342 -0 0.299088 0.824201
-0.932575 0.755184 -0 0.31519 0.803208
-1.13262 0.822899 -0 0.2868 0.779233
-0.932575 0.755184 -0 0.31519 0.803208
-1.088 0.881049 -0 0.304373 0.759137
-1.13262 0.822899 -0 0.2868 0.779233
-1.13262 0.822899 -0 0.2868 0.779233
-1.088 0.881049 -0 0.304373 0.759137
-1.29443 0.940456 -0 0.276591 0.741873
-1.088 0.881049 -0 0.304373 0.759137
-1.24343 1.00691 -0 0.295428 0.722693
-1.29443 0.940456 -0 0.276591 0.741873
-1.29443 0.940456 -0 0.276591 0.741873
-1.24343 1.00691 -0 0.295428 0.722693
-1.45623 1.05801 -0 0.267975 0.71034
-1.24343 1.00691 -0 0.295428 0.722693
-1.39886 1.13278 -0 0.287908 0.692055
-1.45623 1.05801 -0 0.267975 0.71034
-1.45623 1.05801 -0 0.267975 0.71034
-1.39886 1.13278 -0 0.287908 0.692055
-1.61803 1.17557 -0 0.260606 0.683371
-1.39886 1.13278 -0 0.287908 0.692055
-1.55429 1.25864 -0 0.281498 0.665938
-1.61803 1.17557 -0 0.260606 0.683371
-1.61803 1.17557 -0 0.260606 0.683371
-1.55429 1.25864 -0 0.281498 0.665938
-1.77984 1.29313 -0 0.254231 0.660041
-1.55429 1.25864 -0 0.281498 0.665938
-1.70972 1.3845 -0 0.275969 0.643409
-1.77984 1.29313 -0 0.254231 0.660041
-1.77984 1.29313 -0 0.254231 0.660041
-1.70972 1.3845 -0 0.275969 0.643409
-2.10681 1.53069 0.04 0.240892 0.616202
-1.70972 1.3845 -0 0.275969 0.643409
-2.02381 1.63885 0.04 0.264457 0.601157
-2.10681 1.53069 0.04 0.240892 0.616202
-2.10681 1.53069 0.04 0.240892 0.616202
-2.02381 1.63885 0.04 0.264457 0.601157
-2.26862 1.64825 0.16 0.228353 0.584716
-2.02381 1.63885 0.04 0.264457 0.601157
-2.17924 1.76472 0.16 0.253714 0.570804
-2.26862 1.64825 0.16 0.228353 0.584716
-2.26862 1.64825 0.16 0.228353 0.584716
-2.17924 1.76472 0.16 0.253714 0.570804
-2.43042 1.7658 0.36 0.210524 0.543469
-2.17924 1.76472 0.16 0.253714 0.570804
-2.33467 1.89058 0.36 0.238545 0.531227
-2.43042 1.7658 0.36 0.210524 0.543469
-2.43042 1.7658 0.36 0.210524 0.543469
-2.33467 1.89058 0.36 0.238545 0.531227
-2.59222 1.88336 0.64 0.186336 0.489947
-2.33467 1.89058 0.36 0.238545 0.531227
-2.4901 2.01645 0.64 0.218154 0.480283
-2.59222 1.88336 0.64 0.186336 0.489947
-2.59222 1.88336 0.64 0.186336 0.489947
-2.4901 2.01645 0.64 0.218154 0.480283
-2.75403 2.00092 1 0.153839 0.41993
-2.4901 2.01645 0.64 0.218154 0.480283
-2.64553 2.14231 1 0.191091 0.414409
-2.75403 2.00092 1 0.153839 0.41993
-2.75403 2.00092 1 0.153839 0.41993
-2.64553 2.14231 1 0.191091 0.414409
-2.91583 2.11847 1.44 0.109662 0.326327
-2.64553 2.14231 1 0.191091 0.414409
-2.80096 2.26817 1.44 0.154892 0.327743
-2.91583 2.11847 1.44 0.109662 0.326327
-2.91583 2.11847 1.44 0.109662 0.326327
-2.80096 2.26817 1.44 0.154892 0.327743
-3.07763 2.23603 1.96 0.0477944 0.196659
-2.80096 2.26817 1.44 0.154892 0.327743
-2.95639 2.39404 1.96 0.10531 0.210313
-3.07763 2.23603 1.96 0.0477944 0.196659
-1.45623 1.05801 -0 0.267975 0.71034
-1.61803 1.17557 -0 0.260606 0.683371
-1.67734 1.08928 -0 0.237472 0.703567
-1.67734 1.08928 -0 0.237472 0.703567
-1.61803 1.17557 -0 0.260606 0.683371
-1.84508 1.19821 -0 0.230075 0.679365
-1.61803 1.17557 -0 0.260606 0.683371
-1.77984 1.29313 -0 0.254231 0.660041
-1.84508 1.19821 -0 0.230075 0.679365
-1.84508 1.19821 -0 0.230075 0.679365
-1.77984 1.29313 -0 0.254231 0.660041
-2.18404 1.41833 0.04 0.21451 0.633789
-1.77984 1.29313 -0 0.254231 0.660041
-2.10681 1.53069 0.04 0.240892 0.616202
-2.18404 1.41833 0.04 0.21451 0.633789
-2.18404 1.41833 0.04 0.21451 0.633789
-2.10681 1.53069 0.04 0.240892 0.616202
-2.35177 1.52726 0.16 0.19976 0.601075
-2.10681 1.53069 0.04 0.240892 0.616202
-2.26862 1.64825 0.16 0.228353 0.584716
-2.35177 1.52726 0.16 0.19976 0.601075
-2.35177 1.52726 0.16 0.19976 0.601075
-2.26862 1.64825 0.16 0.228353 0.584716
-2.5195 1.63618 0.36 0.178618 0.557987
-2.26862 1.64825 0.16 0.228353 0.584716
-2.43042 1.7658 0.36 0.210524 0.543469
-2.5195 1.63618 0.36 0.178618 0.557987
-2.5195 1.63618 0.36 0.178618 0.557987
-2.43042 1.7658 0.36 0.210524 0.543469
-2.68724 1.74511 0.64 0.149622 0.501541
-2.43042 1.7658 0.36 0.210524 0.543469
-2.59222 1.88336 0.64 0.186336 0.489947
-2.68724 1.74511 0.64 0.149622 0.501541
