1.30701 -0.501715 -0 0.631802 0.736017
1.27896 -0.569431 -0 0.646562 0.740356
1.49373 -0.573389 -0 0.637918 0.686232
1.27896 -0.569431 -0 0.646562 0.740356
1.46167 -0.650779 -0 0.652928 0.691481
1.49373 -0.573389 -0 0.637918 0.686232
1.49373 -0.573389 -0 0.637918 0.686232
1.46167 -0.650779 -0 0.652928 0.691481
1.68044 -0.645062 -0 0.641491 0.644204
1.46167 -0.650779 -0 0.652928 0.691481
1.64438 -0.732126 -0 0.656702 0.650244
1.68044 -0.645062 -0 0.641491 0.644204
1.68044 -0.645062 -0 0.641491 0.644204
1.64438 -0.732126 -0 0.656702 0.650244
1.86716 -0.716736 -0 0.644453 0.606015
1.64438 -0.732126 -0 0.656702 0.650244
1.82709 -0.813473 -0 0.66133 0.612597
1.86716 -0.716736 -0 0.644453 0.606015
1.86716 -0.716736 -0 0.644453 0.606015
1.82709 -0.813473 -0 0.66133 0.612597
2.05388 -0.788409 -0 0.646844 0.575306
1.82709 -0.813473 -0 0.66133 0.612597
2.0098 -0.894821 -0 0.663868 0.579713
2.05388 -0.788409 -0 0.646844 0.575306
2.05388 -0.788409 -0 0.646844 0.575306
2.0098 -0.894821 -0 0.663868 0.579713
2.4312 -0.933249 0.04 0.650781 0.515786
2.0098 -0.894821 -0 0.663868 0.579713
2.37902 -1.05921 0.04 0.667829 0.52119
2.4312 -0.933249 0.04 0.650781 0.515786
2.4312 -0.933249 0.04 0.650781 0.515786
2.37902 -1.05921 0.04 0.667829 0.52119
2.61791 -1.00492 0.16 0.653819 0.473247
2.37902 -1.05921 0.04 0.667829 0.52119
2.56173 -1.14056 0.16 0.672291 0.479349
2.61791 -1.00492 0.16 0.653819 0.473247
2.61791 -1.00492 0.16 0.653819 0.473247
2.56173 -1.14056 0.16 0.672291 0.479349
2.80463 -1.0766 0.36 0.657533 0.42037
2.56173 -1.14056 0.16 0.672291 0.479349
2.74444 -1.2219 0.36 0.675715 0.424574
2.80463 -1.0766 0.36 0.657533 0.42037
2.80463 -1.0766 0.36 0.657533 0.42037
2.74444 -1.2219 0.36 0.675715 0.424574
2.99134 -1.14827 0.64 0.661165 0.356575
2.74444 -1.2219 0.36 0.675715 0.424574
2.92715 -1.30325 0.64 0.68176 0.362182
2.99134 -1.14827 0.64 0.661165 0.356575
2.99134 -1.14827 0.64 0.661165 0.356575
2.92715 -1.30325 0.64 0.68176 0.362182
3.17806 -1.21994 1 0.665179 0.283695
2.92715 -1.30325 0.64 0.68176 0.362182
3.10986 -1.3846 1 0.684739 0.288079
3.17806 -1.21994 1 0.665179 0.283695
3.17806 -1.21994 1 0.665179 0.283695
3.10986 -1.3846 1 0.684739 0.288079
3.36478 -1.29162 1.44 0.666782 0.203579
3.10986 -1.3846 1 0.684739 0.288079
3.29257 -1.46595 1.44 0.687488 0.207929
3.36478 -1.29162 1.44 0.666782 0.203579
3.36478 -1.29162 1.44 0.666782 0.203579
3.29257 -1.46595 1.44 0.687488 0.207929
3.55149 -1.36329 1.96 0.666015 0.120217
3.29257 -1.46595 1.44 0.687488 0.207929
3.47528 -1.54729 1.96 0.68707 0.125062
3.55149 -1.36329 1.96 0.666015 0.120217
0.760845 -0.247214 -0 0.593818 0.919101
0.746864 -0.286694 -0 0.604245 0.922904
0.951057 -0.309017 -0 0.60476 0.849633
0.746864 -0.286694 -0 0.604245 0.922904
0.93358 -0.358368 -0 0.615882 0.85479
0.951057 -0.309017 -0 0.60476 0.849633
0.951057 -0.309017 -0 0.60476 0.849633
0.93358 -0.358368 -0 0.615882 0.85479
1.14127 -0.37082 -0 0.61128 0.786684
0.93358 -0.358368 -0 0.615882 0.85479
1.1203 -0.430042 -0 0.626183 0.790489
1.14127 -0.37082 -0 0.61128 0.786684
1.14127 -0.37082 -0 0.61128 0.786684
1.1203 -0.430042 -0 0.626183 0.790489
1.33148 -0.432624 -0 0.618031 0.730993
1.1203 -0.430042 -0 0.626183 0.790489
1.30701 -0.501715 -0 0.631802 0.736017
1.33148 -0.432624 -0 0.618031 0.730993
1.33148 -0.432624 -0 0.618031 0.730993
1.30701 -0.501715 -0 0.631802 0.736017
1.52169 -0.494427 -0 0.622138 0.683144
1.30701 -0.501715 -0 0.631802 0.736017
1.49373 -0.573389 -0 0.637918 0.686232
1.52169 -0.494427 -0 0.622138 0.683144
1.52169 -0.494427 -0 0.622138 0.683144
1.49373 -0.573389 -0 0.637918 0.686232
1.7119 -0.556231 -0 0.625517 0.640478
1.49373 -0.573389 -0 0.637918 0.686232
1.68044 -0.645062 -0 0.641491 0.644204
1.7119 -0.556231 -0 0.625517 0.640478
1.7119 -0.556231 -0 0.625517 0.640478
1.68044 -0.645062 -0 0.641491 0.644204
1.90211 -0.618034 -0 0.628355 0.601709
1.68044 -0.645062 -0 0.641491 0.644204
1.86716 -0.716736 -0 0.644453 0.606015
1.90211 -0.618034 -0 0.628355 0.601709
1.90211 -0.618034 -0 0.628355 0.601709
1.86716 -0.716736 -0 0.644453 0.606015
2.09232 -0.679837 -0 0.629028 0.570624
1.86716 -0.716736 -0 0.644453 0.606015
2.05388 -0.788409 -0 0.646844 0.575306
2.09232 -0.679837 -0 0.629028 0.570624
2.09232 -0.679837 -0 0.629028 0.570624
2.05388 -0.788409 -0 0.646844 0.575306
2.47671 -0.804731 0.04 0.632937 0.510191
2.05388 -0.788409 -0 0.646844 0.575306
2.4312 -0.933249 0.04 0.650781 0.515786
2.47671 -0.804731 0.04 0.632937 0.510191
2.47671 -0.804731 0.04 0.632937 0.510191
2.4312 -0.933249 0.04 0.650781 0.515786
2.66692 -0.866534 0.16 0.636086 0.469921
2.4312 -0.933249 0.04 0.650781 0.515786
2.61791 -1.00492 0.16 0.653819 0.473247
2.66692 -0.866534 0.16 0.636086 0.469921
2.66692 -0.866534 0.16 0.636086 0.469921
2.61791 -1.00492 0.16 0.653819 0.473247
2.85713 -0.928337 0.36 0.638433 0.416203
2.61791 -1.00492 0.16 0.653819 0.473247
2.80463 -1.0766 0.36 0.657533 0.42037
2.85713 -0.928337 0.36 0.638433 0.416203
2.85713 -0.928337 0.36 0.638433 0.416203
2.80463 -1.0766 0.36 0.657533 0.42037
3.04734 -0.990141 0.64 0.642541 0.351544
2.80463 -1.0766 0.36 0.657533 0.42037
2.99134 -1.14827 0.64 0.661165 0.356575
3.04734 -0.990141 0.64 0.642541 0.351544
3.04734 -0.990141 0.64 0.642541 0.351544
2.99134 -1.14827 0.64 0.661165 0.356575
3.23755 -1.05194 1 0.644492 0.279681
2.99134 -1.14827 0.64 0.661165 0.356575
3.17806 -1.21994 1 0.665179 0.283695
3.23755 -1.05194 1 0.644492 0.279681
3.23755 -1.05194 1 0.644492 0.279681
3.17806 -1.21994 1 0.665179 0.283695
3.42776 -1.11375 1.44 0.645967 0.198172
3.17806 -1.21994 1 0.665179 0.283695
3.36478 -1.29162 1.44 0.666782 0.203579
3.42776 -1.11375 1.44 0.645967 0.198172
3.42776 -1.11375 1.44 0.645967 0.198172
3.36478 -1.29162 1.44 0.666782 0.203579
3.61797 -1.17555 1.96 0.644861 0.116552
3.36478 -1.29162 1.44 0.666782 0.203579
3.55149 -1.36329 1.96 0.666015 0.120217
3.61797 -1.17555 1.96 0.644861 0.116552
0.772741 -0.207055 -0 0.5828 0.917956
0.760845 -0.247214 -0 0.593818 0.919101
0.965926 -0.258819 -0 0.591448 0.848077
0.760845 -0.247214 -0 0.593818 0.919101
0.951057 -0.309017 -0 0.60476 0.849633
0.965926 -0.258819 -0 0.591448 0.848077
0.965926 -0.258819 -0 0.591448 0.848077
0.951057 -0.309017 -0 0.60476 0.849633
1.15911 -0.310583 -0 0.597307 0.784383
0.951057 -0.309017 -0 0.60476 0.849633
1.14127 -0.37082 -0 0.61128 0.786684
1.15911 -0.310583 -0 0.597307 0.784383
1.15911 -0.310583 -0 0.597307 0.784383
1.14127 -0.37082 -0 0.61128 0.786684
1.3523 -0.362347 -0 0.601997 0.728207
1.14127 -0.37082 -0 0.61128 0.786684
1.33148 -0.432624 -0 0.618031 0.730993
1.3523 -0.362347 -0 0.601997 0.728207
1.3523 -0.362347 -0 0.601997 0.728207
1.33148 -0.432624 -0 0.618031 0.730993
1.54548 -0.41411 -0 0.605778 0.679696
1.33148 -0.432624 -0 0.618031 0.730993
1.52169 -0.494427 -0 0.622138 0.683144
1.54548 -0.41411 -0 0.605778 0.679696
1.54548 -0.41411 -0 0.605778 0.679696
1.52169 -0.494427 -0 0.622138 0.683144
1.73867 -0.465874 -0 0.608942 0.636432
1.52169 -0.494427 -0 0.622138 0.683144
1.7119 -0.556231 -0 0.625517 0.640478
1.73867 -0.465874 -0 0.608942 0.636432
1.73867 -0.465874 -0 0.608942 0.636432
1.7119 -0.556231 -0 0.625517 0.640478
1.93185 -0.517638 -0 0.611583 0.599964
1.7119 -0.556231 -0 0.625517 0.640478
1.90211 -0.618034 -0 0.628355 0.601709
1.93185 -0.517638 -0 0.611583 0.599964
1.93185 -0.517638 -0 0.611583 0.599964
1.90211 -0.618034 -0 0.628355 0.601709
2.12504 -0.569402 -0 0.612155 0.568495
1.90211 -0.618034 -0 0.628355 0.601709
2.09232 -0.679837 -0 0.629028 0.570624
2.12504 -0.569402 -0 0.612155 0.568495
2.12504 -0.569402 -0 0.612155 0.568495
2.09232 -0.679837 -0 0.629028 0.570624
2.51543 -0.674007 0.04 0.614352 0.50735
2.09232 -0.679837 -0 0.629028 0.570624
2.47671 -0.804731 0.04 0.632937 0.510191
2.51543 -0.674007 0.04 0.614352 0.50735
2.51543 -0.674007 0.04 0.614352 0.50735
2.47671 -0.804731 0.04 0.632937 0.510191
2.70861 -0.725771 0.16 0.617594 0.463671
2.47671 -0.804731 0.04 0.632937 0.510191
2.66692 -0.866534 0.16 0.636086 0.469921
2.70861 -0.725771 0.16 0.617594 0.463671
2.70861 -0.725771 0.16 0.617594 0.463671
2.66692 -0.866534 0.16 0.636086 0.469921
2.9018 -0.777535 0.36 0.620167 0.41222
2.66692 -0.866534 0.16 0.636086 0.469921
2.85713 -0.928337 0.36 0.638433 0.416203
2.9018 -0.777535 0.36 0.620167 0.41222
2.9018 -0.777535 0.36 0.620167 0.41222
2.85713 -0.928337 0.36 0.638433 0.416203
3.09498 -0.829298 0.64 0.621455 0.346536
2.85713 -0.928337 0.36 0.638433 0.416203
3.04734 -0.990141 0.64 0.642541 0.351544
3.09498 -0.829298 0.64 0.621455 0.346536
3.09498 -0.829298 0.64 0.621455 0.346536
3.04734 -0.990141 0.64 0.642541 0.351544
3.28817 -0.881062 1 0.624185 0.273972
3.04734 -0.990141 0.64 0.642541 0.351544
3.23755 -1.05194 1 0.644492 0.279681
3.28817 -0.881062 1 0.624185 0.273972
3.28817 -0.881062 1 0.624185 0.273972
3.23755 -1.05194 1 0.644492 0.279681
3.48135 -0.932826 1.44 0.624283 0.195423
3.23755 -1.05194 1 0.644492 0.279681
3.42776 -1.11375 1.44 0.645967 0.198172
3.48135 -0.932826 1.44 0.624283 0.195423
3.48135 -0.932826 1.44 0.624283 0.195423
3.42776 -1.11375 1.44 0.645967 0.198172
3.67454 -0.98459 1.96 0.623863 0.114094
3.42776 -1.11375 1.44 0.645967 0.198172
3.61797 -1.17555 1.96 0.644861 0.116552
3.67454 -0.98459 1.96 0.623863 0.114094
0.782518 -0.166329 -0 0.571668 0.914983
0.772741 -0.207055 -0 0.5828 0.917956
0.978148 -0.207912 -0 0.579476 0.84403
0.772741 -0.207055 -0 0.5828 0.917956
0.965926 -0.258819 -0 0.591448 0.848077
0.978148 -0.207912 -0 0.579476 0.84403
0.978148 -0.207912 -0 0.579476 0.84403
0.965926 -0.258819 -0 0.591448 0.848077
1.17378 -0.249494 -0 0.584589 0.781524
0.965926 -0.258819 -0 0.591448 0.848077
1.15911 -0.310583 -0 0.597307 0.784383
1.17378 -0.249494 -0 0.584589 0.781524
1.17378 -0.249494 -0 0.584589 0.781524
1.15911 -0.310583 -0 0.597307 0.784383
1.36941 -0.291076 -0 0.587156 0.724845
1.15911 -0.310583 -0 0.597307 0.784383
1.3523 -0.362347 -0 0.601997 0.728207
1.36941 -0.291076 -0 0.587156 0.724845
1.36941 -0.291076 -0 0.587156 0.724845
1.3523 -0.362347 -0 0.601997 0.728207
1.56504 -0.332659 -0 0.590616 0.67574
1.3523 -0.362347 -0 0.601997 0.728207
1.54548 -0.41411 -0 0.605778 0.679696
1.56504 -0.332659 -0 0.590616 0.67574
1.56504 -0.332659 -0 0.590616 0.67574
1.54548 -0.41411 -0 0.605778 0.679696
1.76067 -0.374241 -0 0.591819 0.632062
1.54548 -0.41411 -0 0.605778 0.679696
1.73867 -0.465874 -0 0.608942 0.636432
1.76067 -0.374241 -0 0.591819 0.632062
1.76067 -0.374241 -0 0.591819 0.632062
1.73867 -0.465874 -0 0.608942 0.636432
1.9563 -0.415823 -0 0.594324 0.595146
1.73867 -0.465874 -0 0.608942 0.636432
1.93185 -0.517638 -0 0.611583 0.599964
1.9563 -0.415823 -0 0.594324 0.595146
1.9563 -0.415823 -0 0.594324 0.595146
1.93185 -0.517638 -0 0.611583 0.599964
2.15192 -0.457406 -0 0.594775 0.56329
1.93185 -0.517638 -0 0.611583 0.599964
2.12504 -0.569402 -0 0.612155 0.568495
2.15192 -0.457406 -0 0.594775 0.56329
2.15192 -0.457406 -0 0.594775 0.56329
2.12504 -0.569402 -0 0.612155 0.568495
2.54726 -0.541436 0.04 0.596882 0.504435
2.12504 -0.569402 -0 0.612155 0.568495
2.51543 -0.674007 0.04 0.614352 0.50735
2.54726 -0.541436 0.04 0.596882 0.504435
2.54726 -0.541436 0.04 0.596882 0.504435
2.51543 -0.674007 0.04 0.614352 0.50735
2.74289 -0.583018 0.16 0.598493 0.463225
2.51543 -0.674007 0.04 0.614352 0.50735
2.70861 -0.725771 0.16 0.617594 0.463671
2.74289 -0.583018 0.16 0.598493 0.463225
2.74289 -0.583018 0.16 0.598493 0.463225
2.70861 -0.725771 0.16 0.617594 0.463671
2.93851 -0.624601 0.36 0.599511 0.40825
2.70861 -0.725771 0.16 0.617594 0.463671
2.9018 -0.777535 0.36 0.620167 0.41222
2.93851 -0.624601 0.36 0.599511 0.40825
2.93851 -0.624601 0.36 0.599511 0.40825
2.9018 -0.777535 0.36 0.620167 0.41222
3.13414 -0.666183 0.64 0.601315 0.344664
2.9018 -0.777535 0.36 0.620167 0.41222
3.09498 -0.829298 0.64 0.621455 0.346536
3.13414 -0.666183 0.64 0.601315 0.344664
3.13414 -0.666183 0.64 0.601315 0.344664
3.09498 -0.829298 0.64 0.621455 0.346536
3.32977 -0.707765 1 0.603228 0.271121
3.09498 -0.829298 0.64 0.621455 0.346536
3.28817 -0.881062 1 0.624185 0.273972
3.32977 -0.707765 1 0.603228 0.271121
3.32977 -0.707765 1 0.603228 0.271121
3.28817 -0.881062 1 0.624185 0.273972
3.5254 -0.749348 1.44 0.603141 0.193702
3.28817 -0.881062 1 0.624185 0.273972
3.48135 -0.932826 1.44 0.624283 0.195423
3.5254 -0.749348 1.44 0.603141 0.193702
3.5254 -0.749348 1.44 0.603141 0.193702
3.48135 -0.932826 1.44 0.624283 0.195423
3.72103 -0.79093 1.96 0.60328 0.112823
3.48135 -0.932826 1.44 0.624283 0.195423
3.67454 -0.98459 1.96 0.623863 0.114094
3.72103 -0.79093 1.96 0.60328 0.112823
0.790151 -0.125148 -0 0.56166 0.91306
0.782518 -0.166329 -0 0.571668 0.914983
0.987688 -0.156434 -0 0.565429 0.843639
0.782518 -0.166329 -0 0.571668 0.914983
0.978148 -0.207912 -0 0.579476 0.84403
0.987688 -0.156434 -0 0.565429 0.843639
0.987688 -0.156434 -0 0.565429 0.843639
0.978148 -0.207912 -0 0.579476 0.84403
1.18523 -0.187721 -0 0.56992 0.778491
0.978148 -0.207912 -0 0.579476 0.84403
1.17378 -0.249494 -0 0.584589 0.781524
1.18523 -0.187721 -0 0.56992 0.778491
1.18523 -0.187721 -0 0.56992 0.778491
1.17378 -0.249494 -0 0.584589 0.781524
1.38276 -0.219008 -0 0.571864 0.723631
1.17378 -0.249494 -0 0.584589 0.781524
1.36941 -0.291076 -0 0.587156 0.724845
1.38276 -0.219008 -0 0.571864 0.723631
1.38276 -0.219008 -0 0.571864 0.723631
1.36941 -0.291076 -0 0.587156 0.724845
1.5803 -0.250295 -0 0.574997 0.674153
1.36941 -0.291076 -0 0.587156 0.724845
1.56504 -0.332659 -0 0.590616 0.67574
1.5803 -0.250295 -0 0.574997 0.674153
1.5803 -0.250295 -0 0.574997 0.674153
1.56504 -0.332659 -0 0.590616 0.67574
1.77784 -0.281582 -0 0.575952 0.630107
1.56504 -0.332659 -0 0.590616 0.67574
1.76067 -0.374241 -0 0.591819 0.632062
1.77784 -0.281582 -0 0.575952 0.630107
1.77784 -0.281582 -0 0.575952 0.630107
1.76067 -0.374241 -0 0.591819 0.632062
1.97538 -0.312869 -0 0.576537 0.592959
1.76067 -0.374241 -0 0.591819 0.632062
1.9563 -0.415823 -0 0.594324 0.595146
1.97538 -0.312869 -0 0.576537 0.592959
1.97538 -0.312869 -0 0.576537 0.592959
1.9563 -0.415823 -0 0.594324 0.595146
2.17291 -0.344156 -0 0.576882 0.560816
1.9563 -0.415823 -0 0.594324 0.595146
2.15192 -0.457406 -0 0.594775 0.56329
2.17291 -0.344156 -0 0.576882 0.560816
2.17291 -0.344156 -0 0.576882 0.560816
2.15192 -0.457406 -0 0.594775 0.56329
2.5721 -0.407381 0.04 0.57894 0.501467
2.15192 -0.457406 -0 0.594775 0.56329
2.54726 -0.541436 0.04 0.596882 0.504435
2.5721 -0.407381 0.04 0.57894 0.501467
2.5721 -0.407381 0.04 0.57894 0.501467
2.54726 -0.541436 0.04 0.596882 0.504435
2.76964 -0.438668 0.16 0.578798 0.459906
2.54726 -0.541436 0.04 0.596882 0.504435
2.74289 -0.583018 0.16 0.598493 0.463225
2.76964 -0.438668 0.16 0.578798 0.459906
2.76964 -0.438668 0.16 0.578798 0.459906
2.74289 -0.583018 0.16 0.598493 0.463225
2.96718 -0.469955 0.36 0.580042 0.407398
2.74289 -0.583018 0.16 0.598493 0.463225
2.93851 -0.624601 0.36 0.599511 0.40825
2.96718 -0.469955 0.36 0.580042 0.407398
2.96718 -0.469955 0.36 0.580042 0.407398
2.93851 -0.624601 0.36 0.599511 0.40825
3.16471 -0.501242 0.64 0.582281 0.343262
2.93851 -0.624601 0.36 0.599511 0.40825
3.13414 -0.666183 0.64 0.601315 0.344664
3.16471 -0.501242 0.64 0.582281 0.343262
3.16471 -0.501242 0.64 0.582281 0.343262
3.13414 -0.666183 0.64 0.601315 0.344664
3.36225 -0.532528 1 0.581664 0.27126
3.13414 -0.666183 0.64 0.601315 0.344664
3.32977 -0.707765 1 0.603228 0.271121
3.36225 -0.532528 1 0.581664 0.27126
3.36225 -0.532528 1 0.581664 0.27126
3.32977 -0.707765 1 0.603228 0.271121
3.55979 -0.563815 1.44 0.582704 0.190887
3.32977 -0.707765 1 0.603228 0.271121
3.5254 -0.749348 1.44 0.603141 0.193702
3.55979 -0.563815 1.44 0.582704 0.190887
3.55979 -0.563815 1.44 0.582704 0.190887
3.5254 -0.749348 1.44 0.603141 0.193702
3.75733 -0.595102 1.96 0.581759 0.110843
3.5254 -0.749348 1.44 0.603141 0.193702
3.72103 -0.79093 1.96 0.60328 0.112823
3.75733 -0.595102 1.96 0.581759 0.110843
0.795618 -0.0836228 -0 0.549937 0.912555
0.790151 -0.125148 -0 0.56166 0.91306
0.994522 -0.104528 -0 0.552764 0.842753
0.790151 -0.125148 -0 0.56166 0.91306
0.987688 -0.156434 -0 0.565429 0.843639
0.994522 -0.104528 -0 0.552764 0.842753
0.994522 -0.104528 -0 0.552764 0.842753
0.987688 -0.156434 -0 0.565429 0.843639
1.19343 -0.125434 -0 0.554879 0.777336
0.987688 -0.156434 -0 0.565429 0.843639
1.18523 -0.187721 -0 0.56992 0.778491
1.19343 -0.125434 -0 0.554879 0.777336
1.19343 -0.125434 -0 0.554879 0.777336
1.18523 -0.187721 -0 0.56992 0.778491
1.39233 -0.14634 -0 0.556292 0.722094
1.18523 -0.187721 -0 0.56992 0.778491
1.38276 -0.219008 -0 0.571864 0.723631
1.39233 -0.14634 -0 0.556292 0.722094
1.39233 -0.14634 -0 0.556292 0.722094
1.38276 -0.219008 -0 0.571864 0.723631
1.59124 -0.167246 -0 0.559077 0.672294
1.38276 -0.219008 -0 0.571864 0.723631
1.5803 -0.250295 -0 0.574997 0.674153
1.59124 -0.167246 -0 0.559077 0.672294
1.59124 -0.167246 -0 0.559077 0.672294
1.5803 -0.250295 -0 0.574997 0.674153
1.79014 -0.188151 -0 0.559738 0.630762
1.5803 -0.250295 -0 0.574997 0.674153
1.77784 -0.281582 -0 0.575952 0.630107
1.79014 -0.188151 -0 0.559738 0.630762
1.79014 -0.188151 -0 0.559738 0.630762
1.77784 -0.281582 -0 0.575952 0.630107
1.98904 -0.209057 -0 0.560174 0.593436
1.77784 -0.281582 -0 0.575952 0.630107
1.97538 -0.312869 -0 0.576537 0.592959
1.98904 -0.209057 -0 0.560174 0.593436
1.98904 -0.209057 -0 0.560174 0.593436
1.97538 -0.312869 -0 0.576537 0.592959
2.18795 -0.229963 -0 0.560432 0.561128
1.97538 -0.312869 -0 0.576537 0.592959
2.17291 -0.344156 -0 0.576882 0.560816
2.18795 -0.229963 -0 0.560432 0.561128
2.18795 -0.229963 -0 0.560432 0.561128
2.17291 -0.344156 -0 0.576882 0.560816
2.5899 -0.272209 0.04 0.560613 0.501456
2.17291 -0.344156 -0 0.576882 0.560816
2.5721 -0.407381 0.04 0.57894 0.501467
2.5899 -0.272209 0.04 0.560613 0.501456
2.5899 -0.272209 0.04 0.560613 0.501456
2.5721 -0.407381 0.04 0.57894 0.501467
2.7888 -0.293115 0.16 0.560512 0.459641
2.5721 -0.407381 0.04 0.57894 0.501467
2.76964 -0.438668 0.16 0.578798 0.459906
2.7888 -0.293115 0.16 0.560512 0.459641
2.7888 -0.293115 0.16 0.560512 0.459641
2.76964 -0.438668 0.16 0.578798 0.459906
2.98771 -0.314021 0.36 0.561912 0.403919
2.76964 -0.438668 0.16 0.578798 0.459906
2.96718 -0.469955 0.36 0.580042 0.407398
2.98771 -0.314021 0.36 0.561912 0.403919
2.98771 -0.314021 0.36 0.561912 0.403919
2.96718 -0.469955 0.36 0.580042 0.407398
3.18661 -0.334926 0.64 0.561016 0.342115
2.96718 -0.469955 0.36 0.580042 0.407398
3.16471 -0.501242 0.64 0.582281 0.343262
3.18661 -0.334926 0.64 0.561016 0.342115
3.18661 -0.334926 0.64 0.561016 0.342115
3.16471 -0.501242 0.64 0.582281 0.343262
3.38551 -0.355832 1 0.561145 0.269705
3.16471 -0.501242 0.64 0.582281 0.343262
3.36225 -0.532528 1 0.581664 0.27126
3.38551 -0.355832 1 0.561145 0.269705
3.38551 -0.355832 1 0.561145 0.269705
3.36225 -0.532528 1 0.581664 0.27126
3.58442 -0.376738 1.44 0.560234 0.190723
3.36225 -0.532528 1 0.581664 0.27126
3.55979 -0.563815 1.44 0.582704 0.190887
3.58442 -0.376738 1.44 0.560234 0.190723
3.58442 -0.376738 1.44 0.560234 0.190723
3.55979 -0.563815 1.44 0.582704 0.190887
3.78332 -0.397643 1.96 0.559636 0.10985
3.55979 -0.563815 1.44 0.582704 0.190887
3.75733 -0.595102 1.96 0.581759 0.110843
3.78332 -0.397643 1.96 0.559636 0.10985
0.798904 -0.0418688 -0 0.539583 0.911664
0.795618 -0.0836228 -0 0.549937 0.912555
0.99863 -0.052336 -0 0.53995 0.841551
0.795618 -0.0836228 -0 0.549937 0.912555
0.994522 -0.104528 -0 0.552764 0.842753
0.99863 -0.052336 -0 0.53995 0.841551
0.99863 -0.052336 -0 0.53995 0.841551
0.994522 -0.104528 -0 0.552764 0.842753
1.19836 -0.0628031 -0 0.541298 0.778031
0.994522 -0.104528 -0 0.552764 0.842753
1.19343 -0.125434 -0 0.554879 0.777336
1.19836 -0.0628031 -0 0.541298 0.778031
1.19836 -0.0628031 -0 0.541298 0.778031
1.19343 -0.125434 -0 0.554879 0.777336
1.39808 -0.0732703 -0 0.542269 0.72017
1.19343 -0.125434 -0 0.554879 0.777336
1.39233 -0.14634 -0 0.556292 0.722094
1.39808 -0.0732703 -0 0.542269 0.72017
1.39808 -0.0732703 -0 0.542269 0.72017
1.39233 -0.14634 -0 0.556292 0.722094
1.59781 -0.0837375 -0 0.54289 0.672874
1.39233 -0.14634 -0 0.556292 0.722094
1.59124 -0.167246 -0 0.559077 0.672294
1.59781 -0.0837375 -0 0.54289 0.672874
1.59781 -0.0837375 -0 0.54289 0.672874
1.59124 -0.167246 -0 0.559077 0.672294
1.79753 -0.0942047 -0 0.541499 0.628417
1.59124 -0.167246 -0 0.559077 0.672294
1.79014 -0.188151 -0 0.559738 0.630762
1.79753 -0.0942047 -0 0.541499 0.628417
1.79753 -0.0942047 -0 0.541499 0.628417
1.79014 -0.188151 -0 0.559738 0.630762
1.99726 -0.104672 -0 0.541754 0.590874
1.79014 -0.188151 -0 0.559738 0.630762
1.98904 -0.209057 -0 0.560174 0.593436
1.99726 -0.104672 -0 0.541754 0.590874
1.99726 -0.104672 -0 0.541754 0.590874
1.98904 -0.209057 -0 0.560174 0.593436
2.19699 -0.115139 -0 0.541892 0.561365
1.98904 -0.209057 -0 0.560174 0.593436
2.18795 -0.229963 -0 0.560432 0.561128
2.19699 -0.115139 -0 0.541892 0.561365
2.19699 -0.115139 -0 0.541892 0.561365
2.18795 -0.229963 -0 0.560432 0.561128
2.60059 -0.136291 0.04 0.542003 0.501452
2.18795 -0.229963 -0 0.560432 0.561128
2.5899 -0.272209 0.04 0.560613 0.501456
2.60059 -0.136291 0.04 0.542003 0.501452
2.60059 -0.136291 0.04 0.542003 0.501452
2.5899 -0.272209 0.04 0.560613 0.501456
2.80032 -0.146759 0.16 0.541946 0.459467
2.5899 -0.272209 0.04 0.560613 0.501456
2.7888 -0.293115 0.16 0.560512 0.459641
2.80032 -0.146759 0.16 0.541946 0.459467
2.80032 -0.146759 0.16 0.541946 0.459467
2.7888 -0.293115 0.16 0.560512 0.459641
3.00005 -0.157226 0.36 0.541697 0.403479
2.7888 -0.293115 0.16 0.560512 0.459641
2.98771 -0.314021 0.36 0.561912 0.403919
3.00005 -0.157226 0.36 0.541697 0.403479
3.00005 -0.157226 0.36 0.541697 0.403479
2.98771 -0.314021 0.36 0.561912 0.403919
3.19977 -0.167693 0.64 0.541191 0.341442
2.98771 -0.314021 0.36 0.561912 0.403919
3.18661 -0.334926 0.64 0.561016 0.342115
3.19977 -0.167693 0.64 0.541191 0.341442
3.19977 -0.167693 0.64 0.541191 0.341442
3.18661 -0.334926 0.64 0.561016 0.342115
3.3995 -0.17816 1 0.540287 0.268717
3.18661 -0.334926 0.64 0.561016 0.342115
3.38551 -0.355832 1 0.561145 0.269705
3.3995 -0.17816 1 0.540287 0.268717
3.3995 -0.17816 1 0.540287 0.268717
3.38551 -0.355832 1 0.561145 0.269705
3.59922 -0.188627 1.44 0.538905 0.189457
3.38551 -0.355832 1 0.561145 0.269705
3.58442 -0.376738 1.44 0.560234 0.190723
3.59922 -0.188627 1.44 0.538905 0.189457
3.59922 -0.188627 1.44 0.538905 0.189457
3.58442 -0.376738 1.44 0.560234 0.190723
3.79895 -0.199095 1.96 0.538584 0.109987
3.58442 -0.376738 1.44 0.560234 0.190723
3.78332 -0.397643 1.96 0.559636 0.10985
3.79895 -0.199095 1.96 0.538584 0.109987
0.8 -4.89859e-17 -0 0.527619 0.912139
0.798904 -0.0418688 -0 0.539583 0.911664
1 -6.12323e-17 -0 0.526999 0.841989
0.798904 -0.0418688 -0 0.539583 0.911664
0.99863 -0.052336 -0 0.53995 0.841551
1 -6.12323e-17 -0 0.526999 0.841989
1 -6.12323e-17 -0 0.526999 0.841989
0.99863 -0.052336 -0 0.53995 0.841551
1.2 -7.34788e-17 -0 0.527636 0.778438
0.99863 -0.052336 -0 0.53995 0.841551
1.19836 -0.0628031 -0 0.541298 0.778031
1.2 -7.34788e-17 -0 0.527636 0.778438
1.2 -7.34788e-17 -0 0.527636 0.778438
1.19836 -0.0628031 -0 0.541298 0.778031
1.4 -8.57253e-17 -0 0.526321 0.720551
1.19836 -0.0628031 -0 0.541298 0.778031
1.39808 -0.0732703 -0 0.542269 0.72017
1.4 -8.57253e-17 -0 0.526321 0.720551
1.4 -8.57253e-17 -0 0.526321 0.720551
1.39808 -0.0732703 -0 0.542269 0.72017
1.6 -9.79717e-17 -0 0.526575 0.673193
1.39808 -0.0732703 -0 0.542269 0.72017
1.59781 -0.0837375 -0 0.54289 0.672874
1.6 -9.79717e-17 -0 0.526575 0.673193
1.6 -9.79717e-17 -0 0.526575 0.673193
1.59781 -0.0837375 -0 0.54289 0.672874
1.8 -1.10218e-16 -0 0.524912 0.628642
1.59781 -0.0837375 -0 0.54289 0.672874
1.79753 -0.0942047 -0 0.541499 0.628417
1.8 -1.10218e-16 -0 0.524912 0.628642
1.8 -1.10218e-16 -0 0.524912 0.628642
1.79753 -0.0942047 -0 0.541499 0.628417
2 -1.22465e-16 -0 0.525008 0.591038
1.79753 -0.0942047 -0 0.541499 0.628417
1.99726 -0.104672 -0 0.541754 0.590874
2 -1.22465e-16 -0 0.525008 0.591038
2 -1.22465e-16 -0 0.525008 0.591038
1.99726 -0.104672 -0 0.541754 0.590874
2.2 -1.34711e-16 -0 0.52506 0.561477
1.99726 -0.104672 -0 0.541754 0.590874
2.19699 -0.115139 -0 0.541892 0.561365
2.2 -1.34711e-16 -0 0.52506 0.561477
2.2 -1.34711e-16 -0 0.52506 0.561477
2.19699 -0.115139 -0 0.541892 0.561365
2.60416 -1.59459e-16 0.04 0.523225 0.501454
2.19699 -0.115139 -0 0.541892 0.561365
2.60059 -0.136291 0.04 0.542003 0.501452
2.60416 -1.59459e-16 0.04 0.523225 0.501454
2.60416 -1.59459e-16 0.04 0.523225 0.501454
2.60059 -0.136291 0.04 0.542003 0.501452
2.80416 -1.71705e-16 0.16 0.523212 0.459389
2.60059 -0.136291 0.04 0.542003 0.501452
2.80032 -0.146759 0.16 0.541946 0.459467
2.80416 -1.71705e-16 0.16 0.523212 0.459389
2.80416 -1.71705e-16 0.16 0.523212 0.459389
2.80032 -0.146759 0.16 0.541946 0.459467
3.00416 -1.83952e-16 0.36 0.521291 0.406197
2.80032 -0.146759 0.16 0.541946 0.459467
3.00005 -0.157226 0.36 0.541697 0.403479
3.00416 -1.83952e-16 0.36 0.521291 0.406197
3.00416 -1.83952e-16 0.36 0.521291 0.406197
3.00005 -0.157226 0.36 0.541697 0.403479
3.20416 -1.96198e-16 0.64 0.521186 0.34115
3.00005 -0.157226 0.36 0.541697 0.403479
3.19977 -0.167693 0.64 0.541191 0.341442
3.20416 -1.96198e-16 0.64 0.521186 0.34115
3.20416 -1.96198e-16 0.64 0.521186 0.34115
3.19977 -0.167693 0.64 0.541191 0.341442
3.40416 -2.08445e-16 1 0.519243 0.268323
3.19977 -0.167693 0.64 0.541191 0.341442
3.3995 -0.17816 1 0.540287 0.268717
3.40416 -2.08445e-16 1 0.519243 0.268323
3.40416 -2.08445e-16 1 0.519243 0.268323
3.3995 -0.17816 1 0.540287 0.268717
3.60416 -2.20691e-16 1.44 0.519061 0.191082
3.3995 -0.17816 1 0.540287 0.268717
3.59922 -0.188627 1.44 0.538905 0.189457
3.60416 -2.20691e-16 1.44 0.519061 0.191082
3.60416 -2.20691e-16 1.44 0.519061 0.191082
3.59922 -0.188627 1.44 0.538905 0.189457
3.80416 -2.32938e-16 1.96 0.517278 0.109443
3.59922 -0.188627 1.44 0.538905 0.189457
3.79895 -0.199095 1.96 0.538584 0.109987
3.80416 -2.32938e-16 1.96 0.517278 0.109443
0.798904 0.0418688 -0 0.517127 0.912299
0.8 -4.89859e-17 -0 0.527619 0.912139
0.99863 0.052336 -0 0.514015 0.842113
0.8 -4.89859e-17 -0 0.527619 0.912139
1 -6.12323e-17 -0 0.526999 0.841989
0.99863 0.052336 -0 0.514015 0.842113
0.99863 0.052336 -0 0.514015 0.842113
1 -6.12323e-17 -0 0.526999 0.841989
1.19836 0.0628031 -0 0.512222 0.778548
1 -6.12323e-17 -0 0.526999 0.841989
1.2 -7.34788e-17 -0 0.527636 0.778438
1.19836 0.0628031 -0 0.512222 0.778548
1.19836 0.0628031 -0 0.512222 0.778548
1.2 -7.34788e-17 -0 0.527636 0.778438
1.39808 0.0732703 -0 0.510332 0.723148
1.2 -7.34788e-17 -0 0.527636 0.778438
1.4 -8.57253e-17 -0 0.526321 0.720551
1.39808 0.0732703 -0 0.510332 0.723148
1.39808 0.0732703 -0 0.510332 0.723148
1.4 -8.57253e-17 -0 0.526321 0.720551
1.59781 0.0837375 -0 0.510208 0.673245
1.4 -8.57253e-17 -0 0.526321 0.720551
1.6 -9.79717e-17 -0 0.526575 0.673193
1.59781 0.0837375 -0 0.510208 0.673245
1.59781 0.0837375 -0 0.510208 0.673245
1.6 -9.79717e-17 -0 0.526575 0.673193
1.79753 0.0942047 -0 0.508285 0.631507
1.6 -9.79717e-17 -0 0.526575 0.673193
1.8 -1.10218e-16 -0 0.524912 0.628642
1.79753 0.0942047 -0 0.508285 0.631507
1.79753 0.0942047 -0 0.508285 0.631507
1.8 -1.10218e-16 -0 0.524912 0.628642
1.99726 0.104672 -0 0.508218 0.593983
1.8 -1.10218e-16 -0 0.524912 0.628642
2 -1.22465e-16 -0 0.525008 0.591038
1.99726 0.104672 -0 0.508218 0.593983
1.99726 0.104672 -0 0.508218 0.593983
2 -1.22465e-16 -0 0.525008 0.591038
2.19699 0.115139 -0 0.506305 0.561485
2 -1.22465e-16 -0 0.525008 0.591038
2.2 -1.34711e-16 -0 0.52506 0.561477
2.19699 0.115139 -0 0.506305 0.561485
2.19699 0.115139 -0 0.506305 0.561485
2.2 -1.34711e-16 -0 0.52506 0.561477
2.60059 0.136291 0.04 0.504396 0.501464
2.2 -1.34711e-16 -0 0.52506 0.561477
2.60416 -1.59459e-16 0.04 0.523225 0.501454
2.60059 0.136291 0.04 0.504396 0.501464
2.60059 0.136291 0.04 0.504396 0.501464
2.60416 -1.59459e-16 0.04 0.523225 0.501454
2.80032 0.146759 0.16 0.50443 0.459407
2.60416 -1.59459e-16 0.04 0.523225 0.501454
2.80416 -1.71705e-16 0.16 0.523212 0.459389
2.80032 0.146759 0.16 0.50443 0.459407
2.80032 0.146759 0.16 0.50443 0.459407
2.80416 -1.71705e-16 0.16 0.523212 0.459389
3.00005 0.157226 0.36 0.502683 0.406246
2.80416 -1.71705e-16 0.16 0.523212 0.459389
3.00416 -1.83952e-16 0.36 0.521291 0.406197
3.00005 0.157226 0.36 0.502683 0.406246
3.00005 0.157226 0.36 0.502683 0.406246
3.00416 -1.83952e-16 0.36 0.521291 0.406197
3.19977 0.167693 0.64 0.501125 0.343986
3.00416 -1.83952e-16 0.36 0.521291 0.406197
3.20416 -1.96198e-16 0.64 0.521186 0.34115
3.19977 0.167693 0.64 0.501125 0.343986
3.19977 0.167693 0.64 0.501125 0.343986
3.20416 -1.96198e-16 0.64 0.521186 0.34115
3.3995 0.17816 1 0.498145 0.270995
3.20416 -1.96198e-16 0.64 0.521186 0.34115
3.40416 -2.08445e-16 1 0.519243 0.268323
3.3995 0.17816 1 0.498145 0.270995
3.3995 0.17816 1 0.498145 0.270995
3.40416 -2.08445e-16 1 0.519243 0.268323
3.59922 0.188627 1.44 0.497496 0.191374
3.40416 -2.08445e-16 1 0.519243 0.268323
3.60416 -2.20691e-16 1.44 0.519061 0.191082
3.59922 0.188627 1.44 0.497496 0.191374
3.59922 0.188627 1.44 0.497496 0.191374
3.60416 -2.20691e-16 1.44 0.519061 0.191082
3.79895 0.199095 1.96 0.49592 0.111509
3.60416 -2.20691e-16 1.44 0.519061 0.191082
3.80416 -2.32938e-16 1.96 0.517278 0.109443
3.79895 0.199095 1.96 0.49592 0.111509
0.795618 0.0836228 -0 0.505155 0.913746
0.798904 0.0418688 -0 0.517127 0.912299
0.994522 0.104528 -0 0.501063 0.843873
0.798904 0.0418688 -0 0.517127 0.912299
0.99863 0.052336 -0 0.514015 0.842113
0.994522 0.104528 -0 0.501063 0.843873
0.994522 0.104528 -0 0.501063 0.843873
0.99863 0.052336 -0 0.514015 0.842113
1.19343 0.125434 -0 0.498559 0.780611
0.99863 0.052336 -0 0.514015 0.842113
1.19836 0.0628031 -0 0.512222 0.778548
1.19343 0.125434 -0 0.498559 0.780611
1.19343 0.125434 -0 0.498559 0.780611
1.19836 0.0628031 -0 0.512222 0.778548
1.39233 0.14634 -0 0.496151 0.72293
1.19836 0.0628031 -0 0.512222 0.778548
1.39808 0.0732703 -0 0.510332 0.723148
1.39233 0.14634 -0 0.496151 0.72293
1.39233 0.14634 -0 0.496151 0.72293
1.39808 0.0732703 -0 0.510332 0.723148
1.59124 0.167246 -0 0.493892 0.675739
1.39808 0.0732703 -0 0.510332 0.723148
1.59781 0.0837375 -0 0.510208 0.673245
1.59124 0.167246 -0 0.493892 0.675739
1.59124 0.167246 -0 0.493892 0.675739
1.59781 0.0837375 -0 0.510208 0.673245
1.79014 0.188151 -0 0.491704 0.631315
1.59781 0.0837375 -0 0.510208 0.673245
1.79753 0.0942047 -0 0.508285 0.631507
1.79014 0.188151 -0 0.491704 0.631315
1.79014 0.188151 -0 0.491704 0.631315
1.79753 0.0942047 -0 0.508285 0.631507
1.98904 0.209057 -0 0.489617 0.593822
1.79753 0.0942047 -0 0.508285 0.631507
1.99726 0.104672 -0 0.508218 0.593983
1.98904 0.209057 -0 0.489617 0.593822
1.98904 0.209057 -0 0.489617 0.593822
1.99726 0.104672 -0 0.508218 0.593983
2.18795 0.229963 -0 0.489484 0.564359
1.99726 0.104672 -0 0.508218 0.593983
2.19699 0.115139 -0 0.506305 0.561485
2.18795 0.229963 -0 0.489484 0.564359
2.18795 0.229963 -0 0.489484 0.564359
2.19699 0.115139 -0 0.506305 0.561485
2.5899 0.272209 0.04 0.48751 0.504483
2.19699 0.115139 -0 0.506305 0.561485
2.60059 0.136291 0.04 0.504396 0.501464
2.5899 0.272209 0.04 0.48751 0.504483
2.5899 0.272209 0.04 0.48751 0.504483
2.60059 0.136291 0.04 0.504396 0.501464
2.7888 0.293115 0.16 0.485711 0.462506
2.60059 0.136291 0.04 0.504396 0.501464
2.80032 0.146759 0.16 0.50443 0.459407
2.7888 0.293115 0.16 0.485711 0.462506
2.7888 0.293115 0.16 0.485711 0.462506
2.80032 0.146759 0.16 0.50443 0.459407
2.98771 0.314021 0.36 0.482289 0.409441
2.80032 0.146759 0.16 0.50443 0.459407
3.00005 0.157226 0.36 0.502683 0.406246
2.98771 0.314021 0.36 0.482289 0.409441
2.98771 0.314021 0.36 0.482289 0.409441
3.00005 0.157226 0.36 0.502683 0.406246
3.18661 0.334926 0.64 0.481163 0.344464
3.00005 0.157226 0.36 0.502683 0.406246
3.19977 0.167693 0.64 0.501125 0.343986
3.18661 0.334926 0.64 0.481163 0.344464
3.18661 0.334926 0.64 0.481163 0.344464
3.19977 0.167693 0.64 0.501125 0.343986
3.38551 0.355832 1 0.478915 0.271711
3.19977 0.167693 0.64 0.501125 0.343986
3.3995 0.17816 1 0.498145 0.270995
3.38551 0.355832 1 0.478915 0.271711
3.38551 0.355832 1 0.478915 0.271711
3.3995 0.17816 1 0.498145 0.270995
3.58442 0.376738 1.44 0.476002 0.194561
3.3995 0.17816 1 0.498145 0.270995
3.59922 0.188627 1.44 0.497496 0.191374
3.58442 0.376738 1.44 0.476002 0.194561
3.58442 0.376738 1.44 0.476002 0.194561
3.59922 0.188627 1.44 0.497496 0.191374
3.78332 0.397643 1.96 0.473198 0.113026
3.59922 0.188627 1.44 0.497496 0.191374
3.79895 0.199095 1.96 0.49592 0.111509
3.78332 0.397643 1.96 0.473198 0.113026
0.790151 0.125148 -0 0.494744 0.914942
0.795618 0.0836228 -0 0.505155 0.913746
0.987688 0.156434 -0 0.488202 0.845307
0.795618 0.0836228 -0 0.505155 0.913746
0.994522 0.104528 -0 0.501063 0.843873
0.987688 0.156434 -0 0.488202 0.845307
0.987688 0.156434 -0 0.488202 0.845307
0.994522 0.104528 -0 0.501063 0.843873
1.18523 0.187721 -0 0.483303 0.782285
0.994522 0.104528 -0 0.501063 0.843873
1.19343 0.125434 -0 0.498559 0.780611
1.18523 0.187721 -0 0.483303 0.782285
1.18523 0.187721 -0 0.483303 0.782285
1.19343 0.125434 -0 0.498559 0.780611
1.38276 0.219008 -0 0.48033 0.724903
1.19343 0.125434 -0 0.498559 0.780611
1.39233 0.14634 -0 0.496151 0.72293
1.38276 0.219008 -0 0.48033 0.724903
1.38276 0.219008 -0 0.48033 0.724903
1.39233 0.14634 -0 0.496151 0.72293
1.5803 0.250295 -0 0.477716 0.677948
1.39233 0.14634 -0 0.496151 0.72293
1.59124 0.167246 -0 0.493892 0.675739
1.5803 0.250295 -0 0.477716 0.677948
1.5803 0.250295 -0 0.477716 0.677948
1.59124 0.167246 -0 0.493892 0.675739
1.77784 0.281582 -0 0.475275 0.633743
1.59124 0.167246 -0 0.493892 0.675739
1.79014 0.188151 -0 0.491704 0.631315
1.77784 0.281582 -0 0.475275 0.633743
1.77784 0.281582 -0 0.475275 0.633743
1.79014 0.188151 -0 0.491704 0.631315
1.97538 0.312869 -0 0.47304 0.596427
1.79014 0.188151 -0 0.491704 0.631315
1.98904 0.209057 -0 0.489617 0.593822
1.97538 0.312869 -0 0.47304 0.596427
1.97538 0.312869 -0 0.47304 0.596427
1.98904 0.209057 -0 0.489617 0.593822
2.17291 0.344156 -0 0.47097 0.56708
1.98904 0.209057 -0 0.489617 0.593822
2.18795 0.229963 -0 0.489484 0.564359
2.17291 0.344156 -0 0.47097 0.56708
2.17291 0.344156 -0 0.47097 0.56708
2.18795 0.229963 -0 0.489484 0.564359
2.5721 0.407381 0.04 0.468923 0.507484
2.18795 0.229963 -0 0.489484 0.564359
2.5899 0.272209 0.04 0.48751 0.504483
2.5721 0.407381 0.04 0.468923 0.507484
2.5721 0.407381 0.04 0.468923 0.507484
2.5899 0.272209 0.04 0.48751 0.504483
2.76964 0.438668 0.16 0.467186 0.462701
2.5899 0.272209 0.04 0.48751 0.504483
2.7888 0.293115 0.16 0.485711 0.462506
2.76964 0.438668 0.16 0.467186 0.462701
2.76964 0.438668 0.16 0.467186 0.462701
2.7888 0.293115 0.16 0.485711 0.462506
2.96718 0.469955 0.36 0.463972 0.409902
2.7888 0.293115 0.16 0.485711 0.462506
2.98771 0.314021 0.36 0.482289 0.409441
2.96718 0.469955 0.36 0.463972 0.409902
2.96718 0.469955 0.36 0.463972 0.409902
2.98771 0.314021 0.36 0.482289 0.409441
3.16471 0.501242 0.64 0.459608 0.348133
2.98771 0.314021 0.36 0.482289 0.409441
3.18661 0.334926 0.64 0.481163 0.344464
3.16471 0.501242 0.64 0.459608 0.348133
3.16471 0.501242 0.64 0.459608 0.348133
3.18661 0.334926 0.64 0.481163 0.344464
3.36225 0.532528 1 0.458124 0.275502
3.18661 0.334926 0.64 0.481163 0.344464
3.38551 0.355832 1 0.478915 0.271711
3.36225 0.532528 1 0.458124 0.275502
3.36225 0.532528 1 0.458124 0.275502
3.38551 0.355832 1 0.478915 0.271711
3.55979 0.563815 1.44 0.454845 0.196434
3.38551 0.355832 1 0.478915 0.271711
3.58442 0.376738 1.44 0.476002 0.194561
3.55979 0.563815 1.44 0.454845 0.196434
3.55979 0.563815 1.44 0.454845 0.196434
3.58442 0.376738 1.44 0.476002 0.194561
3.75733 0.595102 1.96 0.452306 0.115397
3.58442 0.376738 1.44 0.476002 0.194561
3.78332 0.397643 1.96 0.473198 0.113026
3.75733 0.595102 1.96 0.452306 0.115397
0.782518 0.166329 -0 0.483 0.917324
0.790151 0.125148 -0 0.494744 0.914942
0.978148 0.207912 -0 0.475539 0.848339
0.790151 0.125148 -0 0.494744 0.914942
0.987688 0.156434 -0 0.488202 0.845307
0.978148 0.207912 -0 0.475539 0.848339
0.978148 0.207912 -0 0.475539 0.848339
0.987688 0.156434 -0 0.488202 0.845307
1.17378 0.249494 -0 0.469975 0.785943
0.987688 0.156434 -0 0.488202 0.845307
1.18523 0.187721 -0 0.483303 0.782285
1.17378 0.249494 -0 0.469975 0.785943
1.17378 0.249494 -0 0.469975 0.785943
1.18523 0.187721 -0 0.483303 0.782285
1.36941 0.291076 -0 0.464779 0.729032
1.18523 0.187721 -0 0.483303 0.782285
1.38276 0.219008 -0 0.48033 0.724903
1.36941 0.291076 -0 0.464779 0.729032
1.36941 0.291076 -0 0.464779 0.729032
1.38276 0.219008 -0 0.48033 0.724903
1.56504 0.332659 -0 0.461752 0.679871
1.38276 0.219008 -0 0.48033 0.724903
1.5803 0.250295 -0 0.477716 0.677948
1.56504 0.332659 -0 0.461752 0.679871
1.56504 0.332659 -0 0.461752 0.679871
1.5803 0.250295 -0 0.477716 0.677948
1.76067 0.374241 -0 0.459122 0.63874
1.5803 0.250295 -0 0.477716 0.677948
1.77784 0.281582 -0 0.475275 0.633743
1.76067 0.374241 -0 0.459122 0.63874
1.76067 0.374241 -0 0.459122 0.63874
1.77784 0.281582 -0 0.475275 0.633743
1.9563 0.415823 -0 0.456735 0.60174
1.77784 0.281582 -0 0.475275 0.633743
1.97538 0.312869 -0 0.47304 0.596427
1.9563 0.415823 -0 0.456735 0.60174
1.9563 0.415823 -0 0.456735 0.60174
1.97538 0.312869 -0 0.47304 0.596427
2.15192 0.457406 -0 0.45456 0.569687
1.97538 0.312869 -0 0.47304 0.596427
2.17291 0.344156 -0 0.47097 0.56708
2.15192 0.457406 -0 0.45456 0.569687
2.15192 0.457406 -0 0.45456 0.569687
2.17291 0.344156 -0 0.47097 0.56708
2.54726 0.541436 0.04 0.450632 0.510447
2.17291 0.344156 -0 0.47097 0.56708
2.5721 0.407381 0.04 0.468923 0.507484
2.54726 0.541436 0.04 0.450632 0.510447
2.54726 0.541436 0.04 0.450632 0.510447
2.5721 0.407381 0.04 0.468923 0.507484
2.74289 0.583018 0.16 0.447143 0.465965
2.5721 0.407381 0.04 0.468923 0.507484
2.76964 0.438668 0.16 0.467186 0.462701
2.74289 0.583018 0.16 0.447143 0.465965
2.74289 0.583018 0.16 0.447143 0.465965
2.76964 0.438668 0.16 0.467186 0.462701
2.93851 0.624601 0.36 0.44414 0.413494
2.76964 0.438668 0.16 0.467186 0.462701
2.96718 0.469955 0.36 0.463972 0.409902
2.93851 0.624601 0.36 0.44414 0.413494
2.93851 0.624601 0.36 0.44414 0.413494
2.96718 0.469955 0.36 0.463972 0.409902
3.13414 0.666183 0.64 0.440204 0.352058
2.96718 0.469955 0.36 0.463972 0.409902
3.16471 0.501242 0.64 0.459608 0.348133
3.13414 0.666183 0.64 0.440204 0.352058
3.13414 0.666183 0.64 0.440204 0.352058
3.16471 0.501242 0.64 0.459608 0.348133
3.32977 0.707765 1 0.436031 0.279995
3.16471 0.501242 0.64 0.459608 0.348133
3.36225 0.532528 1 0.458124 0.275502
3.32977 0.707765 1 0.436031 0.279995
3.32977 0.707765 1 0.436031 0.279995
3.36225 0.532528 1 0.458124 0.275502
3.5254 0.749348 1.44 0.434142 0.199035
3.36225 0.532528 1 0.458124 0.275502
3.55979 0.563815 1.44 0.454845 0.196434
3.5254 0.749348 1.44 0.434142 0.199035
3.5254 0.749348 1.44 0.434142 0.199035
3.55979 0.563815 1.44 0.454845 0.196434
3.72103 0.79093 1.96 0.430418 0.118894
3.55979 0.563815 1.44 0.454845 0.196434
3.75733 0.595102 1.96 0.452306 0.115397
3.72103 0.79093 1.96 0.430418 0.118894
0.772741 0.207055 -0 0.472969 0.921021
0.782518 0.166329 -0 0.483 0.917324
0.965926 0.258819 -0 0.463079 0.851024
0.782518 0.166329 -0 0.483 0.917324
0.978148 0.207912 -0 0.475539 0.848339
0.965926 0.258819 -0 0.463079 0.851024
0.965926 0.258819 -0 0.463079 0.851024
0.978148 0.207912 -0 0.475539 0.848339
1.15911 0.310583 -0 0.455229 0.789104
0.978148 0.207912 -0 0.475539 0.848339
1.17378 0.249494 -0 0.469975 0.785943
1.15911 0.310583 -0 0.455229 0.789104
1.15911 0.310583 -0 0.455229 0.789104
1.17378 0.249494 -0 0.469975 0.785943
1.3523 0.362347 -0 0.44953 0.732785
1.17378 0.249494 -0 0.469975 0.785943
1.36941 0.291076 -0 0.464779 0.729032
1.3523 0.362347 -0 0.44953 0.732785
1.3523 0.362347 -0 0.44953 0.732785
1.36941 0.291076 -0 0.464779 0.729032
1.54548 0.41411 -0 0.446146 0.684158
1.36941 0.291076 -0 0.464779 0.729032
1.56504 0.332659 -0 0.461752 0.679871
1.54548 0.41411 -0 0.446146 0.684158
1.54548 0.41411 -0 0.446146 0.684158
1.56504 0.332659 -0 0.461752 0.679871
1.73867 0.465874 -0 0.441473 0.640579
1.56504 0.332659 -0 0.461752 0.679871
1.76067 0.374241 -0 0.459122 0.63874
1.73867 0.465874 -0 0.441473 0.640579
1.73867 0.465874 -0 0.441473 0.640579
1.76067 0.374241 -0 0.459122 0.63874
1.93185 0.517638 -0 0.438942 0.603883
1.76067 0.374241 -0 0.459122 0.63874
1.9563 0.415823 -0 0.456735 0.60174
1.93185 0.517638 -0 0.438942 0.603883
1.93185 0.517638 -0 0.438942 0.603883
1.9563 0.415823 -0 0.456735 0.60174
2.12504 0.569402 -0 0.436692 0.572099
1.9563 0.415823 -0 0.456735 0.60174
2.15192 0.457406 -0 0.45456 0.569687
2.12504 0.569402 -0 0.436692 0.572099
2.12504 0.569402 -0 0.436692 0.572099
2.15192 0.457406 -0 0.45456 0.569687
2.51543 0.674007 0.04 0.432737 0.513354
2.15192 0.457406 -0 0.45456 0.569687
2.54726 0.541436 0.04 0.450632 0.510447
2.51543 0.674007 0.04 0.432737 0.513354
2.51543 0.674007 0.04 0.432737 0.513354
2.54726 0.541436 0.04 0.450632 0.510447
2.70861 0.725771 0.16 0.429318 0.472166
2.54726 0.541436 0.04 0.450632 0.510447
2.74289 0.583018 0.16 0.447143 0.465965
2.70861 0.725771 0.16 0.429318 0.472166
2.70861 0.725771 0.16 0.429318 0.472166
2.74289 0.583018 0.16 0.447143 0.465965
2.9018 0.777535 0.36 0.424734 0.420098
2.74289 0.583018 0.16 0.447143 0.465965
2.93851 0.624601 0.36 0.44414 0.413494
2.9018 0.777535 0.36 0.424734 0.420098
2.9018 0.777535 0.36 0.424734 0.420098
2.93851 0.624601 0.36 0.44414 0.413494
3.09498 0.829298 0.64 0.421263 0.356256
2.93851 0.624601 0.36 0.44414 0.413494
3.13414 0.666183 0.64 0.440204 0.352058
3.09498 0.829298 0.64 0.421263 0.356256
3.09498 0.829298 0.64 0.421263 0.356256
3.13414 0.666183 0.64 0.440204 0.352058
3.28817 0.881062 1 0.416299 0.282367
3.13414 0.666183 0.64 0.440204 0.352058
3.32977 0.707765 1 0.436031 0.279995
3.28817 0.881062 1 0.416299 0.282367
3.28817 0.881062 1 0.416299 0.282367
3.32977 0.707765 1 0.436031 0.279995
3.48135 0.932826 1.44 0.412328 0.204656
3.32977 0.707765 1 0.436031 0.279995
3.5254 0.749348 1.44 0.434142 0.199035
3.48135 0.932826 1.44 0.412328 0.204656
3.48135 0.932826 1.44 0.412328 0.204656
3.5254 0.749348 1.44 0.434142 0.199035
3.67454 0.98459 1.96 0.409188 0.123293
3.5254 0.749348 1.44 0.434142 0.199035
3.72103 0.79093 1.96 0.430418 0.118894
3.67454 0.98459 1.96 0.409188 0.123293
0.760845 0.247214 -0 0.461693 0.924251
0.772741 0.207055 -0 0.472969 0.921021
0.951057 0.309017 -0 0.450971 0.855236
0.772741 0.207055 -0 0.472969 0.921021
0.965926 0.258819 -0 0.463079 0.851024
0.951057 0.309017 -0 0.450971 0.855236
0.951057 0.309017 -0 0.450971 0.855236
0.965926 0.258819 -0 0.463079 0.851024
1.14127 0.37082 -0 0.442419 0.79206
0.965926 0.258819 -0 0.463079 0.851024
1.15911 0.310583 -0 0.455229 0.789104
1.14127 0.37082 -0 0.442419 0.79206
1.14127 0.37082 -0 0.442419 0.79206
1.15911 0.310583 -0 0.455229 0.789104
1.33148 0.432624 -0 0.434635 0.736166
1.15911 0.310583 -0 0.455229 0.789104
1.3523 0.362347 -0 0.44953 0.732785
1.33148 0.432624 -0 0.434635 0.736166
1.33148 0.432624 -0 0.434635 0.736166
1.3523 0.362347 -0 0.44953 0.732785
1.52169 0.494427 -0 0.429223 0.687954
1.3523 0.362347 -0 0.44953 0.732785
1.54548 0.41411 -0 0.446146 0.684158
1.52169 0.494427 -0 0.429223 0.687954
1.52169 0.494427 -0 0.429223 0.687954
1.54548 0.41411 -0 0.446146 0.684158
1.7119 0.556231 -0 0.426054 0.645014
1.54548 0.41411 -0 0.446146 0.684158
1.73867 0.465874 -0 0.441473 0.640579
1.7119 0.556231 -0 0.426054 0.645014
1.7119 0.556231 -0 0.426054 0.645014
1.73867 0.465874 -0 0.441473 0.640579
1.90211 0.618034 -0 0.421671 0.608629
1.73867 0.465874 -0 0.441473 0.640579
1.93185 0.517638 -0 0.438942 0.603883
1.90211 0.618034 -0 0.421671 0.608629
1.90211 0.618034 -0 0.421671 0.608629
1.93185 0.517638 -0 0.438942 0.603883
2.09232 0.679837 -0 0.419339 0.577216
1.93185 0.517638 -0 0.438942 0.603883
2.12504 0.569402 -0 0.436692 0.572099
2.09232 0.679837 -0 0.419339 0.577216
2.09232 0.679837 -0 0.419339 0.577216
2.12504 0.569402 -0 0.436692 0.572099
2.47671 0.804731 0.04 0.415334 0.51911
2.12504 0.569402 -0 0.436692 0.572099
2.51543 0.674007 0.04 0.432737 0.513354
2.47671 0.804731 0.04 0.415334 0.51911
2.47671 0.804731 0.04 0.415334 0.51911
2.51543 0.674007 0.04 0.432737 0.513354
2.66692 0.866534 0.16 0.410298 0.475444
2.51543 0.674007 0.04 0.432737 0.513354
2.70861 0.725771 0.16 0.429318 0.472166
2.66692 0.866534 0.16 0.410298 0.475444
2.66692 0.866534 0.16 0.410298 0.475444
2.70861 0.725771 0.16 0.429318 0.472166
2.85713 0.928337 0.36 0.405962 0.423929
2.70861 0.725771 0.16 0.429318 0.472166
2.9018 0.777535 0.36 0.424734 0.420098
2.85713 0.928337 0.36 0.405962 0.423929
2.85713 0.928337 0.36 0.405962 0.423929
2.9018 0.777535 0.36 0.424734 0.420098
3.04734 0.990141 0.64 0.401256 0.360846
2.9018 0.777535 0.36 0.424734 0.420098
3.09498 0.829298 0.64 0.421263 0.356256
3.04734 0.990141 0.64 0.401256 0.360846
3.04734 0.990141 0.64 0.401256 0.360846
3.09498 0.829298 0.64 0.421263 0.356256
3.23755 1.05194 1 0.395522 0.28784
3.09498 0.829298 0.64 0.421263 0.356256
3.28817 0.881062 1 0.416299 0.282367
3.23755 1.05194 1 0.395522 0.28784
3.23755 1.05194 1 0.395522 0.28784
3.28817 0.881062 1 0.416299 0.282367
3.42776 1.11375 1.44 0.391471 0.208863
3.28817 0.881062 1 0.416299 0.282367
3.48135 0.932826 1.44 0.412328 0.204656
3.42776 1.11375 1.44 0.391471 0.208863
3.42776 1.11375 1.44 0.391471 0.208863
3.48135 0.932826 1.44 0.412328 0.204656
3.61797 1.17555 1.96 0.388737 0.128487
3.48135 0.932826 1.44 0.412328 0.204656
3.67454 0.98459 1.96 0.409188 0.123293
3.61797 1.17555 1.96 0.388737 0.128487
0.746864 0.286694 -0 0.452078 0.927335
0.760845 0.247214 -0 0.461693 0.924251
0.93358 0.358368 -0 0.43916 0.85907
0.760845 0.247214 -0 0.461693 0.924251
0.951057 0.309017 -0 0.450971 0.855236
0.93358 0.358368 -0 0.43916 0.85907
0.93358 0.358368 -0 0.43916 0.85907
0.951057 0.309017 -0 0.450971 0.855236
1.1203 0.430042 -0 0.428466 0.796615
0.951057 0.309017 -0 0.450971 0.855236
1.14127 0.37082 -0 0.442419 0.79206
1.1203 0.430042 -0 0.428466 0.796615
1.1203 0.430042 -0 0.428466 0.796615
1.14127 0.37082 -0 0.442419 0.79206
1.30701 0.501715 -0 0.420274 0.741577
1.14127 0.37082 -0 0.442419 0.79206
1.33148 0.432624 -0 0.434635 0.736166
1.30701 0.501715 -0 0.420274 0.741577
1.30701 0.501715 -0 0.420274 0.741577
1.33148 0.432624 -0 0.434635 0.736166
1.49373 0.573389 -0 0.414575 0.694122
1.33148 0.432624 -0 0.434635 0.736166
1.52169 0.494427 -0 0.429223 0.687954
1.49373 0.573389 -0 0.414575 0.694122
1.49373 0.573389 -0 0.414575 0.694122
1.52169 0.494427 -0 0.429223 0.687954
1.68044 0.645062 -0 0.409516 0.651702
1.52169 0.494427 -0 0.429223 0.687954
1.7119 0.556231 -0 0.426054 0.645014
1.68044 0.645062 -0 0.409516 0.651702
1.68044 0.645062 -0 0.409516 0.651702
1.7119 0.556231 -0 0.426054 0.645014
1.86716 0.716736 -0 0.405032 0.615865
1.7119 0.556231 -0 0.426054 0.645014
1.90211 0.618034 -0 0.421671 0.608629
1.86716 0.716736 -0 0.405032 0.615865
1.86716 0.716736 -0 0.405032 0.615865
1.90211 0.618034 -0 0.421671 0.608629
2.05388 0.788409 -0 0.402605 0.584921
1.90211 0.618034 -0 0.421671 0.608629
2.09232 0.679837 -0 0.419339 0.577216
2.05388 0.788409 -0 0.402605 0.584921
2.05388 0.788409 -0 0.402605 0.584921
2.09232 0.679837 -0 0.419339 0.577216
2.4312 0.933249 0.04 0.396838 0.524689
2.09232 0.679837 -0 0.419339 0.577216
2.47671 0.804731 0.04 0.415334 0.51911
2.4312 0.933249 0.04 0.396838 0.524689
2.4312 0.933249 0.04 0.396838 0.524689
2.47671 0.804731 0.04 0.415334 0.51911
2.61791 1.00492 0.16 0.391937 0.481569
2.47671 0.804731 0.04 0.415334 0.51911
2.66692 0.866534 0.16 0.410298 0.475444
2.61791 1.00492 0.16 0.391937 0.481569
2.61791 1.00492 0.16 0.391937 0.481569
2.66692 0.866534 0.16 0.410298 0.475444
2.80463 1.0766 0.36 0.386198 0.430734
2.66692 0.866534 0.16 0.410298 0.475444
2.85713 0.928337 0.36 0.405962 0.423929
2.80463 1.0766 0.36 0.386198 0.430734
2.80463 1.0766 0.36 0.386198 0.430734
2.85713 0.928337 0.36 0.405962 0.423929
2.99134 1.14827 0.64 0.38047 0.365832
2.85713 0.928337 0.36 0.405962 0.423929
3.04734 0.990141 0.64 0.401256 0.360846
2.99134 1.14827 0.64 0.38047 0.365832
2.99134 1.14827 0.64 0.38047 0.365832
3.04734 0.990141 0.64 0.401256 0.360846
3.17806 1.21994 1 0.375596 0.293692
3.04734 0.990141 0.64 0.401256 0.360846
3.23755 1.05194 1 0.395522 0.28784
3.17806 1.21994 1 0.375596 0.293692
3.17806 1.21994 1 0.375596 0.293692
3.23755 1.05194 1 0.395522 0.28784
3.36478 1.29162 1.44 0.369918 0.216061
3.23755 1.05194 1 0.395522 0.28784
3.42776 1.11375 1.44 0.391471 0.208863
3.36478 1.29162 1.44 0.369918 0.216061
3.36478 1.29162 1.44 0.369918 0.216061
3.42776 1.11375 1.44 0.391471 0.208863
3.55149 1.36329 1.96 0.368146 0.133125
3.42776 1.11375 1.44 0.391471 0.208863
3.61797 1.17555 1.96 0.388737 0.128487
3.55149 1.36329 1.96 0.368146 0.133125
0.730836 0.325389 -0 0.441434 0.931344
0.746864 0.286694 -0 0.452078 0.927335
0.913545 0.406737 -0 0.426352 0.86407
0.746864 0.286694 -0 0.452078 0.927335
0.93358 0.358368 -0 0.43916 0.85907
0.913545 0.406737 -0 0.426352 0.86407
0.913545 0.406737 -0 0.426352 0.86407
0.93358 0.358368 -0 0.43916 0.85907
1.09625 0.488084 -0 0.415115 0.802832
0.93358 0.358368 -0 0.43916 0.85907
1.1203 0.430042 -0 0.428466 0.796615
1.09625 0.488084 -0 0.415115 0.802832
1.09625 0.488084 -0 0.415115 0.802832
1.1203 0.430042 -0 0.428466 0.796615
1.27896 0.569431 -0 0.406543 0.748901
1.1203 0.430042 -0 0.428466 0.796615
1.30701 0.501715 -0 0.420274 0.741577
1.27896 0.569431 -0 0.406543 0.748901
1.27896 0.569431 -0 0.406543 0.748901
1.30701 0.501715 -0 0.420274 0.741577
1.46167 0.650779 -0 0.398836 0.699669
1.30701 0.501715 -0 0.420274 0.741577
1.49373 0.573389 -0 0.414575 0.694122
1.46167 0.650779 -0 0.398836 0.699669
1.46167 0.650779 -0 0.398836 0.699669
1.49373 0.573389 -0 0.414575 0.694122
1.64438 0.732126 -0 0.393599 0.657967
1.49373 0.573389 -0 0.414575 0.694122
1.68044 0.645062 -0 0.409516 0.651702
1.64438 0.732126 -0 0.393599 0.657967
1.64438 0.732126 -0 0.393599 0.657967
1.68044 0.645062 -0 0.409516 0.651702
1.82709 0.813473 -0 0.389027 0.622718
1.68044 0.645062 -0 0.409516 0.651702
1.86716 0.716736 -0 0.405032 0.615865
1.82709 0.813473 -0 0.389027 0.622718
1.82709 0.813473 -0 0.389027 0.622718
1.86716 0.716736 -0 0.405032 0.615865
2.0098 0.894821 -0 0.386437 0.589499
1.86716 0.716736 -0 0.405032 0.615865
2.05388 0.788409 -0 0.402605 0.584921
2.0098 0.894821 -0 0.386437 0.589499
2.0098 0.894821 -0 0.386437 0.589499
2.05388 0.788409 -0 0.402605 0.584921
2.37902 1.05921 0.04 0.379092 0.530073
2.05388 0.788409 -0 0.402605 0.584921
2.4312 0.933249 0.04 0.396838 0.524689
2.37902 1.05921 0.04 0.379092 0.530073
2.37902 1.05921 0.04 0.379092 0.530073
2.4312 0.933249 0.04 0.396838 0.524689
2.56173 1.14056 0.16 0.374312 0.490396
2.4312 0.933249 0.04 0.396838 0.524689
2.61791 1.00492 0.16 0.391937 0.481569
2.56173 1.14056 0.16 0.374312 0.490396
2.56173 1.14056 0.16 0.374312 0.490396
2.61791 1.00492 0.16 0.391937 0.481569
2.74444 1.2219 0.36 0.368843 0.437406
2.61791 1.00492 0.16 0.391937 0.481569
2.80463 1.0766 0.36 0.386198 0.430734
2.74444 1.2219 0.36 0.368843 0.437406
2.74444 1.2219 0.36 0.368843 0.437406
2.80463 1.0766 0.36 0.386198 0.430734
2.92715 1.30325 0.64 0.362042 0.373419
2.80463 1.0766 0.36 0.386198 0.430734
2.99134 1.14827 0.64 0.38047 0.365832
2.92715 1.30325 0.64 0.362042 0.373419
2.92715 1.30325 0.64 0.362042 0.373419
2.99134 1.14827 0.64 0.38047 0.365832
3.10986 1.3846 1 0.355196 0.300135
2.99134 1.14827 0.64 0.38047 0.365832
3.17806 1.21994 1 0.375596 0.293692
3.10986 1.3846 1 0.355196 0.300135
3.10986 1.3846 1 0.355196 0.300135
3.17806 1.21994 1 0.375596 0.293692
3.29257 1.46595 1.44 0.349707 0.221707
3.17806 1.21994 1 0.375596 0.293692
3.36478 1.29162 1.44 0.369918 0.216061
3.29257 1.46595 1.44 0.349707 0.221707
3.29257 1.46595 1.44 0.349707 0.221707
3.36478 1.29162 1.44 0.369918 0.216061
3.47528 1.54729 1.96 0.346278 0.139308
3.36478 1.29162 1.44 0.369918 0.216061
3.55149 1.36329 1.96 0.368146 0.133125
3.47528 1.54729 1.96 0.346278 0.139308
0.730836 0.325389 -0 0.441434 0.931344
0.913545 0.406737 -0 0.426352 0.86407
0.891007 0.453991 -0 0.415421 0.86889
0.891007 0.453991 -0 0.415421 0.86889
0.913545 0.406737 -0 0.426352 0.86407
1.06921 0.544789 -0 0.402262 0.808547
0.913545 0.406737 -0 0.426352 0.86407
1.09625 0.488084 -0 0.415115 0.802832
1.06921 0.544789 -0 0.402262 0.808547
1.06921 0.544789 -0 0.402262 0.808547
1.09625 0.488084 -0 0.415115 0.802832
1.24741 0.635587 -0 0.391835 0.755437
1.09625 0.488084 -0 0.415115 0.802832
1.27896 0.569431 -0 0.406543 0.748901
1.24741 0.635587 -0 0.391835 0.755437
1.24741 0.635587 -0 0.391835 0.755437
1.27896 0.569431 -0 0.406543 0.748901
1.42561 0.726385 -0 0.383891 0.70723
1.27896 0.569431 -0 0.406543 0.748901
1.46167 0.650779 -0 0.398836 0.699669
1.42561 0.726385 -0 0.383891 0.70723
1.42561 0.726385 -0 0.383891 0.70723
1.46167 0.650779 -0 0.398836 0.699669
1.60381 0.817183 -0 0.378474 0.666402
1.46167 0.650779 -0 0.398836 0.699669
1.64438 0.732126 -0 0.393599 0.657967
1.60381 0.817183 -0 0.378474 0.666402
1.60381 0.817183 -0 0.378474 0.666402
1.64438 0.732126 -0 0.393599 0.657967
1.78201 0.907981 -0 0.373694 0.629184
1.64438 0.732126 -0 0.393599 0.657967
1.82709 0.813473 -0 0.389027 0.622718
1.78201 0.907981 -0 0.373694 0.629184
1.78201 0.907981 -0 0.373694 0.629184
1.82709 0.813473 -0 0.389027 0.622718
1.96021 0.998779 -0 0.369475 0.596424
1.82709 0.813473 -0 0.389027 0.622718
2.0098 0.894821 -0 0.386437 0.589499
1.96021 0.998779 -0 0.369475 0.596424
1.96021 0.998779 -0 0.369475 0.596424
2.0098 0.894821 -0 0.386437 0.589499
2.32033 1.18227 0.04 0.362179 0.538027
2.0098 0.894821 -0 0.386437 0.589499
2.37902 1.05921 0.04 0.379092 0.530073
2.32033 1.18227 0.04 0.362179 0.538027
2.32033 1.18227 0.04 0.362179 0.538027
2.37902 1.05921 0.04 0.379092 0.530073
2.49853 1.27306 0.16 0.356022 0.496211
2.37902 1.05921 0.04 0.379092 0.530073
2.56173 1.14056 0.16 0.374312 0.490396
2.49853 1.27306 0.16 0.356022 0.496211
2.49853 1.27306 0.16 0.356022 0.496211
2.56173 1.14056 0.16 0.374312 0.490396
2.67673 1.36386 0.36 0.349372 0.444191
2.56173 1.14056 0.16 0.374312 0.490396
2.74444 1.2219 0.36 0.368843 0.437406
2.67673 1.36386 0.36 0.349372 0.444191
2.67673 1.36386 0.36 0.349372 0.444191
2.74444 1.2219 0.36 0.368843 0.437406
2.85493 1.45466 0.64 0.341721 0.381428
2.74444 1.2219 0.36 0.368843 0.437406
2.92715 1.30325 0.64 0.362042 0.373419
2.85493 1.45466 0.64 0.341721 0.381428
2.85493 1.45466 0.64 0.341721 0.381428
2.92715 1.30325 0.64 0.362042 0.373419
3.03313 1.54546 1 0.334431 0.309481
2.92715 1.30325 0.64 0.362042 0.373419
3.10986 1.3846 1 0.355196 0.300135
3.03313 1.54546 1 0.334431 0.309481
3.03313 1.54546 1 0.334431 0.309481
3.10986 1.3846 1 0.355196 0.300135
3.21133 1.63626 1.44 0.329458 0.228168
3.10986 1.3846 1 0.355196 0.300135
3.29257 1.46595 1.44 0.349707 0.221707
3.21133 1.63626 1.44 0.329458 0.228168
3.21133 1.63626 1.44 0.329458 0.228168
3.29257 1.46595 1.44 0.349707 0.221707
3.38953 1.72705 1.96 0.325852 0.146109
3.29257 1.46595 1.44 0.349707 0.221707
3.47528 1.54729 1.96 0.346278 0.139308
3.38953 1.72705 1.96 0.325852 0.146109
2.32033 1.18227 0.04 0.362179 0.538027
2.49853 1.27306 0.16 0.356022 0.496211
2.42848 1.40208 0.16 0.338719 0.504548
2.42848 1.40208 0.16 0.338719 0.504548
2.49853 1.27306 0.16 0.356022 0.496211
2.60168 1.50208 0.36 0.330986 0.453509
2.49853 1.27306 0.16 0.356022 0.496211
2.67673 1.36386 0.36 0.349372 0.444191
2.60168 1.50208 0.36 0.330986 0.453509
2.60168 1.50208 0.36 0.330986 0.453509
2.67673 1.36386 0.36 0.349372 0.444191
2.77489 1.60208 0.64 0.322669 0.389397
2.67673 1.36386 0.36 0.349372 0.444191
2.85493 1.45466 0.64 0.341721 0.381428
2.77489 1.60208 0.64 0.322669 0.389397
2.77489 1.60208 0.64 0.322669 0.389397
2.85493 1.45466 0.64 0.341721 0.381428
2.94809 1.70208 1 0.315205 0.316593
2.85493 1.45466 0.64 0.341721 0.381428
3.03313 1.54546 1 0.334431 0.309481
2.94809 1.70208 1 0.315205 0.316593
2.94809 1.70208 1 0.315205 0.316593
3.03313 1.54546 1 0.334431 0.309481
3.1213 1.80208 1.44 0.309167 0.23737
3.03313 1.54546 1 0.334431 0.309481
3.21133 1.63626 1.44 0.329458 0.228168
3.1213 1.80208 1.44 0.309167 0.23737
3.1213 1.80208 1.44 0.309167 0.23737
3.21133 1.63626 1.44 0.329458 0.228168
3.2945 1.90208 1.96 0.305831 0.153853
3.21133 1.63626 1.44 0.329458 0.228168
3.38953 1.72705 1.96 0.325852 0.146109
3.2945 1.90208 1.96 0.305831 0.153853
