-0.712805 0.363192 -0 0.581036 0.898982
-0.69282 0.4 -0 0.58979 0.904744
-0.891007 0.453991 -0 0.595668 0.839899
-2.85493 1.45466 0.64 0.664806 0.398552
-2.77489 1.60208 0.64 0.68233 0.406072
-3.03313 1.54546 1 0.669838 0.328213
-2.77489 1.60208 0.64 0.68233 0.406072
-2.94809 1.70208 1 0.689009 0.335061
-3.03313 1.54546 1 0.669838 0.328213
-3.03313 1.54546 1 0.669838 0.328213
-2.94809 1.70208 1 0.689009 0.335061
-3.21133 1.63626 1.44 0.674931 0.253746
-2.94809 1.70208 1 0.689009 0.335061
-3.1213 1.80208 1.44 0.693885 0.260192
-3.21133 1.63626 1.44 0.674931 0.253746
-3.21133 1.63626 1.44 0.674931 0.253746
-3.1213 1.80208 1.44 0.693885 0.260192
-3.38953 1.72705 1.96 0.676003 0.175429
-3.1213 1.80208 1.44 0.693885 0.260192
-3.2945 1.90208 1.96 0.695135 0.180603
-3.38953 1.72705 1.96 0.676003 0.175429
-0.730836 0.325389 -0 0.571807 0.894449
-0.712805 0.363192 -0 0.581036 0.898982
-0.913545 0.406737 -0 0.584584 0.834527
-0.712805 0.363192 -0 0.581036 0.898982
-0.891007 0.453991 -0 0.595668 0.839899
-0.913545 0.406737 -0 0.584584 0.834527
-0.913545 0.406737 -0 0.584584 0.834527
-0.891007 0.453991 -0 0.595668 0.839899
-1.09625 0.488084 -0 0.596547 0.779494
-0.891007 0.453991 -0 0.595668 0.839899
-1.06921 0.544789 -0 0.607912 0.785922
-1.09625 0.488084 -0 0.596547 0.779494
-1.09625 0.488084 -0 0.596547 0.779494
-1.06921 0.544789 -0 0.607912 0.785922
-1.27896 0.569431 -0 0.604394 0.732908
-1.06921 0.544789 -0 0.607912 0.785922
-1.24741 0.635587 -0 0.617657 0.737661
-1.27896 0.569431 -0 0.604394 0.732908
-1.27896 0.569431 -0 0.604394 0.732908
-1.24741 0.635587 -0 0.617657 0.737661
-1.46167 0.650779 -0 0.611536 0.690395
-1.24741 0.635587 -0 0.617657 0.737661
-1.42561 0.726385 -0 0.624933 0.695857
-1.46167 0.650779 -0 0.611536 0.690395
-1.46167 0.650779 -0 0.611536 0.690395
-1.42561 0.726385 -0 0.624933 0.695857
-1.64438 0.732126 -0 0.61642 0.653819
-1.42561 0.726385 -0 0.624933 0.695857
-1.60381 0.817183 -0 0.631432 0.6597
-1.64438 0.732126 -0 0.61642 0.653819
-1.64438 0.732126 -0 0.61642 0.653819
-1.60381 0.817183 -0 0.631432 0.6597
-1.82709 0.813473 -0 0.6208 0.621443
-1.60381 0.817183 -0 0.631432 0.6597
-1.78201 0.907981 -0 0.635865 0.627895
-1.82709 0.813473 -0 0.6208 0.621443
-1.82709 0.813473 -0 0.6208 0.621443
-1.78201 0.907981 -0 0.635865 0.627895
-2.0098 0.894821 -0 0.624756 0.593909
-1.78201 0.907981 -0 0.635865 0.627895
-1.96021 0.998779 -0 0.639825 0.600829
-2.0098 0.894821 -0 0.624756 0.593909
-2.0098 0.894821 -0 0.624756 0.593909
-1.96021 0.998779 -0 0.639825 0.600829
-2.37902 1.05921 0.04 0.630391 0.54094
-1.96021 0.998779 -0 0.639825 0.600829
-2.32033 1.18227 0.04 0.646956 0.548671
-2.37902 1.05921 0.04 0.630391 0.54094
-2.37902 1.05921 0.04 0.630391 0.54094
-2.32033 1.18227 0.04 0.646956 0.548671
-2.56173 1.14056 0.16 0.635169 0.501768
-2.32033 1.18227 0.04 0.646956 0.548671
-2.49853 1.27306 0.16 0.651634 0.507392
-2.56173 1.14056 0.16 0.635169 0.501768
-2.56173 1.14056 0.16 0.635169 0.501768
-2.49853 1.27306 0.16 0.651634 0.507392
-2.74444 1.2219 0.36 0.640694 0.452104
-2.49853 1.27306 0.16 0.651634 0.507392
-2.67673 1.36386 0.36 0.658349 0.458575
-2.74444 1.2219 0.36 0.640694 0.452104
-2.74444 1.2219 0.36 0.640694 0.452104
-2.67673 1.36386 0.36 0.658349 0.458575
-2.92715 1.30325 0.64 0.646176 0.39097
-2.67673 1.36386 0.36 0.658349 0.458575
-2.85493 1.45466 0.64 0.664806 0.398552
-2.92715 1.30325 0.64 0.646176 0.39097
-2.92715 1.30325 0.64 0.646176 0.39097
-2.85493 1.45466 0.64 0.664806 0.398552
-3.10986 1.3846 1 0.650865 0.324204
-2.85493 1.45466 0.64 0.664806 0.398552
-3.03313 1.54546 1 0.669838 0.328213
-3.10986 1.3846 1 0.650865 0.324204
-3.10986 1.3846 1 0.650865 0.324204
-3.03313 1.54546 1 0.669838 0.328213
-3.29257 1.46595 1.44 0.654568 0.247606
-3.03313 1.54546 1 0.669838 0.328213
-3.21133 1.63626 1.44 0.674931 0.253746
-3.29257 1.46595 1.44 0.654568 0.247606
-3.29257 1.46595 1.44 0.654568 0.247606
-3.21133 1.63626 1.44 0.674931 0.253746
-3.47528 1.54729 1.96 0.656265 0.169473
-3.21133 1.63626 1.44 0.674931 0.253746
-3.38953 1.72705 1.96 0.676003 0.175429
-3.47528 1.54729 1.96 0.656265 0.169473
-0.746864 0.286694 -0 0.562157 0.891232
-0.730836 0.325389 -0 0.571807 0.894449
-0.93358 0.358368 -0 0.57296 0.8307
-0.730836 0.325389 -0 0.571807 0.894449
-0.913545 0.406737 -0 0.584584 0.834527
-0.93358 0.358368 -0 0.57296 0.8307
-0.93358 0.358368 -0 0.57296 0.8307
-0.913545 0.406737 -0 0.584584 0.834527
-1.1203 0.430042 -0 0.583032 0.775098
-0.913545 0.406737 -0 0.584584 0.834527
-1.09625 0.488084 -0 0.596547 0.779494
-1.1203 0.430042 -0 0.583032 0.775098
-1.1203 0.430042 -0 0.583032 0.775098
-1.09625 0.488084 -0 0.596547 0.779494
-1.30701 0.501715 -0 0.590619 0.727751
-1.09625 0.488084 -0 0.596547 0.779494
-1.27896 0.569431 -0 0.604394 0.732908
-1.30701 0.501715 -0 0.590619 0.727751
-1.30701 0.501715 -0 0.590619 0.727751
-1.27896 0.569431 -0 0.604394 0.732908
-1.49373 0.573389 -0 0.597605 0.684548
-1.27896 0.569431 -0 0.604394 0.732908
-1.46167 0.650779 -0 0.611536 0.690395
-1.49373 0.573389 -0 0.597605 0.684548
-1.49373 0.573389 -0 0.597605 0.684548
-1.46167 0.650779 -0 0.611536 0.690395
-1.68044 0.645062 -0 0.602367 0.647371
-1.46167 0.650779 -0 0.611536 0.690395
-1.64438 0.732126 -0 0.61642 0.653819
-1.68044 0.645062 -0 0.602367 0.647371
-1.68044 0.645062 -0 0.602367 0.647371
-1.64438 0.732126 -0 0.61642 0.653819
-1.86716 0.716736 -0 0.604977 0.61736
-1.64438 0.732126 -0 0.61642 0.653819
-1.82709 0.813473 -0 0.6208 0.621443
-1.86716 0.716736 -0 0.604977 0.61736
-1.86716 0.716736 -0 0.604977 0.61736
-1.82709 0.813473 -0 0.6208 0.621443
-2.05388 0.788409 -0 0.608941 0.589431
-1.82709 0.813473 -0 0.6208 0.621443
-2.0098 0.894821 -0 0.624756 0.593909
-2.05388 0.788409 -0 0.608941 0.589431
-2.05388 0.788409 -0 0.608941 0.589431
-2.0098 0.894821 -0 0.624756 0.593909
-2.4312 0.933249 0.04 0.6146 0.535697
-2.0098 0.894821 -0 0.624756 0.593909
-2.37902 1.05921 0.04 0.630391 0.54094
-2.4312 0.933249 0.04 0.6146 0.535697
-2.4312 0.933249 0.04 0.6146 0.535697
-2.37902 1.05921 0.04 0.630391 0.54094
-2.61791 1.00492 0.16 0.617894 0.495977
-2.37902 1.05921 0.04 0.630391 0.54094
-2.56173 1.14056 0.16 0.635169 0.501768
-2.61791 1.00492 0.16 0.617894 0.495977
-2.61791 1.00492 0.16 0.617894 0.495977
-2.56173 1.14056 0.16 0.635169 0.501768
-2.80463 1.0766 0.36 0.622088 0.445534
-2.56173 1.14056 0.16 0.635169 0.501768
-2.74444 1.2219 0.36 0.640694 0.452104
-2.80463 1.0766 0.36 0.622088 0.445534
-2.80463 1.0766 0.36 0.622088 0.445534
-2.74444 1.2219 0.36 0.640694 0.452104
-2.99134 1.14827 0.64 0.628115 0.386226
-2.74444 1.2219 0.36 0.640694 0.452104
-2.92715 1.30325 0.64 0.646176 0.39097
-2.99134 1.14827 0.64 0.628115 0.386226
-2.99134 1.14827 0.64 0.628115 0.386226
-2.92715 1.30325 0.64 0.646176 0.39097
-3.17806 1.21994 1 0.632012 0.318283
-2.92715 1.30325 0.64 0.646176 0.39097
-3.10986 1.3846 1 0.650865 0.324204
-3.17806 1.21994 1 0.632012 0.318283
-3.17806 1.21994 1 0.632012 0.318283
-3.10986 1.3846 1 0.650865 0.324204
-3.36478 1.29162 1.44 0.635602 0.242594
-3.10986 1.3846 1 0.650865 0.324204
-3.29257 1.46595 1.44 0.654568 0.247606
-3.36478 1.29162 1.44 0.635602 0.242594
-3.36478 1.29162 1.44 0.635602 0.242594
-3.29257 1.46595 1.44 0.654568 0.247606
-3.55149 1.36329 1.96 0.636457 0.16449
-3.29257 1.46595 1.44 0.654568 0.247606
-3.47528 1.54729 1.96 0.656265 0.169473
-3.55149 1.36329 1.96 0.636457 0.16449
-0.760845 0.247214 -0 0.552268 0.887726
-0.746864 0.286694 -0 0.562157 0.891232
-0.951057 0.309017 -0 0.56256 0.8263
-0.746864 0.286694 -0 0.562157 0.891232
-0.93358 0.358368 -0 0.57296 0.8307
-0.951057 0.309017 -0 0.56256 0.8263
-0.951057 0.309017 -0 0.56256 0.8263
-0.93358 0.358368 -0 0.57296 0.8307
-1.14127 0.37082 -0 0.570678 0.77007
-0.93358 0.358368 -0 0.57296 0.8307
-1.1203 0.430042 -0 0.583032 0.775098
-1.14127 0.37082 -0 0.570678 0.77007
-1.14127 0.37082 -0 0.570678 0.77007
-1.1203 0.430042 -0 0.583032 0.775098
-1.33148 0.432624 -0 0.576357 0.722179
-1.1203 0.430042 -0 0.583032 0.775098
-1.30701 0.501715 -0 0.590619 0.727751
-1.33148 0.432624 -0 0.576357 0.722179
-1.33148 0.432624 -0 0.576357 0.722179
-1.30701 0.501715 -0 0.590619 0.727751
-1.52169 0.494427 -0 0.581396 0.681091
-1.30701 0.501715 -0 0.590619 0.727751
-1.49373 0.573389 -0 0.597605 0.684548
-1.52169 0.494427 -0 0.581396 0.681091
-1.52169 0.494427 -0 0.581396 0.681091
-1.49373 0.573389 -0 0.597605 0.684548
-1.7119 0.556231 -0 0.586031 0.643417
-1.49373 0.573389 -0 0.597605 0.684548
-1.68044 0.645062 -0 0.602367 0.647371
-1.7119 0.556231 -0 0.586031 0.643417
-1.7119 0.556231 -0 0.586031 0.643417
-1.68044 0.645062 -0 0.602367 0.647371
-1.90211 0.618034 -0 0.590224 0.612883
-1.68044 0.645062 -0 0.602367 0.647371
-1.86716 0.716736 -0 0.604977 0.61736
-1.90211 0.618034 -0 0.590224 0.612883
-1.90211 0.618034 -0 0.590224 0.612883
-1.86716 0.716736 -0 0.604977 0.61736
-2.09232 0.679837 -0 0.5925 0.584698
-1.86716 0.716736 -0 0.604977 0.61736
-2.05388 0.788409 -0 0.608941 0.589431
-2.09232 0.679837 -0 0.5925 0.584698
-2.09232 0.679837 -0 0.5925 0.584698
-2.05388 0.788409 -0 0.608941 0.589431
-2.47671 0.804731 0.04 0.596496 0.530295
-2.05388 0.788409 -0 0.608941 0.589431
-2.4312 0.933249 0.04 0.6146 0.535697
-2.47671 0.804731 0.04 0.596496 0.530295
-2.47671 0.804731 0.04 0.596496 0.530295
-2.4312 0.933249 0.04 0.6146 0.535697
-2.66692 0.866534 0.16 0.599869 0.492917
-2.4312 0.933249 0.04 0.6146 0.535697
-2.61791 1.00492 0.16 0.617894 0.495977
-2.66692 0.866534 0.16 0.599869 0.492917
-2.66692 0.866534 0.16 0.599869 0.492917
-2.61791 1.00492 0.16 0.617894 0.495977
-2.85713 0.928337 0.36 0.60429 0.441811
-2.61791 1.00492 0.16 0.617894 0.495977
-2.80463 1.0766 0.36 0.622088 0.445534
-2.85713 0.928337 0.36 0.60429 0.441811
-2.85713 0.928337 0.36 0.60429 0.441811
-2.80463 1.0766 0.36 0.622088 0.445534
-3.04734 0.990141 0.64 0.609179 0.381602
-2.80463 1.0766 0.36 0.622088 0.445534
-2.99134 1.14827 0.64 0.628115 0.386226
-3.04734 0.990141 0.64 0.609179 0.381602
-3.04734 0.990141 0.64 0.609179 0.381602
-2.99134 1.14827 0.64 0.628115 0.386226
-3.23755 1.05194 1 0.613742 0.312855
-2.99134 1.14827 0.64 0.628115 0.386226
-3.17806 1.21994 1 0.632012 0.318283
-3.23755 1.05194 1 0.613742 0.312855
-3.23755 1.05194 1 0.613742 0.312855
-3.17806 1.21994 1 0.632012 0.318283
-3.42776 1.11375 1.44 0.615604 0.238025
-3.17806 1.21994 1 0.632012 0.318283
-3.36478 1.29162 1.44 0.635602 0.242594
-3.42776 1.11375 1.44 0.615604 0.238025
-3.42776 1.11375 1.44 0.615604 0.238025
-3.36478 1.29162 1.44 0.635602 0.242594
-3.61797 1.17555 1.96 0.616829 0.160513
-3.36478 1.29162 1.44 0.635602 0.242594
-3.55149 1.36329 1.96 0.636457 0.16449
-3.61797 1.17555 1.96 0.616829 0.160513
-0.772741 0.207055 -0 0.542151 0.883921
-0.760845 0.247214 -0 0.552268 0.887726
-0.965926 0.258819 -0 0.550309 0.821759
-0.760845 0.247214 -0 0.552268 0.887726
-0.951057 0.309017 -0 0.56256 0.8263
-0.965926 0.258819 -0 0.550309 0.821759
-0.965926 0.258819 -0 0.550309 0.821759
-0.951057 0.309017 -0 0.56256 0.8263
-1.15911 0.310583 -0 0.557864 0.766974
-0.951057 0.309017 -0 0.56256 0.8263
-1.14127 0.37082 -0 0.570678 0.77007
-1.15911 0.310583 -0 0.557864 0.766974
-1.15911 0.310583 -0 0.557864 0.766974
-1.14127 0.37082 -0 0.570678 0.77007
-1.3523 0.362347 -0 0.563232 0.718544
-1.14127 0.37082 -0 0.570678 0.77007
-1.33148 0.432624 -0 0.576357 0.722179
-1.3523 0.362347 -0 0.563232 0.718544
-1.3523 0.362347 -0 0.563232 0.718544
-1.33148 0.432624 -0 0.576357 0.722179
-1.54548 0.41411 -0 0.568078 0.677001
-1.33148 0.432624 -0 0.576357 0.722179
-1.52169 0.494427 -0 0.581396 0.681091
-1.54548 0.41411 -0 0.568078 0.677001
-1.54548 0.41411 -0 0.568078 0.677001
-1.52169 0.494427 -0 0.581396 0.681091
-1.73867 0.465874 -0 0.570869 0.63903
-1.52169 0.494427 -0 0.581396 0.681091
-1.7119 0.556231 -0 0.586031 0.643417
-1.73867 0.465874 -0 0.570869 0.63903
-1.73867 0.465874 -0 0.570869 0.63903
-1.7119 0.556231 -0 0.586031 0.643417
-1.93185 0.517638 -0 0.573277 0.608247
-1.7119 0.556231 -0 0.586031 0.643417
-1.90211 0.618034 -0 0.590224 0.612883
-1.93185 0.517638 -0 0.573277 0.608247
-1.93185 0.517638 -0 0.573277 0.608247
-1.90211 0.618034 -0 0.590224 0.612883
-2.12504 0.569402 -0 0.575487 0.57972
-1.90211 0.618034 -0 0.590224 0.612883
-2.09232 0.679837 -0 0.5925 0.584698
-2.12504 0.569402 -0 0.575487 0.57972
-2.12504 0.569402 -0 0.575487 0.57972
-2.09232 0.679837 -0 0.5925 0.584698
-2.51543 0.674007 0.04 0.579426 0.527603
-2.09232 0.679837 -0 0.5925 0.584698
-2.47671 0.804731 0.04 0.596496 0.530295
-2.51543 0.674007 0.04 0.579426 0.527603
-2.51543 0.674007 0.04 0.579426 0.527603
-2.47671 0.804731 0.04 0.596496 0.530295
-2.70861 0.725771 0.16 0.582869 0.486936
-2.47671 0.804731 0.04 0.596496 0.530295
-2.66692 0.866534 0.16 0.599869 0.492917
-2.70861 0.725771 0.16 0.582869 0.486936
-2.70861 0.725771 0.16 0.582869 0.486936
-2.66692 0.866534 0.16 0.599869 0.492917
-2.9018 0.777535 0.36 0.587506 0.438208
-2.66692 0.866534 0.16 0.599869 0.492917
-2.85713 0.928337 0.36 0.60429 0.441811
-2.9018 0.777535 0.36 0.587506 0.438208
-2.9018 0.777535 0.36 0.587506 0.438208
-2.85713 0.928337 0.36 0.60429 0.441811
-3.09498 0.829298 0.64 0.591107 0.377289
-2.85713 0.928337 0.36 0.60429 0.441811
-3.04734 0.990141 0.64 0.609179 0.381602
-3.09498 0.829298 0.64 0.591107 0.377289
-3.09498 0.829298 0.64 0.591107 0.377289
-3.04734 0.990141 0.64 0.609179 0.381602
-3.28817 0.881062 1 0.593238 0.309993
-3.04734 0.990141 0.64 0.609179 0.381602
-3.23755 1.05194 1 0.613742 0.312855
-3.28817 0.881062 1 0.593238 0.309993
-3.28817 0.881062 1 0.593238 0.309993
-3.23755 1.05194 1 0.613742 0.312855
-3.48135 0.932826 1.44 0.596172 0.234267
-3.23755 1.05194 1 0.613742 0.312855
-3.42776 1.11375 1.44 0.615604 0.238025
-3.48135 0.932826 1.44 0.596172 0.234267
-3.48135 0.932826 1.44 0.596172 0.234267
-3.42776 1.11375 1.44 0.615604 0.238025
-3.67454 0.98459 1.96 0.597629 0.157541
-3.42776 1.11375 1.44 0.615604 0.238025
-3.61797 1.17555 1.96 0.616829 0.160513
-3.67454 0.98459 1.96 0.597629 0.157541
-0.782518 0.166329 -0 0.531734 0.881533
-0.772741 0.207055 -0 0.542151 0.883921
-0.978148 0.207912 -0 0.539288 0.818756
-0.772741 0.207055 -0 0.542151 0.883921
-0.965926 0.258819 -0 0.550309 0.821759
-0.978148 0.207912 -0 0.539288 0.818756
-0.978148 0.207912 -0 0.539288 0.818756
-0.965926 0.258819 -0 0.550309 0.821759
-1.17378 0.249494 -0 0.544765 0.763561
-0.965926 0.258819 -0 0.550309 0.821759
-1.15911 0.310583 -0 0.557864 0.766974
-1.17378 0.249494 -0 0.544765 0.763561
-1.17378 0.249494 -0 0.544765 0.763561
-1.15911 0.310583 -0 0.557864 0.766974
-1.36941 0.291076 -0 0.549803 0.714616
-1.15911 0.310583 -0 0.557864 0.766974
-1.3523 0.362347 -0 0.563232 0.718544
-1.36941 0.291076 -0 0.549803 0.714616
-1.36941 0.291076 -0 0.549803 0.714616
-1.3523 0.362347 -0 0.563232 0.718544
-1.56504 0.332659 -0 0.552698 0.672755
-1.3523 0.362347 -0 0.563232 0.718544
-1.54548 0.41411 -0 0.568078 0.677001
-1.56504 0.332659 -0 0.552698 0.672755
-1.56504 0.332659 -0 0.552698 0.672755
-1.54548 0.41411 -0 0.568078 0.677001
-1.76067 0.374241 -0 0.555248 0.63715
-1.54548 0.41411 -0 0.568078 0.677001
-1.73867 0.465874 -0 0.570869 0.63903
-1.76067 0.374241 -0 0.555248 0.63715
-1.76067 0.374241 -0 0.555248 0.63715
-1.73867 0.465874 -0 0.570869 0.63903
-1.9563 0.415823 -0 0.557605 0.603267
-1.73867 0.465874 -0 0.570869 0.63903
-1.93185 0.517638 -0 0.573277 0.608247
-1.9563 0.415823 -0 0.557605 0.603267
-1.9563 0.415823 -0 0.557605 0.603267
-1.93185 0.517638 -0 0.573277 0.608247
-2.15192 0.457406 -0 0.559716 0.577355
-1.93185 0.517638 -0 0.573277 0.608247
-2.12504 0.569402 -0 0.575487 0.57972
-2.15192 0.457406 -0 0.559716 0.577355
-2.15192 0.457406 -0 0.559716 0.577355
-2.12504 0.569402 -0 0.575487 0.57972
-2.54726 0.541436 0.04 0.563642 0.521884
-2.12504 0.569402 -0 0.575487 0.57972
-2.51543 0.674007 0.04 0.579426 0.527603
-2.54726 0.541436 0.04 0.563642 0.521884
-2.54726 0.541436 0.04 0.563642 0.521884
-2.51543 0.674007 0.04 0.579426 0.527603
-2.74289 0.583018 0.16 0.565376 0.483806
-2.51543 0.674007 0.04 0.579426 0.527603
-2.70861 0.725771 0.16 0.582869 0.486936
-2.74289 0.583018 0.16 0.565376 0.483806
-2.74289 0.583018 0.16 0.565376 0.483806
-2.70861 0.725771 0.16 0.582869 0.486936
-2.93851 0.624601 0.36 0.568464 0.434601
-2.70861 0.725771 0.16 0.582869 0.486936
-2.9018 0.777535 0.36 0.587506 0.438208
-2.93851 0.624601 0.36 0.568464 0.434601
-2.93851 0.624601 0.36 0.568464 0.434601
-2.9018 0.777535 0.36 0.587506 0.438208
-3.13414 0.666183 0.64 0.570721 0.373046
-2.9018 0.777535 0.36 0.587506 0.438208
-3.09498 0.829298 0.64 0.591107 0.377289
-3.13414 0.666183 0.64 0.570721 0.373046
-3.13414 0.666183 0.64 0.570721 0.373046
-3.09498 0.829298 0.64 0.591107 0.377289
-3.32977 0.707765 1 0.573474 0.305245
-3.09498 0.829298 0.64 0.591107 0.377289
-3.28817 0.881062 1 0.593238 0.309993
-3.32977 0.707765 1 0.573474 0.305245
-3.32977 0.707765 1 0.573474 0.305245
-3.28817 0.881062 1 0.593238 0.309993
-3.5254 0.749348 1.44 0.575993 0.23106
-3.28817 0.881062 1 0.593238 0.309993
-3.48135 0.932826 1.44 0.596172 0.234267
-3.5254 0.749348 1.44 0.575993 0.23106
-3.5254 0.749348 1.44 0.575993 0.23106
-3.48135 0.932826 1.44 0.596172 0.234267
-3.72103 0.79093 1.96 0.577468 0.153494
-3.48135 0.932826 1.44 0.596172 0.234267
-3.67454 0.98459 1.96 0.597629 0.157541
-3.72103 0.79093 1.96 0.577468 0.153494
-0.790151 0.125148 -0 0.521155 0.878876
-0.782518 0.166329 -0 0.531734 0.881533
-0.987688 0.156434 -0 0.52638 0.817669
-0.782518 0.166329 -0 0.531734 0.881533
-0.978148 0.207912 -0 0.539288 0.818756
-0.987688 0.156434 -0 0.52638 0.817669
-0.987688 0.156434 -0 0.52638 0.817669
-0.978148 0.207912 -0 0.539288 0.818756
-1.18523 0.187721 -0 0.531348 0.762178
-0.978148 0.207912 -0 0.539288 0.818756
-1.17378 0.249494 -0 0.544765 0.763561
-1.18523 0.187721 -0 0.531348 0.762178
-1.18523 0.187721 -0 0.531348 0.762178
-1.17378 0.249494 -0 0.544765 0.763561
-1.38276 0.219008 -0 0.534301 0.713047
-1.17378 0.249494 -0 0.544765 0.763561
-1.36941 0.291076 -0 0.549803 0.714616
-1.38276 0.219008 -0 0.534301 0.713047
-1.38276 0.219008 -0 0.534301 0.713047
-1.36941 0.291076 -0 0.549803 0.714616
-1.5803 0.250295 -0 0.536928 0.6709
-1.36941 0.291076 -0 0.549803 0.714616
-1.56504 0.332659 -0 0.552698 0.672755
-1.5803 0.250295 -0 0.536928 0.6709
-1.5803 0.250295 -0 0.536928 0.6709
-1.56504 0.332659 -0 0.552698 0.672755
-1.77784 0.281582 -0 0.539349 0.632249
-1.56504 0.332659 -0 0.552698 0.672755
-1.76067 0.374241 -0 0.555248 0.63715
-1.77784 0.281582 -0 0.539349 0.632249
-1.77784 0.281582 -0 0.539349 0.632249
-1.76067 0.374241 -0 0.555248 0.63715
-1.97538 0.312869 -0 0.541549 0.600936
-1.76067 0.374241 -0 0.555248 0.63715
-1.9563 0.415823 -0 0.557605 0.603267
-1.97538 0.312869 -0 0.541549 0.600936
-1.97538 0.312869 -0 0.541549 0.600936
-1.9563 0.415823 -0 0.557605 0.603267
-2.17291 0.344156 -0 0.543609 0.574851
-1.9563 0.415823 -0 0.557605 0.603267
-2.15192 0.457406 -0 0.559716 0.577355
-2.17291 0.344156 -0 0.543609 0.574851
-2.17291 0.344156 -0 0.543609 0.574851
-2.15192 0.457406 -0 0.559716 0.577355
-2.5721 0.407381 0.04 0.545692 0.519019
-2.15192 0.457406 -0 0.559716 0.577355
-2.54726 0.541436 0.04 0.563642 0.521884
-2.5721 0.407381 0.04 0.545692 0.519019
-2.5721 0.407381 0.04 0.545692 0.519019
-2.54726 0.541436 0.04 0.563642 0.521884
-2.76964 0.438668 0.16 0.547461 0.480678
-2.54726 0.541436 0.04 0.563642 0.521884
-2.74289 0.583018 0.16 0.565376 0.483806
-2.76964 0.438668 0.16 0.547461 0.480678
-2.76964 0.438668 0.16 0.547461 0.480678
-2.74289 0.583018 0.16 0.565376 0.483806
-2.96718 0.469955 0.36 0.550704 0.431154
-2.74289 0.583018 0.16 0.565376 0.483806
-2.93851 0.624601 0.36 0.568464 0.434601
-2.96718 0.469955 0.36 0.550704 0.431154
-2.96718 0.469955 0.36 0.550704 0.431154
-2.93851 0.624601 0.36 0.568464 0.434601
-3.16471 0.501242 0.64 0.553326 0.372013
-2.93851 0.624601 0.36 0.568464 0.434601
-3.13414 0.666183 0.64 0.570721 0.373046
-3.16471 0.501242 0.64 0.553326 0.372013
-3.16471 0.501242 0.64 0.553326 0.372013
-3.13414 0.666183 0.64 0.570721 0.373046
-3.36225 0.532528 1 0.554947 0.303562
-3.13414 0.666183 0.64 0.570721 0.373046
-3.32977 0.707765 1 0.573474 0.305245
-3.36225 0.532528 1 0.554947 0.303562
-3.36225 0.532528 1 0.554947 0.303562
-3.32977 0.707765 1 0.573474 0.305245
-3.55979 0.563815 1.44 0.556798 0.228653
-3.32977 0.707765 1 0.573474 0.305245
-3.5254 0.749348 1.44 0.575993 0.23106
-3.55979 0.563815 1.44 0.556798 0.228653
-3.55979 0.563815 1.44 0.556798 0.228653
-3.5254 0.749348 1.44 0.575993 0.23106
-3.75733 0.595102 1.96 0.556807 0.151997
-3.5254 0.749348 1.44 0.575993 0.23106
-3.72103 0.79093 1.96 0.577468 0.153494
-3.75733 0.595102 1.96 0.556807 0.151997
-0.596713 0.0627171 -0 0.505798 0.94596
-0.592613 0.0938607 -0 0.514244 0.946918
-0.795618 0.0836228 -0 0.51039 0.8777
-0.592613 0.0938607 -0 0.514244 0.946918
-0.790151 0.125148 -0 0.521155 0.878876
-0.795618 0.0836228 -0 0.51039 0.8777
-0.795618 0.0836228 -0 0.51039 0.8777
-0.790151 0.125148 -0 0.521155 0.878876
-0.994522 0.104528 -0 0.514965 0.816203
-0.790151 0.125148 -0 0.521155 0.878876
-0.987688 0.156434 -0 0.52638 0.817669
-0.994522 0.104528 -0 0.514965 0.816203
-0.994522 0.104528 -0 0.514965 0.816203
-0.987688 0.156434 -0 0.52638 0.817669
-1.19343 0.125434 -0 0.517758 0.760511
-0.987688 0.156434 -0 0.52638 0.817669
-1.18523 0.187721 -0 0.531348 0.762178
-1.19343 0.125434 -0 0.517758 0.760511
-1.19343 0.125434 -0 0.517758 0.760511
-1.18523 0.187721 -0 0.531348 0.762178
-1.39233 0.14634 -0 0.520331 0.711106
-1.18523 0.187721 -0 0.531348 0.762178
-1.38276 0.219008 -0 0.534301 0.713047
-1.39233 0.14634 -0 0.520331 0.711106
-1.39233 0.14634 -0 0.520331 0.711106
-1.38276 0.219008 -0 0.534301 0.713047
-1.59124 0.167246 -0 0.522706 0.668729
-1.38276 0.219008 -0 0.534301 0.713047
-1.5803 0.250295 -0 0.536928 0.6709
-1.59124 0.167246 -0 0.522706 0.668729
-1.59124 0.167246 -0 0.522706 0.668729
-1.5803 0.250295 -0 0.536928 0.6709
-1.79014 0.188151 -0 0.524926 0.632691
-1.5803 0.250295 -0 0.536928 0.6709
-1.77784 0.281582 -0 0.539349 0.632249
-1.79014 0.188151 -0 0.524926 0.632691
-1.79014 0.188151 -0 0.524926 0.632691
-1.77784 0.281582 -0 0.539349 0.632249
-1.98904 0.209057 -0 0.525232 0.598435
-1.77784 0.281582 -0 0.539349 0.632249
-1.97538 0.312869 -0 0.541549 0.600936
-1.98904 0.209057 -0 0.525232 0.598435
-1.98904 0.209057 -0 0.525232 0.598435
-1.97538 0.312869 -0 0.541549 0.600936
-2.18795 0.229963 -0 0.527234 0.572215
-1.97538 0.312869 -0 0.541549 0.600936
-2.17291 0.344156 -0 0.543609 0.574851
-2.18795 0.229963 -0 0.527234 0.572215
-2.18795 0.229963 -0 0.527234 0.572215
-2.17291 0.344156 -0 0.543609 0.574851
-2.5899 0.272209 0.04 0.529248 0.519064
-2.17291 0.344156 -0 0.543609 0.574851
-2.5721 0.407381 0.04 0.545692 0.519019
-2.5899 0.272209 0.04 0.529248 0.519064
-2.5899 0.272209 0.04 0.529248 0.519064
-2.5721 0.407381 0.04 0.545692 0.519019
-2.7888 0.293115 0.16 0.529214 0.47757
-2.5721 0.407381 0.04 0.545692 0.519019
-2.76964 0.438668 0.16 0.547461 0.480678
-2.7888 0.293115 0.16 0.529214 0.47757
-2.7888 0.293115 0.16 0.529214 0.47757
-2.76964 0.438668 0.16 0.547461 0.480678
-2.98771 0.314021 0.36 0.53079 0.427784
-2.76964 0.438668 0.16 0.547461 0.480678
-2.96718 0.469955 0.36 0.550704 0.431154
-2.98771 0.314021 0.36 0.53079 0.427784
-2.98771 0.314021 0.36 0.53079 0.427784
-2.96718 0.469955 0.36 0.550704 0.431154
-3.18661 0.334926 0.64 0.533751 0.368394
-2.96718 0.469955 0.36 0.550704 0.431154
-3.16471 0.501242 0.64 0.553326 0.372013
-3.18661 0.334926 0.64 0.533751 0.368394
-3.18661 0.334926 0.64 0.533751 0.368394
-3.16471 0.501242 0.64 0.553326 0.372013
-3.38551 0.355832 1 0.534281 0.302191
-3.16471 0.501242 0.64 0.553326 0.372013
-3.36225 0.532528 1 0.554947 0.303562
-3.38551 0.355832 1 0.534281 0.302191
-3.38551 0.355832 1 0.534281 0.302191
-3.36225 0.532528 1 0.554947 0.303562
-3.58442 0.376738 1.44 0.537165 0.226829
-3.36225 0.532528 1 0.554947 0.303562
-3.55979 0.563815 1.44 0.556798 0.228653
-3.58442 0.376738 1.44 0.537165 0.226829
-3.58442 0.376738 1.44 0.537165 0.226829
-3.55979 0.563815 1.44 0.556798 0.228653
-3.78332 0.397643 1.96 0.537015 0.149722
-3.55979 0.563815 1.44 0.556798 0.228653
-3.75733 0.595102 1.96 0.556807 0.151997
-3.78332 0.397643 1.96 0.537015 0.149722
-0.599178 0.0314016 -0 0.497298 0.944825
-0.596713 0.0627171 -0 0.505798 0.94596
-0.798904 0.0418688 -0 0.5011 0.876242
-0.596713 0.0627171 -0 0.505798 0.94596
-0.795618 0.0836228 -0 0.51039 0.8777
-0.798904 0.0418688 -0 0.5011 0.876242
-0.798904 0.0418688 -0 0.5011 0.876242
-0.795618 0.0836228 -0 0.51039 0.8777
-0.99863 0.052336 -0 0.503453 0.814494
-0.795618 0.0836228 -0 0.51039 0.8777
-0.994522 0.104528 -0 0.514965 0.816203
-0.99863 0.052336 -0 0.503453 0.814494
-0.99863 0.052336 -0 0.503453 0.814494
-0.994522 0.104528 -0 0.514965 0.816203
-1.19836 0.0628031 -0 0.504035 0.758558
-0.994522 0.104528 -0 0.514965 0.816203
-1.19343 0.125434 -0 0.517758 0.760511
-1.19836 0.0628031 -0 0.504035 0.758558
-1.19836 0.0628031 -0 0.504035 0.758558
-1.19343 0.125434 -0 0.517758 0.760511
-1.39808 0.0732703 -0 0.50622 0.708914
-1.19343 0.125434 -0 0.517758 0.760511
-1.39233 0.14634 -0 0.520331 0.711106
-1.39808 0.0732703 -0 0.50622 0.708914
-1.39808 0.0732703 -0 0.50622 0.708914
-1.39233 0.14634 -0 0.520331 0.711106
-1.59781 0.0837375 -0 0.508337 0.666346
-1.39233 0.14634 -0 0.520331 0.711106
-1.59124 0.167246 -0 0.522706 0.668729
-1.59781 0.0837375 -0 0.508337 0.666346
-1.59781 0.0837375 -0 0.508337 0.666346
-1.59124 0.167246 -0 0.522706 0.668729
-1.79753 0.0942047 -0 0.508564 0.630183
-1.59124 0.167246 -0 0.522706 0.668729
-1.79014 0.188151 -0 0.524926 0.632691
-1.79753 0.0942047 -0 0.508564 0.630183
-1.79753 0.0942047 -0 0.508564 0.630183
-1.79014 0.188151 -0 0.524926 0.632691
-1.99726 0.104672 -0 0.508715 0.59867
-1.79014 0.188151 -0 0.524926 0.632691
-1.98904 0.209057 -0 0.525232 0.598435
-1.99726 0.104672 -0 0.508715 0.59867
-1.99726 0.104672 -0 0.508715 0.59867
-1.98904 0.209057 -0 0.525232 0.598435
-2.19699 0.115139 -0 0.510665 0.569455
-1.98904 0.209057 -0 0.525232 0.598435
-2.18795 0.229963 -0 0.527234 0.572215
-2.19699 0.115139 -0 0.510665 0.569455
-2.19699 0.115139 -0 0.510665 0.569455
-2.18795 0.229963 -0 0.527234 0.572215
-2.60059 0.136291 0.04 0.51076 0.516121
-2.18795 0.229963 -0 0.527234 0.572215
-2.5899 0.272209 0.04 0.529248 0.519064
-2.60059 0.136291 0.04 0.51076 0.516121
-2.60059 0.136291 0.04 0.51076 0.516121
-2.5899 0.272209 0.04 0.529248 0.519064
-2.80032 0.146759 0.16 0.512599 0.477476
-2.5899 0.272209 0.04 0.529248 0.519064
-2.7888 0.293115 0.16 0.529214 0.47757
-2.80032 0.146759 0.16 0.512599 0.477476
-2.80032 0.146759 0.16 0.512599 0.477476
-2.7888 0.293115 0.16 0.529214 0.47757
-3.00005 0.157226 0.36 0.512461 0.427507
-2.7888 0.293115 0.16 0.529214 0.47757
-2.98771 0.314021 0.36 0.53079 0.427784
-3.00005 0.157226 0.36 0.512461 0.427507
-3.00005 0.157226 0.36 0.512461 0.427507
-2.98771 0.314021 0.36 0.53079 0.427784
-3.19977 0.167693 0.64 0.513936 0.36784
-2.98771 0.314021 0.36 0.53079 0.427784
-3.18661 0.334926 0.64 0.533751 0.368394
-3.19977 0.167693 0.64 0.513936 0.36784
-3.19977 0.167693 0.64 0.513936 0.36784
-3.18661 0.334926 0.64 0.533751 0.368394
-3.3995 0.17816 1 0.515006 0.298853
-3.18661 0.334926 0.64 0.533751 0.368394
-3.38551 0.355832 1 0.534281 0.302191
-3.3995 0.17816 1 0.515006 0.298853
-3.3995 0.17816 1 0.515006 0.298853
-3.38551 0.355832 1 0.534281 0.302191
-3.59922 0.188627 1.44 0.515542 0.225558
-3.38551 0.355832 1 0.534281 0.302191
-3.58442 0.376738 1.44 0.537165 0.226829
-3.59922 0.188627 1.44 0.515542 0.225558
-3.59922 0.188627 1.44 0.515542 0.225558
-3.58442 0.376738 1.44 0.537165 0.226829
-3.79895 0.199095 1.96 0.51691 0.148233
-3.58442 0.376738 1.44 0.537165 0.226829
-3.78332 0.397643 1.96 0.537015 0.149722
-3.79895 0.199095 1.96 0.51691 0.148233
-0.6 3.67394e-17 -0 0.488756 0.944884
-0.599178 0.0314016 -0 0.497298 0.944825
-0.8 4.89859e-17 -0 0.490196 0.876365
-0.599178 0.0314016 -0 0.497298 0.944825
-0.798904 0.0418688 -0 0.5011 0.876242
-0.8 4.89859e-17 -0 0.490196 0.876365
-0.8 4.89859e-17 -0 0.490196 0.876365
-0.798904 0.0418688 -0 0.5011 0.876242
-1 6.12323e-17 -0 0.49021 0.814649
-0.798904 0.0418688 -0 0.5011 0.876242
-0.99863 0.052336 -0 0.503453 0.814494
-1 6.12323e-17 -0 0.49021 0.814649
-1 6.12323e-17 -0 0.49021 0.814649
-0.99863 0.052336 -0 0.503453 0.814494
-1.2 7.34788e-17 -0 0.491951 0.758695
-0.99863 0.052336 -0 0.503453 0.814494
-1.19836 0.0628031 -0 0.504035 0.758558
-1.2 7.34788e-17 -0 0.491951 0.758695
-1.2 7.34788e-17 -0 0.491951 0.758695
-1.19836 0.0628031 -0 0.504035 0.758558
-1.4 8.57253e-17 -0 0.492012 0.709064
-1.19836 0.0628031 -0 0.504035 0.758558
-1.39808 0.0732703 -0 0.50622 0.708914
-1.4 8.57253e-17 -0 0.492012 0.709064
-1.4 8.57253e-17 -0 0.492012 0.709064
-1.39808 0.0732703 -0 0.50622 0.708914
-1.6 9.79717e-17 -0 0.492056 0.666499
-1.39808 0.0732703 -0 0.50622 0.708914
-1.59781 0.0837375 -0 0.508337 0.666346
-1.6 9.79717e-17 -0 0.492056 0.666499
-1.6 9.79717e-17 -0 0.492056 0.666499
-1.59781 0.0837375 -0 0.508337 0.666346
-1.8 1.10218e-16 -0 0.492086 0.630305
-1.59781 0.0837375 -0 0.508337 0.666346
-1.79753 0.0942047 -0 0.508564 0.630183
-1.8 1.10218e-16 -0 0.492086 0.630305
-1.8 1.10218e-16 -0 0.492086 0.630305
-1.79753 0.0942047 -0 0.508564 0.630183
-2 1.22465e-16 -0 0.493955 0.598759
-1.79753 0.0942047 -0 0.508564 0.630183
-1.99726 0.104672 -0 0.508715 0.59867
-2 1.22465e-16 -0 0.493955 0.598759
-2 1.22465e-16 -0 0.493955 0.598759
-1.99726 0.104672 -0 0.508715 0.59867
-2.2 1.34711e-16 -0 0.493981 0.569529
-1.99726 0.104672 -0 0.508715 0.59867
-2.19699 0.115139 -0 0.510665 0.569455
-2.2 1.34711e-16 -0 0.493981 0.569529
-2.2 1.34711e-16 -0 0.493981 0.569529
-2.19699 0.115139 -0 0.510665 0.569455
-2.60416 1.59459e-16 0.04 0.494008 0.516132
-2.19699 0.115139 -0 0.510665 0.569455
-2.60059 0.136291 0.04 0.51076 0.516121
-2.60416 1.59459e-16 0.04 0.494008 0.516132
-2.60416 1.59459e-16 0.04 0.494008 0.516132
-2.60059 0.136291 0.04 0.51076 0.516121
-2.80416 1.71705e-16 0.16 0.494013 0.477434
-2.60059 0.136291 0.04 0.51076 0.516121
-2.80032 0.146759 0.16 0.512599 0.477476
-2.80416 1.71705e-16 0.16 0.494013 0.477434
-2.80416 1.71705e-16 0.16 0.494013 0.477434
-2.80032 0.146759 0.16 0.512599 0.477476
-3.00416 1.83952e-16 0.36 0.493999 0.427395
-2.80032 0.146759 0.16 0.512599 0.477476
-3.00005 0.157226 0.36 0.512461 0.427507
-3.00416 1.83952e-16 0.36 0.493999 0.427395
-3.00416 1.83952e-16 0.36 0.493999 0.427395
-3.00005 0.157226 0.36 0.512461 0.427507
-3.20416 1.96198e-16 0.64 0.495774 0.367622
-3.00005 0.157226 0.36 0.512461 0.427507
-3.19977 0.167693 0.64 0.513936 0.36784
-3.20416 1.96198e-16 0.64 0.495774 0.367622
-3.20416 1.96198e-16 0.64 0.495774 0.367622
-3.19977 0.167693 0.64 0.513936 0.36784
-3.40416 2.08445e-16 1 0.495627 0.298499
-3.19977 0.167693 0.64 0.513936 0.36784
-3.3995 0.17816 1 0.515006 0.298853
-3.40416 2.08445e-16 1 0.495627 0.298499
-3.40416 2.08445e-16 1 0.495627 0.298499
-3.3995 0.17816 1 0.515006 0.298853
-3.60416 2.20691e-16 1.44 0.495395 0.225065
-3.3995 0.17816 1 0.515006 0.298853
-3.59922 0.188627 1.44 0.515542 0.225558
-3.60416 2.20691e-16 1.44 0.495395 0.225065
-3.60416 2.20691e-16 1.44 0.495395 0.225065
-3.59922 0.188627 1.44 0.515542 0.225558
-3.80416 2.32938e-16 1.96 0.496623 0.147564
-3.59922 0.188627 1.44 0.515542 0.225558
-3.79895 0.199095 1.96 0.51691 0.148233
-3.80416 2.32938e-16 1.96 0.496623 0.147564
-0.599178 -0.0314016 -0 0.480216 0.944772
-0.6 3.67394e-17 -0 0.488756 0.944884
-0.798904 -0.0418688 -0 0.479291 0.876247
-0.6 3.67394e-17 -0 0.488756 0.944884
-0.8 4.89859e-17 -0 0.490196 0.876365
-0.798904 -0.0418688 -0 0.479291 0.876247
-0.798904 -0.0418688 -0 0.479291 0.876247
-0.8 4.89859e-17 -0 0.490196 0.876365
-0.99863 -0.052336 -0 0.478621 0.814535
-0.8 4.89859e-17 -0 0.490196 0.876365
-1 6.12323e-17 -0 0.49021 0.814649
-0.99863 -0.052336 -0 0.478621 0.814535
-0.99863 -0.052336 -0 0.478621 0.814535
-1 6.12323e-17 -0 0.49021 0.814649
-1.19836 -0.0628031 -0 0.478137 0.758596
-1 6.12323e-17 -0 0.49021 0.814649
-1.2 7.34788e-17 -0 0.491951 0.758695
-1.19836 -0.0628031 -0 0.478137 0.758596
-1.19836 -0.0628031 -0 0.478137 0.758596
-1.2 7.34788e-17 -0 0.491951 0.758695
-1.39808 -0.0732703 -0 0.477799 0.708979
-1.2 7.34788e-17 -0 0.491951 0.758695
-1.4 8.57253e-17 -0 0.492012 0.709064
-1.39808 -0.0732703 -0 0.477799 0.708979
-1.39808 -0.0732703 -0 0.477799 0.708979
-1.4 8.57253e-17 -0 0.492012 0.709064
-1.59781 -0.0837375 -0 0.477574 0.66643
-1.4 8.57253e-17 -0 0.492012 0.709064
-1.6 9.79717e-17 -0 0.492056 0.666499
-1.59781 -0.0837375 -0 0.477574 0.66643
-1.59781 -0.0837375 -0 0.477574 0.66643
-1.6 9.79717e-17 -0 0.492056 0.666499
-1.79753 -0.0942047 -0 0.477429 0.630251
-1.6 9.79717e-17 -0 0.492056 0.666499
-1.8 1.10218e-16 -0 0.492086 0.630305
-1.79753 -0.0942047 -0 0.477429 0.630251
-1.79753 -0.0942047 -0 0.477429 0.630251
-1.8 1.10218e-16 -0 0.492086 0.630305
-1.99726 -0.104672 -0 0.477336 0.598723
-1.8 1.10218e-16 -0 0.492086 0.630305
-2 1.22465e-16 -0 0.493955 0.598759
-1.99726 -0.104672 -0 0.477336 0.598723
-1.99726 -0.104672 -0 0.477336 0.598723
-2 1.22465e-16 -0 0.493955 0.598759
-2.19699 -0.115139 -0 0.477278 0.569506
-2 1.22465e-16 -0 0.493955 0.598759
-2.2 1.34711e-16 -0 0.493981 0.569529
-2.19699 -0.115139 -0 0.477278 0.569506
-2.19699 -0.115139 -0 0.477278 0.569506
-2.2 1.34711e-16 -0 0.493981 0.569529
-2.60059 -0.136291 0.04 0.477238 0.516133
-2.2 1.34711e-16 -0 0.493981 0.569529
-2.60416 1.59459e-16 0.04 0.494008 0.516132
-2.60059 -0.136291 0.04 0.477238 0.516133
-2.60059 -0.136291 0.04 0.477238 0.516133
-2.60416 1.59459e-16 0.04 0.494008 0.516132
-2.80032 -0.146759 0.16 0.477262 0.477452
-2.60416 1.59459e-16 0.04 0.494008 0.516132
-2.80416 1.71705e-16 0.16 0.494013 0.477434
-2.80032 -0.146759 0.16 0.477262 0.477452
-2.80032 -0.146759 0.16 0.477262 0.477452
-2.80416 1.71705e-16 0.16 0.494013 0.477434
-3.00005 -0.157226 0.36 0.475515 0.427449
-2.80416 1.71705e-16 0.16 0.494013 0.477434
-3.00416 1.83952e-16 0.36 0.493999 0.427395
-3.00005 -0.157226 0.36 0.475515 0.427449
-3.00005 -0.157226 0.36 0.475515 0.427449
-3.00416 1.83952e-16 0.36 0.493999 0.427395
-3.19977 -0.167693 0.64 0.475764 0.367703
-3.00416 1.83952e-16 0.36 0.493999 0.427395
-3.20416 1.96198e-16 0.64 0.495774 0.367622
-3.19977 -0.167693 0.64 0.475764 0.367703
-3.19977 -0.167693 0.64 0.475764 0.367703
-3.20416 1.96198e-16 0.64 0.495774 0.367622
-3.3995 -0.17816 1 0.476214 0.298609
-3.20416 1.96198e-16 0.64 0.495774 0.367622
-3.40416 2.08445e-16 1 0.495627 0.298499
-3.3995 -0.17816 1 0.476214 0.298609
-3.3995 -0.17816 1 0.476214 0.298609
-3.40416 2.08445e-16 1 0.495627 0.298499
-3.59922 -0.188627 1.44 0.476894 0.225196
-3.40416 2.08445e-16 1 0.495627 0.298499
-3.60416 2.20691e-16 1.44 0.495395 0.225065
-3.59922 -0.188627 1.44 0.476894 0.225196
-3.59922 -0.188627 1.44 0.476894 0.225196
-3.60416 2.20691e-16 1.44 0.495395 0.225065
-3.79895 -0.199095 1.96 0.476293 0.147729
-3.60416 2.20691e-16 1.44 0.495395 0.225065
-3.80416 2.32938e-16 1.96 0.496623 0.147564
-3.79895 -0.199095 1.96 0.476293 0.147729
-0.599178 -0.0314016 -0 0.480216 0.944772
-0.798904 -0.0418688 -0 0.479291 0.876247
-0.795618 -0.0836228 -0 0.470001 0.877709
-0.795618 -0.0836228 -0 0.470001 0.877709
-0.798904 -0.0418688 -0 0.479291 0.876247
-0.994522 -0.104528 -0 0.467059 0.814189
-0.798904 -0.0418688 -0 0.479291 0.876247
-0.99863 -0.052336 -0 0.478621 0.814535
-0.994522 -0.104528 -0 0.467059 0.814189
-0.994522 -0.104528 -0 0.467059 0.814189
-0.99863 -0.052336 -0 0.478621 0.814535
-1.19343 -0.125434 -0 0.464363 0.758223
-0.99863 -0.052336 -0 0.478621 0.814535
-1.19836 -0.0628031 -0 0.478137 0.758596
-1.19343 -0.125434 -0 0.464363 0.758223
-1.19343 -0.125434 -0 0.464363 0.758223
-1.19836 -0.0628031 -0 0.478137 0.758596
-1.39233 -0.14634 -0 0.463629 0.708661
-1.19836 -0.0628031 -0 0.478137 0.758596
-1.39808 -0.0732703 -0 0.477799 0.708979
-1.39233 -0.14634 -0 0.463629 0.708661
-1.39233 -0.14634 -0 0.463629 0.708661
-1.39808 -0.0732703 -0 0.477799 0.708979
-1.59124 -0.167246 -0 0.461341 0.666123
-1.39808 -0.0732703 -0 0.477799 0.708979
-1.59781 -0.0837375 -0 0.477574 0.66643
-1.59124 -0.167246 -0 0.461341 0.666123
-1.59124 -0.167246 -0 0.461341 0.666123
-1.59781 -0.0837375 -0 0.477574 0.66643
-1.79014 -0.188151 -0 0.461001 0.63001
-1.59781 -0.0837375 -0 0.477574 0.66643
-1.79753 -0.0942047 -0 0.477429 0.630251
-1.79014 -0.188151 -0 0.461001 0.63001
-1.79014 -0.188151 -0 0.461001 0.63001
-1.79753 -0.0942047 -0 0.477429 0.630251
-1.98904 -0.209057 -0 0.460781 0.598543
-1.79753 -0.0942047 -0 0.477429 0.630251
-1.99726 -0.104672 -0 0.477336 0.598723
-1.98904 -0.209057 -0 0.460781 0.598543
-1.98904 -0.209057 -0 0.460781 0.598543
-1.99726 -0.104672 -0 0.477336 0.598723
-2.18795 -0.229963 -0 0.460639 0.569386
-1.99726 -0.104672 -0 0.477336 0.598723
-2.19699 -0.115139 -0 0.477278 0.569506
-2.18795 -0.229963 -0 0.460639 0.569386
-2.18795 -0.229963 -0 0.460639 0.569386
-2.19699 -0.115139 -0 0.477278 0.569506
-2.5899 -0.272209 0.04 0.458683 0.516123
-2.19699 -0.115139 -0 0.477278 0.569506
-2.60059 -0.136291 0.04 0.477238 0.516133
-2.5899 -0.272209 0.04 0.458683 0.516123
-2.5899 -0.272209 0.04 0.458683 0.516123
-2.60059 -0.136291 0.04 0.477238 0.516133
-2.7888 -0.293115 0.16 0.45873 0.477536
-2.60059 -0.136291 0.04 0.477238 0.516133
-2.80032 -0.146759 0.16 0.477262 0.477452
-2.7888 -0.293115 0.16 0.45873 0.477536
-2.7888 -0.293115 0.16 0.45873 0.477536
-2.80032 -0.146759 0.16 0.477262 0.477452
-2.98771 -0.314021 0.36 0.457119 0.427669
-2.80032 -0.146759 0.16 0.477262 0.477452
-3.00005 -0.157226 0.36 0.475515 0.427449
-2.98771 -0.314021 0.36 0.457119 0.427669
-2.98771 -0.314021 0.36 0.457119 0.427669
-3.00005 -0.157226 0.36 0.475515 0.427449
-3.18661 -0.334926 0.64 0.457658 0.368066
-3.00005 -0.157226 0.36 0.475515 0.427449
-3.19977 -0.167693 0.64 0.475764 0.367703
-3.18661 -0.334926 0.64 0.457658 0.368066
-3.18661 -0.334926 0.64 0.457658 0.368066
-3.19977 -0.167693 0.64 0.475764 0.367703
-3.38551 -0.355832 1 0.456893 0.299181
-3.19977 -0.167693 0.64 0.475764 0.367703
-3.3995 -0.17816 1 0.476214 0.298609
-3.38551 -0.355832 1 0.456893 0.299181
-3.38551 -0.355832 1 0.456893 0.299181
-3.3995 -0.17816 1 0.476214 0.298609
-3.58442 -0.376738 1.44 0.456803 0.225973
-3.3995 -0.17816 1 0.476214 0.298609
-3.59922 -0.188627 1.44 0.476894 0.225196
-3.58442 -0.376738 1.44 0.456803 0.225973
-3.58442 -0.376738 1.44 0.456803 0.225973
-3.59922 -0.188627 1.44 0.476894 0.225196
-3.78332 -0.397643 1.96 0.45606 0.148726
-3.59922 -0.188627 1.44 0.476894 0.225196
-3.79895 -0.199095 1.96 0.476293 0.147729
-3.78332 -0.397643 1.96 0.45606 0.148726
-0.790151 -0.125148 -0 0.459236 0.87889
-0.795618 -0.0836228 -0 0.470001 0.877709
-0.987688 -0.156434 -0 0.453975 0.815605
-0.795618 -0.0836228 -0 0.470001 0.877709
-0.994522 -0.104528 -0 0.467059 0.814189
-0.987688 -0.156434 -0 0.453975 0.815605
-0.987688 -0.156434 -0 0.453975 0.815605
-0.994522 -0.104528 -0 0.467059 0.814189
-1.18523 -0.187721 -0 0.450734 0.759945
-0.994522 -0.104528 -0 0.467059 0.814189
-1.19343 -0.125434 -0 0.464363 0.758223
-1.18523 -0.187721 -0 0.450734 0.759945
-1.18523 -0.187721 -0 0.450734 0.759945
-1.19343 -0.125434 -0 0.464363 0.758223
-1.38276 -0.219008 -0 0.449605 0.710683
-1.19343 -0.125434 -0 0.464363 0.758223
-1.39233 -0.14634 -0 0.463629 0.708661
-1.38276 -0.219008 -0 0.449605 0.710683
-1.38276 -0.219008 -0 0.449605 0.710683
-1.39233 -0.14634 -0 0.463629 0.708661
-1.5803 -0.250295 -0 0.447066 0.668366
-1.39233 -0.14634 -0 0.463629 0.708661
-1.59124 -0.167246 -0 0.461341 0.666123
-1.5803 -0.250295 -0 0.447066 0.668366
-1.5803 -0.250295 -0 0.447066 0.668366
-1.59124 -0.167246 -0 0.461341 0.666123
-1.77784 -0.281582 -0 0.446547 0.632452
-1.59124 -0.167246 -0 0.461341 0.666123
-1.79014 -0.188151 -0 0.461001 0.63001
-1.77784 -0.281582 -0 0.446547 0.632452
-1.77784 -0.281582 -0 0.446547 0.632452
-1.79014 -0.188151 -0 0.461001 0.63001
-1.97538 -0.312869 -0 0.444367 0.598222
-1.79014 -0.188151 -0 0.461001 0.63001
-1.98904 -0.209057 -0 0.460781 0.598543
-1.97538 -0.312869 -0 0.444367 0.598222
-1.97538 -0.312869 -0 0.444367 0.598222
-1.98904 -0.209057 -0 0.460781 0.598543
-2.17291 -0.344156 -0 0.444163 0.572094
-1.98904 -0.209057 -0 0.460781 0.598543
-2.18795 -0.229963 -0 0.460639 0.569386
-2.17291 -0.344156 -0 0.444163 0.572094
-2.17291 -0.344156 -0 0.444163 0.572094
-2.18795 -0.229963 -0 0.460639 0.569386
-2.5721 -0.407381 0.04 0.442146 0.519063
-2.18795 -0.229963 -0 0.460639 0.569386
-2.5899 -0.272209 0.04 0.458683 0.516123
-2.5721 -0.407381 0.04 0.442146 0.519063
-2.5721 -0.407381 0.04 0.442146 0.519063
-2.5899 -0.272209 0.04 0.458683 0.516123
-2.76964 -0.438668 0.16 0.440388 0.477685
-2.5899 -0.272209 0.04 0.458683 0.516123
-2.7888 -0.293115 0.16 0.45873 0.477536
-2.76964 -0.438668 0.16 0.440388 0.477685
-2.76964 -0.438668 0.16 0.440388 0.477685
-2.7888 -0.293115 0.16 0.45873 0.477536
-2.96718 -0.469955 0.36 0.438922 0.428051
-2.7888 -0.293115 0.16 0.45873 0.477536
-2.98771 -0.314021 0.36 0.457119 0.427669
-2.96718 -0.469955 0.36 0.438922 0.428051
-2.96718 -0.469955 0.36 0.438922 0.428051
-2.98771 -0.314021 0.36 0.457119 0.427669
-3.16471 -0.501242 0.64 0.437961 0.368776
-2.98771 -0.314021 0.36 0.457119 0.427669
-3.18661 -0.334926 0.64 0.457658 0.368066
-3.16471 -0.501242 0.64 0.437961 0.368776
-3.16471 -0.501242 0.64 0.437961 0.368776
-3.18661 -0.334926 0.64 0.457658 0.368066
-3.36225 -0.532528 1 0.436066 0.300316
-3.18661 -0.334926 0.64 0.457658 0.368066
-3.38551 -0.355832 1 0.456893 0.299181
-3.36225 -0.532528 1 0.436066 0.300316
-3.36225 -0.532528 1 0.436066 0.300316
-3.38551 -0.355832 1 0.456893 0.299181
-3.55979 -0.563815 1.44 0.435397 0.225356
-3.38551 -0.355832 1 0.456893 0.299181
-3.58442 -0.376738 1.44 0.456803 0.225973
-3.55979 -0.563815 1.44 0.435397 0.225356
-3.55979 -0.563815 1.44 0.435397 0.225356
-3.58442 -0.376738 1.44 0.456803 0.225973
-3.75733 -0.595102 1.96 0.436165 0.148755
-3.58442 -0.376738 1.44 0.456803 0.225973
-3.78332 -0.397643 1.96 0.45606 0.148726
-3.75733 -0.595102 1.96 0.436165 0.148755
-0.782518 -0.166329 -0 0.448574 0.879825
-0.790151 -0.125148 -0 0.459236 0.87889
-0.978148 -0.207912 -0 0.442661 0.816849
-0.790151 -0.125148 -0 0.459236 0.87889
-0.987688 -0.156434 -0 0.453975 0.815605
-0.978148 -0.207912 -0 0.442661 0.816849
-0.978148 -0.207912 -0 0.442661 0.816849
-0.987688 -0.156434 -0 0.453975 0.815605
-1.17378 -0.249494 -0 0.438956 0.761511
-0.987688 -0.156434 -0 0.453975 0.815605
-1.18523 -0.187721 -0 0.450734 0.759945
-1.17378 -0.249494 -0 0.438956 0.761511
-1.17378 -0.249494 -0 0.438956 0.761511
-1.18523 -0.187721 -0 0.450734 0.759945
-1.36941 -0.291076 -0 0.43403 0.712343
-1.18523 -0.187721 -0 0.450734 0.759945
-1.38276 -0.219008 -0 0.449605 0.710683
-1.36941 -0.291076 -0 0.43403 0.712343
-1.36941 -0.291076 -0 0.43403 0.712343
-1.38276 -0.219008 -0 0.449605 0.710683
-1.56504 -0.332659 -0 0.432975 0.670399
-1.38276 -0.219008 -0 0.449605 0.710683
-1.5803 -0.250295 -0 0.447066 0.668366
-1.56504 -0.332659 -0 0.432975 0.670399
-1.56504 -0.332659 -0 0.432975 0.670399
-1.5803 -0.250295 -0 0.447066 0.668366
-1.76067 -0.374241 -0 0.430504 0.634643
-1.5803 -0.250295 -0 0.447066 0.668366
-1.77784 -0.281582 -0 0.446547 0.632452
-1.76067 -0.374241 -0 0.430504 0.634643
-1.76067 -0.374241 -0 0.430504 0.634643
-1.77784 -0.281582 -0 0.446547 0.632452
-1.9563 -0.415823 -0 0.428209 0.600631
-1.77784 -0.281582 -0 0.446547 0.632452
-1.97538 -0.312869 -0 0.444367 0.598222
-1.9563 -0.415823 -0 0.428209 0.600631
-1.9563 -0.415823 -0 0.428209 0.600631
-1.97538 -0.312869 -0 0.444367 0.598222
-2.15192 -0.457406 -0 0.427922 0.574675
-1.97538 -0.312869 -0 0.444367 0.598222
-2.17291 -0.344156 -0 0.444163 0.572094
-2.15192 -0.457406 -0 0.427922 0.574675
-2.15192 -0.457406 -0 0.427922 0.574675
-2.17291 -0.344156 -0 0.444163 0.572094
-2.54726 -0.541436 0.04 0.424048 0.519012
-2.17291 -0.344156 -0 0.444163 0.572094
-2.5721 -0.407381 0.04 0.442146 0.519063
-2.54726 -0.541436 0.04 0.424048 0.519012
-2.54726 -0.541436 0.04 0.424048 0.519012
-2.5721 -0.407381 0.04 0.442146 0.519063
-2.74289 -0.583018 0.16 0.422328 0.480826
-2.5721 -0.407381 0.04 0.442146 0.519063
-2.76964 -0.438668 0.16 0.440388 0.477685
-2.74289 -0.583018 0.16 0.422328 0.480826
-2.74289 -0.583018 0.16 0.422328 0.480826
-2.76964 -0.438668 0.16 0.440388 0.477685
-2.93851 -0.624601 0.36 0.420986 0.431459
-2.76964 -0.438668 0.16 0.440388 0.477685
-2.96718 -0.469955 0.36 0.438922 0.428051
-2.93851 -0.624601 0.36 0.420986 0.431459
-2.93851 -0.624601 0.36 0.420986 0.431459
-2.96718 -0.469955 0.36 0.438922 0.428051
-3.13414 -0.666183 0.64 0.418621 0.369794
-2.96718 -0.469955 0.36 0.438922 0.428051
-3.16471 -0.501242 0.64 0.437961 0.368776
-3.13414 -0.666183 0.64 0.418621 0.369794
-3.13414 -0.666183 0.64 0.418621 0.369794
-3.16471 -0.501242 0.64 0.437961 0.368776
-3.32977 -0.707765 1 0.41733 0.301803
-3.16471 -0.501242 0.64 0.437961 0.368776
-3.36225 -0.532528 1 0.436066 0.300316
-3.32977 -0.707765 1 0.41733 0.301803
-3.32977 -0.707765 1 0.41733 0.301803
-3.36225 -0.532528 1 0.436066 0.300316
-3.5254 -0.749348 1.44 0.415962 0.227445
-3.36225 -0.532528 1 0.436066 0.300316
-3.55979 -0.563815 1.44 0.435397 0.225356
-3.5254 -0.749348 1.44 0.415962 0.227445
-3.5254 -0.749348 1.44 0.415962 0.227445
-3.55979 -0.563815 1.44 0.435397 0.225356
-3.72103 -0.79093 1.96 0.416562 0.15133
-3.55979 -0.563815 1.44 0.435397 0.225356
-3.75733 -0.595102 1.96 0.436165 0.148755
-3.72103 -0.79093 1.96 0.416562 0.15133
-0.772741 -0.207055 -0 0.438135 0.882236
-0.782518 -0.166329 -0 0.448574 0.879825
-0.965926 -0.258819 -0 0.431596 0.819912
-0.782518 -0.166329 -0 0.448574 0.879825
-0.978148 -0.207912 -0 0.442661 0.816849
-0.965926 -0.258819 -0 0.431596 0.819912
-0.965926 -0.258819 -0 0.431596 0.819912
-0.978148 -0.207912 -0 0.442661 0.816849
-1.15911 -0.310583 -0 0.425778 0.765024
-0.978148 -0.207912 -0 0.442661 0.816849
-1.17378 -0.249494 -0 0.438956 0.761511
-1.15911 -0.310583 -0 0.425778 0.765024
-1.15911 -0.310583 -0 0.425778 0.765024
-1.17378 -0.249494 -0 0.438956 0.761511
-1.3523 -0.362347 -0 0.420518 0.716364
-1.17378 -0.249494 -0 0.438956 0.761511
-1.36941 -0.291076 -0 0.43403 0.712343
-1.3523 -0.362347 -0 0.420518 0.716364
-1.3523 -0.362347 -0 0.420518 0.716364
-1.36941 -0.291076 -0 0.43403 0.712343
-1.54548 -0.41411 -0 0.417391 0.672101
-1.36941 -0.291076 -0 0.43403 0.712343
-1.56504 -0.332659 -0 0.432975 0.670399
-1.54548 -0.41411 -0 0.417391 0.672101
-1.54548 -0.41411 -0 0.417391 0.672101
-1.56504 -0.332659 -0 0.432975 0.670399
-1.73867 -0.465874 -0 0.41476 0.636619
-1.56504 -0.332659 -0 0.432975 0.670399
-1.76067 -0.374241 -0 0.430504 0.634643
-1.73867 -0.465874 -0 0.41476 0.636619
-1.73867 -0.465874 -0 0.41476 0.636619
-1.76067 -0.374241 -0 0.430504 0.634643
-1.93185 -0.517638 -0 0.412357 0.602868
-1.76067 -0.374241 -0 0.430504 0.634643
-1.9563 -0.415823 -0 0.428209 0.600631
-1.93185 -0.517638 -0 0.412357 0.602868
-1.93185 -0.517638 -0 0.412357 0.602868
-1.9563 -0.415823 -0 0.428209 0.600631
-2.12504 -0.569402 -0 0.410236 0.577067
-1.9563 -0.415823 -0 0.428209 0.600631
-2.15192 -0.457406 -0 0.427922 0.574675
-2.12504 -0.569402 -0 0.410236 0.577067
-2.12504 -0.569402 -0 0.410236 0.577067
-2.15192 -0.457406 -0 0.427922 0.574675
-2.51543 -0.674007 0.04 0.40809 0.521871
-2.15192 -0.457406 -0 0.427922 0.574675
-2.54726 -0.541436 0.04 0.424048 0.519012
-2.51543 -0.674007 0.04 0.40809 0.521871
-2.51543 -0.674007 0.04 0.40809 0.521871
-2.54726 -0.541436 0.04 0.424048 0.519012
-2.70861 -0.725771 0.16 0.404655 0.48398
-2.54726 -0.541436 0.04 0.424048 0.519012
-2.74289 -0.583018 0.16 0.422328 0.480826
-2.70861 -0.725771 0.16 0.404655 0.48398
-2.70861 -0.725771 0.16 0.404655 0.48398
-2.74289 -0.583018 0.16 0.422328 0.480826
-2.9018 -0.777535 0.36 0.4017 0.435041
-2.74289 -0.583018 0.16 0.422328 0.480826
-2.93851 -0.624601 0.36 0.420986 0.431459
-2.9018 -0.777535 0.36 0.4017 0.435041
-2.9018 -0.777535 0.36 0.4017 0.435041
-2.93851 -0.624601 0.36 0.420986 0.431459
-3.09498 -0.829298 0.64 0.39967 0.373817
-2.93851 -0.624601 0.36 0.420986 0.431459
-3.13414 -0.666183 0.64 0.418621 0.369794
-3.09498 -0.829298 0.64 0.39967 0.373817
-3.09498 -0.829298 0.64 0.39967 0.373817
-3.13414 -0.666183 0.64 0.418621 0.369794
-3.28817 -0.881062 1 0.397284 0.306365
-3.13414 -0.666183 0.64 0.418621 0.369794
-3.32977 -0.707765 1 0.41733 0.301803
-3.28817 -0.881062 1 0.397284 0.306365
-3.28817 -0.881062 1 0.397284 0.306365
-3.32977 -0.707765 1 0.41733 0.301803
-3.48135 -0.932826 1.44 0.395454 0.230345
-3.32977 -0.707765 1 0.41733 0.301803
-3.5254 -0.749348 1.44 0.415962 0.227445
-3.48135 -0.932826 1.44 0.395454 0.230345
-3.48135 -0.932826 1.44 0.395454 0.230345
-3.5254 -0.749348 1.44 0.415962 0.227445
-3.67454 -0.98459 1.96 0.396159 0.153134
-3.5254 -0.749348 1.44 0.415962 0.227445
-3.72103 -0.79093 1.96 0.416562 0.15133
-3.67454 -0.98459 1.96 0.396159 0.153134
-0.760845 -0.247214 -0 0.427874 0.884385
-0.772741 -0.207055 -0 0.438135 0.882236
-0.951057 -0.309017 -0 0.419164 0.822509
-0.772741 -0.207055 -0 0.438135 0.882236
-0.965926 -0.258819 -0 0.431596 0.819912
-0.951057 -0.309017 -0 0.419164 0.822509
-0.951057 -0.309017 -0 0.419164 0.822509
-0.965926 -0.258819 -0 0.431596 0.819912
-1.14127 -0.37082 -0 0.412879 0.768219
-0.965926 -0.258819 -0 0.431596 0.819912
-1.15911 -0.310583 -0 0.425778 0.765024
-1.14127 -0.37082 -0 0.412879 0.768219
-1.14127 -0.37082 -0 0.412879 0.768219
-1.15911 -0.310583 -0 0.425778 0.765024
-1.33148 -0.432624 -0 0.407196 0.717603
-1.15911 -0.310583 -0 0.425778 0.765024
-1.3523 -0.362347 -0 0.420518 0.716364
-1.33148 -0.432624 -0 0.407196 0.717603
-1.33148 -0.432624 -0 0.407196 0.717603
-1.3523 -0.362347 -0 0.420518 0.716364
-1.52169 -0.494427 -0 0.402245 0.676188
-1.3523 -0.362347 -0 0.420518 0.716364
-1.54548 -0.41411 -0 0.417391 0.672101
-1.52169 -0.494427 -0 0.402245 0.676188
-1.52169 -0.494427 -0 0.402245 0.676188
-1.54548 -0.41411 -0 0.417391 0.672101
-1.7119 -0.556231 -0 0.399375 0.638378
-1.54548 -0.41411 -0 0.417391 0.672101
-1.73867 -0.465874 -0 0.41476 0.636619
-1.7119 -0.556231 -0 0.399375 0.638378
-1.7119 -0.556231 -0 0.399375 0.638378
-1.73867 -0.465874 -0 0.41476 0.636619
-1.90211 -0.618034 -0 0.396933 0.607741
-1.73867 -0.465874 -0 0.41476 0.636619
-1.93185 -0.517638 -0 0.412357 0.602868
-1.90211 -0.618034 -0 0.396933 0.607741
-1.90211 -0.618034 -0 0.396933 0.607741
-1.93185 -0.517638 -0 0.412357 0.602868
-2.09232 -0.679837 -0 0.394716 0.579363
-1.93185 -0.517638 -0 0.412357 0.602868
-2.12504 -0.569402 -0 0.410236 0.577067
-2.09232 -0.679837 -0 0.394716 0.579363
-2.09232 -0.679837 -0 0.394716 0.579363
-2.12504 -0.569402 -0 0.410236 0.577067
-2.47671 -0.804731 0.04 0.390815 0.527542
-2.12504 -0.569402 -0 0.410236 0.577067
-2.51543 -0.674007 0.04 0.40809 0.521871
-2.47671 -0.804731 0.04 0.390815 0.527542
-2.47671 -0.804731 0.04 0.390815 0.527542
-2.51543 -0.674007 0.04 0.40809 0.521871
-2.66692 -0.866534 0.16 0.387456 0.487125
-2.51543 -0.674007 0.04 0.40809 0.521871
-2.70861 -0.725771 0.16 0.404655 0.48398
-2.66692 -0.866534 0.16 0.387456 0.487125
-2.66692 -0.866534 0.16 0.387456 0.487125
-2.70861 -0.725771 0.16 0.404655 0.48398
-2.85713 -0.928337 0.36 0.384706 0.435811
-2.70861 -0.725771 0.16 0.404655 0.48398
-2.9018 -0.777535 0.36 0.4017 0.435041
-2.85713 -0.928337 0.36 0.384706 0.435811
-2.85713 -0.928337 0.36 0.384706 0.435811
-2.9018 -0.777535 0.36 0.4017 0.435041
-3.04734 -0.990141 0.64 0.381265 0.378051
-2.9018 -0.777535 0.36 0.4017 0.435041
-3.09498 -0.829298 0.64 0.39967 0.373817
-3.04734 -0.990141 0.64 0.381265 0.378051
-3.04734 -0.990141 0.64 0.381265 0.378051
-3.09498 -0.829298 0.64 0.39967 0.373817
-3.23755 -1.05194 1 0.377983 0.308836
-3.09498 -0.829298 0.64 0.39967 0.373817
-3.28817 -0.881062 1 0.397284 0.306365
-3.23755 -1.05194 1 0.377983 0.308836
-3.23755 -1.05194 1 0.377983 0.308836
-3.28817 -0.881062 1 0.397284 0.306365
-3.42776 -1.11375 1.44 0.375633 0.233839
-3.28817 -0.881062 1 0.397284 0.306365
-3.48135 -0.932826 1.44 0.395454 0.230345
-3.42776 -1.11375 1.44 0.375633 0.233839
-3.42776 -1.11375 1.44 0.375633 0.233839
-3.48135 -0.932826 1.44 0.395454 0.230345
-3.61797 -1.17555 1.96 0.376488 0.155696
-3.48135 -0.932826 1.44 0.395454 0.230345
-3.67454 -0.98459 1.96 0.396159 0.153134
-3.61797 -1.17555 1.96 0.376488 0.155696
-0.746864 -0.286694 -0 0.417805 0.886279
-0.760845 -0.247214 -0 0.427874 0.884385
-0.93358 -0.358368 -0 0.407011 0.824784
-0.760845 -0.247214 -0 0.427874 0.884385
-0.951057 -0.309017 -0 0.419164 0.822509
-0.93358 -0.358368 -0 0.407011 0.824784
-0.93358 -0.358368 -0 0.407011 0.824784
-0.951057 -0.309017 -0 0.419164 0.822509
-1.1203 -0.430042 -0 0.398701 0.770879
-0.951057 -0.309017 -0 0.419164 0.822509
-1.14127 -0.37082 -0 0.412879 0.768219
-1.1203 -0.430042 -0 0.398701 0.770879
-1.1203 -0.430042 -0 0.398701 0.770879
-1.14127 -0.37082 -0 0.412879 0.768219
-1.30701 -0.501715 -0 0.3928 0.723332
-1.14127 -0.37082 -0 0.412879 0.768219
-1.33148 -0.432624 -0 0.407196 0.717603
-1.30701 -0.501715 -0 0.3928 0.723332
-1.30701 -0.501715 -0 0.3928 0.723332
-1.33148 -0.432624 -0 0.407196 0.717603
-1.49373 -0.573389 -0 0.387526 0.679964
-1.33148 -0.432624 -0 0.407196 0.717603
-1.52169 -0.494427 -0 0.402245 0.676188
-1.49373 -0.573389 -0 0.387526 0.679964
-1.49373 -0.573389 -0 0.387526 0.679964
-1.52169 -0.494427 -0 0.402245 0.676188
-1.68044 -0.645062 -0 0.384489 0.642636
-1.52169 -0.494427 -0 0.402245 0.676188
-1.7119 -0.556231 -0 0.399375 0.638378
-1.68044 -0.645062 -0 0.384489 0.642636
-1.68044 -0.645062 -0 0.384489 0.642636
-1.7119 -0.556231 -0 0.399375 0.638378
-1.86716 -0.716736 -0 0.380302 0.612261
-1.7119 -0.556231 -0 0.399375 0.638378
-1.90211 -0.618034 -0 0.396933 0.607741
-1.86716 -0.716736 -0 0.380302 0.612261
-1.86716 -0.716736 -0 0.380302 0.612261
-1.90211 -0.618034 -0 0.396933 0.607741
-2.05388 -0.788409 -0 0.378024 0.584248
-1.90211 -0.618034 -0 0.396933 0.607741
-2.09232 -0.679837 -0 0.394716 0.579363
-2.05388 -0.788409 -0 0.378024 0.584248
-2.05388 -0.788409 -0 0.378024 0.584248
-2.09232 -0.679837 -0 0.394716 0.579363
-2.4312 -0.933249 0.04 0.374073 0.530205
-2.09232 -0.679837 -0 0.394716 0.579363
-2.47671 -0.804731 0.04 0.390815 0.527542
-2.4312 -0.933249 0.04 0.374073 0.530205
-2.4312 -0.933249 0.04 0.374073 0.530205
-2.47671 -0.804731 0.04 0.390815 0.527542
-2.61791 -1.00492 0.16 0.370801 0.490245
-2.47671 -0.804731 0.04 0.390815 0.527542
-2.66692 -0.866534 0.16 0.387456 0.487125
-2.61791 -1.00492 0.16 0.370801 0.490245
-2.61791 -1.00492 0.16 0.370801 0.490245
-2.66692 -0.866534 0.16 0.387456 0.487125
-2.80463 -1.0766 0.36 0.366535 0.442369
-2.66692 -0.866534 0.16 0.387456 0.487125
-2.85713 -0.928337 0.36 0.384706 0.435811
-2.80463 -1.0766 0.36 0.366535 0.442369
-2.80463 -1.0766 0.36 0.366535 0.442369
-2.85713 -0.928337 0.36 0.384706 0.435811
-2.99134 -1.14827 0.64 0.362025 0.37995
-2.85713 -0.928337 0.36 0.384706 0.435811
-3.04734 -0.990141 0.64 0.381265 0.378051
-2.99134 -1.14827 0.64 0.362025 0.37995
-2.99134 -1.14827 0.64 0.362025 0.37995
-3.04734 -0.990141 0.64 0.381265 0.378051
-3.17806 -1.21994 1 0.359424 0.311673
-3.04734 -0.990141 0.64 0.381265 0.378051
-3.23755 -1.05194 1 0.377983 0.308836
-3.17806 -1.21994 1 0.359424 0.311673
-3.17806 -1.21994 1 0.359424 0.311673
-3.23755 -1.05194 1 0.377983 0.308836
-3.36478 -1.29162 1.44 0.356595 0.237849
-3.23755 -1.05194 1 0.377983 0.308836
-3.42776 -1.11375 1.44 0.375633 0.233839
-3.36478 -1.29162 1.44 0.356595 0.237849
-3.36478 -1.29162 1.44 0.356595 0.237849
-3.42776 -1.11375 1.44 0.375633 0.233839
-3.55149 -1.36329 1.96 0.356302 0.159302
-3.42776 -1.11375 1.44 0.375633 0.233839
-3.61797 -1.17555 1.96 0.376488 0.155696
-3.55149 -1.36329 1.96 0.356302 0.159302
-0.730836 -0.325389 -0 0.408099 0.889582
-0.746864 -0.286694 -0 0.417805 0.886279
-0.913545 -0.406737 -0 0.396828 0.828985
-0.746864 -0.286694 -0 0.417805 0.886279
-0.93358 -0.358368 -0 0.407011 0.824784
-0.913545 -0.406737 -0 0.396828 0.828985
-0.913545 -0.406737 -0 0.396828 0.828985
-0.93358 -0.358368 -0 0.407011 0.824784
-1.09625 -0.488084 -0 0.386639 0.775656
-0.93358 -0.358368 -0 0.407011 0.824784
-1.1203 -0.430042 -0 0.398701 0.770879
-1.09625 -0.488084 -0 0.386639 0.775656
-1.09625 -0.488084 -0 0.386639 0.775656
-1.1203 -0.430042 -0 0.398701 0.770879
-1.27896 -0.569431 -0 0.37874 0.726233
-1.1203 -0.430042 -0 0.398701 0.770879
-1.30701 -0.501715 -0 0.3928 0.723332
-1.27896 -0.569431 -0 0.37874 0.726233
-1.27896 -0.569431 -0 0.37874 0.726233
-1.30701 -0.501715 -0 0.3928 0.723332
-1.46167 -0.650779 -0 0.373401 0.685992
-1.30701 -0.501715 -0 0.3928 0.723332
-1.49373 -0.573389 -0 0.387526 0.679964
-1.46167 -0.650779 -0 0.373401 0.685992
-1.46167 -0.650779 -0 0.373401 0.685992
-1.49373 -0.573389 -0 0.387526 0.679964
-1.64438 -0.732126 -0 0.368594 0.649113
-1.49373 -0.573389 -0 0.387526 0.679964
-1.68044 -0.645062 -0 0.384489 0.642636
-1.64438 -0.732126 -0 0.368594 0.649113
-1.64438 -0.732126 -0 0.368594 0.649113
-1.68044 -0.645062 -0 0.384489 0.642636
-1.82709 -0.813473 -0 0.364271 0.616496
-1.68044 -0.645062 -0 0.384489 0.642636
-1.86716 -0.716736 -0 0.380302 0.612261
-1.82709 -0.813473 -0 0.364271 0.616496
-1.82709 -0.813473 -0 0.364271 0.616496
-1.86716 -0.716736 -0 0.380302 0.612261
-2.0098 -0.894821 -0 0.361938 0.588886
-1.86716 -0.716736 -0 0.380302 0.612261
-2.05388 -0.788409 -0 0.378024 0.584248
-2.0098 -0.894821 -0 0.361938 0.588886
-2.0098 -0.894821 -0 0.361938 0.588886
-2.05388 -0.788409 -0 0.378024 0.584248
-2.37902 -1.05921 0.04 0.356369 0.535554
-2.05388 -0.788409 -0 0.378024 0.584248
-2.4312 -0.933249 0.04 0.374073 0.530205
-2.37902 -1.05921 0.04 0.356369 0.535554
-2.37902 -1.05921 0.04 0.356369 0.535554
-2.4312 -0.933249 0.04 0.374073 0.530205
-2.56173 -1.14056 0.16 0.353166 0.496154
-2.4312 -0.933249 0.04 0.374073 0.530205
-2.61791 -1.00492 0.16 0.370801 0.490245
-2.56173 -1.14056 0.16 0.353166 0.496154
-2.56173 -1.14056 0.16 0.353166 0.496154
-2.61791 -1.00492 0.16 0.370801 0.490245
-2.74444 -1.2219 0.36 0.347603 0.446224
-2.61791 -1.00492 0.16 0.370801 0.490245
-2.80463 -1.0766 0.36 0.366535 0.442369
-2.74444 -1.2219 0.36 0.347603 0.446224
-2.74444 -1.2219 0.36 0.347603 0.446224
-2.80463 -1.0766 0.36 0.366535 0.442369
-2.92715 -1.30325 0.64 0.34353 0.3847
-2.80463 -1.0766 0.36 0.366535 0.442369
-2.99134 -1.14827 0.64 0.362025 0.37995
-2.92715 -1.30325 0.64 0.34353 0.3847
-2.92715 -1.30325 0.64 0.34353 0.3847
-2.99134 -1.14827 0.64 0.362025 0.37995
-3.10986 -1.3846 1 0.340062 0.31751
-2.99134 -1.14827 0.64 0.362025 0.37995
-3.17806 -1.21994 1 0.359424 0.311673
-3.10986 -1.3846 1 0.340062 0.31751
-3.10986 -1.3846 1 0.340062 0.31751
-3.17806 -1.21994 1 0.359424 0.311673
-3.29257 -1.46595 1.44 0.337276 0.240546
-3.17806 -1.21994 1 0.359424 0.311673
-3.36478 -1.29162 1.44 0.356595 0.237849
-3.29257 -1.46595 1.44 0.337276 0.240546
-3.29257 -1.46595 1.44 0.337276 0.240546
-3.36478 -1.29162 1.44 0.356595 0.237849
-3.47528 -1.54729 1.96 0.335862 0.16397
-3.36478 -1.29162 1.44 0.356595 0.237849
-3.55149 -1.36329 1.96 0.356302 0.159302
-3.47528 -1.54729 1.96 0.335862 0.16397
-0.730836 -0.325389 -0 0.408099 0.889582
-0.913545 -0.406737 -0 0.396828 0.828985
-0.891007 -0.453991 -0 0.385643 0.834524
-0.891007 -0.453991 -0 0.385643 0.834524
-0.913545 -0.406737 -0 0.396828 0.828985
-1.06921 -0.544789 -0 0.373467 0.779789
-0.913545 -0.406737 -0 0.396828 0.828985
-1.09625 -0.488084 -0 0.386639 0.775656
-1.06921 -0.544789 -0 0.373467 0.779789
-1.06921 -0.544789 -0 0.373467 0.779789
-1.09625 -0.488084 -0 0.386639 0.775656
-1.24741 -0.635587 -0 0.365317 0.731187
-1.09625 -0.488084 -0 0.386639 0.775656
-1.27896 -0.569431 -0 0.37874 0.726233
-1.24741 -0.635587 -0 0.365317 0.731187
-1.24741 -0.635587 -0 0.365317 0.731187
-1.27896 -0.569431 -0 0.37874 0.726233
-1.42561 -0.726385 -0 0.359662 0.689123
-1.27896 -0.569431 -0 0.37874 0.726233
-1.46167 -0.650779 -0 0.373401 0.685992
-1.42561 -0.726385 -0 0.359662 0.689123
-1.42561 -0.726385 -0 0.359662 0.689123
-1.46167 -0.650779 -0 0.373401 0.685992
-1.60381 -0.817183 -0 0.353238 0.652571
-1.46167 -0.650779 -0 0.373401 0.685992
-1.64438 -0.732126 -0 0.368594 0.649113
-1.60381 -0.817183 -0 0.353238 0.652571
-1.60381 -0.817183 -0 0.353238 0.652571
-1.64438 -0.732126 -0 0.368594 0.649113
-1.78201 -0.907981 -0 0.348883 0.620448
-1.64438 -0.732126 -0 0.368594 0.649113
-1.82709 -0.813473 -0 0.364271 0.616496
-1.78201 -0.907981 -0 0.348883 0.620448
-1.78201 -0.907981 -0 0.348883 0.620448
-1.82709 -0.813473 -0 0.364271 0.616496
-1.96021 -0.998779 -0 0.346503 0.593271
-1.82709 -0.813473 -0 0.364271 0.616496
-2.0098 -0.894821 -0 0.361938 0.588886
-1.96021 -0.998779 -0 0.346503 0.593271
-1.96021 -0.998779 -0 0.346503 0.593271
-2.0098 -0.894821 -0 0.361938 0.588886
-2.32033 -1.18227 0.04 0.340966 0.540737
-2.0098 -0.894821 -0 0.361938 0.588886
-2.37902 -1.05921 0.04 0.356369 0.535554
-2.32033 -1.18227 0.04 0.340966 0.540737
-2.32033 -1.18227 0.04 0.340966 0.540737
-2.37902 -1.05921 0.04 0.356369 0.535554
-2.49853 -1.27306 0.16 0.33632 0.501912
-2.37902 -1.05921 0.04 0.356369 0.535554
-2.56173 -1.14056 0.16 0.353166 0.496154
-2.49853 -1.27306 0.16 0.33632 0.501912
-2.49853 -1.27306 0.16 0.33632 0.501912
-2.56173 -1.14056 0.16 0.353166 0.496154
-2.67673 -1.36386 0.36 0.331001 0.452709
-2.56173 -1.14056 0.16 0.353166 0.496154
-2.74444 -1.2219 0.36 0.347603 0.446224
-2.67673 -1.36386 0.36 0.331001 0.452709
-2.67673 -1.36386 0.36 0.331001 0.452709
-2.74444 -1.2219 0.36 0.347603 0.446224
-2.85493 -1.45466 0.64 0.325814 0.392147
-2.74444 -1.2219 0.36 0.347603 0.446224
-2.92715 -1.30325 0.64 0.34353 0.3847
-2.85493 -1.45466 0.64 0.325814 0.392147
-2.85493 -1.45466 0.64 0.325814 0.392147
-2.92715 -1.30325 0.64 0.34353 0.3847
-3.03313 -1.54546 1 0.320509 0.321478
-2.92715 -1.30325 0.64 0.34353 0.3847
-3.10986 -1.3846 1 0.340062 0.31751
-3.03313 -1.54546 1 0.320509 0.321478
-3.03313 -1.54546 1 0.320509 0.321478
-3.10986 -1.3846 1 0.340062 0.31751
-3.21133 -1.63626 1.44 0.317516 0.246157
-3.10986 -1.3846 1 0.340062 0.31751
-3.29257 -1.46595 1.44 0.337276 0.240546
-3.21133 -1.63626 1.44 0.317516 0.246157
-3.21133 -1.63626 1.44 0.317516 0.246157
-3.29257 -1.46595 1.44 0.337276 0.240546
-3.38953 -1.72705 1.96 0.316893 0.167526
-3.29257 -1.46595 1.44 0.337276 0.240546
-3.47528 -1.54729 1.96 0.335862 0.16397
-3.38953 -1.72705 1.96 0.316893 0.167526
-2.67673 -1.36386 0.36 0.331001 0.452709
-2.85493 -1.45466 0.64 0.325814 0.392147
-2.77489 -1.60208 0.64 0.306479 0.397392
-2.77489 -1.60208 0.64 0.306479 0.397392
-2.85493 -1.45466 0.64 0.325814 0.392147
-2.94809 -1.70208 1 0.301968 0.328035
-2.85493 -1.45466 0.64 0.325814 0.392147
-3.03313 -1.54546 1 0.320509 0.321478
-2.94809 -1.70208 1 0.301968 0.328035
-2.94809 -1.70208 1 0.301968 0.328035
-3.03313 -1.54546 1 0.320509 0.321478
-3.1213 -1.80208 1.44 0.297792 0.252517
-3.03313 -1.54546 1 0.320509 0.321478
-3.21133 -1.63626 1.44 0.317516 0.246157
-3.1213 -1.80208 1.44 0.297792 0.252517
-3.1213 -1.80208 1.44 0.297792 0.252517
-3.21133 -1.63626 1.44 0.317516 0.246157
-3.2945 -1.90208 1.96 0.296652 0.174203
-3.21133 -1.63626 1.44 0.317516 0.246157
-3.38953 -1.72705 1.96 0.316893 0.167526
-3.2945 -1.90208 1.96 0.296652 0.174203
