1.36386 2.67673 0.36 0.6718 0.441307
1.50208 2.60168 0.36 0.690236 0.448246
1.45466 2.85493 0.64 0.676368 0.378478
1.50208 2.60168 0.36 0.690236 0.448246
1.60208 2.77489 0.64 0.695552 0.384182
1.45466 2.85493 0.64 0.676368 0.378478
1.45466 2.85493 0.64 0.676368 0.378478
1.60208 2.77489 0.64 0.695552 0.384182
1.54546 3.03313 1 0.680814 0.306593
1.60208 2.77489 0.64 0.695552 0.384182
1.70208 2.94809 1 0.700252 0.311597
1.54546 3.03313 1 0.680814 0.306593
1.54546 3.03313 1 0.680814 0.306593
1.70208 2.94809 1 0.700252 0.311597
1.63626 3.21133 1.44 0.682359 0.227204
1.70208 2.94809 1 0.700252 0.311597
1.80208 3.1213 1.44 0.702796 0.23245
1.63626 3.21133 1.44 0.682359 0.227204
1.63626 3.21133 1.44 0.682359 0.227204
1.80208 3.1213 1.44 0.702796 0.23245
1.72705 3.38953 1.96 0.682362 0.145972
1.80208 3.1213 1.44 0.702796 0.23245
1.90208 3.2945 1.96 0.702746 0.150325
1.72705 3.38953 1.96 0.682362 0.145972
0.325389 0.730836 -0 0.583212 0.918106
0.363192 0.712805 -0 0.593898 0.922218
0.406737 0.913545 -0 0.598049 0.852274
0.363192 0.712805 -0 0.593898 0.922218
0.453991 0.891007 -0 0.60925 0.857557
0.406737 0.913545 -0 0.598049 0.852274
0.406737 0.913545 -0 0.598049 0.852274
0.453991 0.891007 -0 0.60925 0.857557
0.488084 1.09625 -0 0.608918 0.793654
0.453991 0.891007 -0 0.60925 0.857557
0.544789 1.06921 -0 0.622189 0.797631
0.488084 1.09625 -0 0.608918 0.793654
0.488084 1.09625 -0 0.608918 0.793654
0.544789 1.06921 -0 0.622189 0.797631
0.569431 1.27896 -0 0.617342 0.739705
0.544789 1.06921 -0 0.622189 0.797631
0.635587 1.24741 -0 0.632267 0.746669
0.569431 1.27896 -0 0.617342 0.739705
0.569431 1.27896 -0 0.617342 0.739705
0.635587 1.24741 -0 0.632267 0.746669
0.650779 1.46167 -0 0.624722 0.693904
0.635587 1.24741 -0 0.632267 0.746669
0.726385 1.42561 -0 0.639982 0.69929
0.650779 1.46167 -0 0.624722 0.693904
0.650779 1.46167 -0 0.624722 0.693904
0.726385 1.42561 -0 0.639982 0.69929
0.732126 1.64438 -0 0.629773 0.653879
0.726385 1.42561 -0 0.639982 0.69929
0.817183 1.60381 -0 0.646697 0.659785
0.732126 1.64438 -0 0.629773 0.653879
0.732126 1.64438 -0 0.629773 0.653879
0.817183 1.60381 -0 0.646697 0.659785
0.813473 1.82709 -0 0.634273 0.617988
0.817183 1.60381 -0 0.646697 0.659785
0.907981 1.78201 -0 0.651257 0.624573
0.813473 1.82709 -0 0.634273 0.617988
0.813473 1.82709 -0 0.634273 0.617988
0.907981 1.78201 -0 0.651257 0.624573
0.894821 2.0098 -0 0.638302 0.586986
0.907981 1.78201 -0 0.651257 0.624573
0.998779 1.96021 -0 0.65529 0.594141
0.894821 2.0098 -0 0.638302 0.586986
0.894821 2.0098 -0 0.638302 0.586986
0.998779 1.96021 -0 0.65529 0.594141
1.05921 2.37902 0.04 0.643861 0.529984
0.998779 1.96021 -0 0.65529 0.594141
1.18227 2.32033 0.04 0.660866 0.535341
1.05921 2.37902 0.04 0.643861 0.529984
1.05921 2.37902 0.04 0.643861 0.529984
1.18227 2.32033 0.04 0.660866 0.535341
1.14056 2.56173 0.16 0.648532 0.490139
1.18227 2.32033 0.04 0.660866 0.535341
1.27306 2.49853 0.16 0.665364 0.493342
1.14056 2.56173 0.16 0.648532 0.490139
1.14056 2.56173 0.16 0.648532 0.490139
1.27306 2.49853 0.16 0.665364 0.493342
1.2219 2.74444 0.36 0.652285 0.437022
1.27306 2.49853 0.16 0.665364 0.493342
1.36386 2.67673 0.36 0.6718 0.441307
1.2219 2.74444 0.36 0.652285 0.437022
1.2219 2.74444 0.36 0.652285 0.437022
1.36386 2.67673 0.36 0.6718 0.441307
1.30325 2.92715 0.64 0.6574 0.373069
1.36386 2.67673 0.36 0.6718 0.441307
1.45466 2.85493 0.64 0.676368 0.378478
1.30325 2.92715 0.64 0.6574 0.373069
1.30325 2.92715 0.64 0.6574 0.373069
1.45466 2.85493 0.64 0.676368 0.378478
1.3846 3.10986 1 0.660012 0.30187
1.45466 2.85493 0.64 0.676368 0.378478
1.54546 3.03313 1 0.680814 0.306593
1.3846 3.10986 1 0.660012 0.30187
1.3846 3.10986 1 0.660012 0.30187
1.54546 3.03313 1 0.680814 0.306593
1.46595 3.29257 1.44 0.661719 0.222837
1.54546 3.03313 1 0.680814 0.306593
1.63626 3.21133 1.44 0.682359 0.227204
1.46595 3.29257 1.44 0.661719 0.222837
1.46595 3.29257 1.44 0.661719 0.222837
1.63626 3.21133 1.44 0.682359 0.227204
1.54729 3.47528 1.96 0.661558 0.142741
1.63626 3.21133 1.44 0.682359 0.227204
1.72705 3.38953 1.96 0.682362 0.145972
1.54729 3.47528 1.96 0.661558 0.142741
0.286694 0.746864 -0 0.573658 0.913388
0.325389 0.730836 -0 0.583212 0.918106
0.358368 0.93358 -0 0.586311 0.848517
0.325389 0.730836 -0 0.583212 0.918106
0.406737 0.913545 -0 0.598049 0.852274
0.358368 0.93358 -0 0.586311 0.848517
0.358368 0.93358 -0 0.586311 0.848517
0.406737 0.913545 -0 0.598049 0.852274
0.430042 1.1203 -0 0.59517 0.789256
0.406737 0.913545 -0 0.598049 0.852274
0.488084 1.09625 -0 0.608918 0.793654
0.430042 1.1203 -0 0.59517 0.789256
0.430042 1.1203 -0 0.59517 0.789256
0.488084 1.09625 -0 0.608918 0.793654
0.501715 1.30701 -0 0.603259 0.73443
0.488084 1.09625 -0 0.608918 0.793654
0.569431 1.27896 -0 0.617342 0.739705
0.501715 1.30701 -0 0.603259 0.73443
0.501715 1.30701 -0 0.603259 0.73443
0.569431 1.27896 -0 0.617342 0.739705
0.573389 1.49373 -0 0.61046 0.687888
0.569431 1.27896 -0 0.617342 0.739705
0.650779 1.46167 -0 0.624722 0.693904
0.573389 1.49373 -0 0.61046 0.687888
0.573389 1.49373 -0 0.61046 0.687888
0.650779 1.46167 -0 0.624722 0.693904
0.645062 1.68044 -0 0.615277 0.649944
0.650779 1.46167 -0 0.624722 0.693904
0.732126 1.64438 -0 0.629773 0.653879
0.645062 1.68044 -0 0.615277 0.649944
0.645062 1.68044 -0 0.615277 0.649944
0.732126 1.64438 -0 0.629773 0.653879
0.716736 1.86716 -0 0.61806 0.613683
0.732126 1.64438 -0 0.629773 0.653879
0.813473 1.82709 -0 0.634273 0.617988
0.716736 1.86716 -0 0.61806 0.613683
0.716736 1.86716 -0 0.61806 0.613683
0.813473 1.82709 -0 0.634273 0.617988
0.788409 2.05388 -0 0.622094 0.582232
0.813473 1.82709 -0 0.634273 0.617988
0.894821 2.0098 -0 0.638302 0.586986
0.788409 2.05388 -0 0.622094 0.582232
0.788409 2.05388 -0 0.622094 0.582232
0.894821 2.0098 -0 0.638302 0.586986
0.933249 2.4312 0.04 0.626026 0.527323
0.894821 2.0098 -0 0.638302 0.586986
1.05921 2.37902 0.04 0.643861 0.529984
0.933249 2.4312 0.04 0.626026 0.527323
0.933249 2.4312 0.04 0.626026 0.527323
1.05921 2.37902 0.04 0.643861 0.529984
1.00492 2.61791 0.16 0.630861 0.484001
1.05921 2.37902 0.04 0.643861 0.529984
1.14056 2.56173 0.16 0.648532 0.490139
1.00492 2.61791 0.16 0.630861 0.484001
1.00492 2.61791 0.16 0.630861 0.484001
1.14056 2.56173 0.16 0.648532 0.490139
1.0766 2.80463 0.36 0.633274 0.432879
1.14056 2.56173 0.16 0.648532 0.490139
1.2219 2.74444 0.36 0.652285 0.437022
1.0766 2.80463 0.36 0.633274 0.432879
1.0766 2.80463 0.36 0.633274 0.432879
1.2219 2.74444 0.36 0.652285 0.437022
1.14827 2.99134 0.64 0.637484 0.370452
1.2219 2.74444 0.36 0.652285 0.437022
1.30325 2.92715 0.64 0.6574 0.373069
1.14827 2.99134 0.64 0.637484 0.370452
1.14827 2.99134 0.64 0.637484 0.370452
1.30325 2.92715 0.64 0.6574 0.373069
1.21994 3.17806 1 0.6409 0.298091
1.30325 2.92715 0.64 0.6574 0.373069
1.3846 3.10986 1 0.660012 0.30187
1.21994 3.17806 1 0.6409 0.298091
1.21994 3.17806 1 0.6409 0.298091
1.3846 3.10986 1 0.660012 0.30187
1.29162 3.36478 1.44 0.641141 0.219398
1.3846 3.10986 1 0.660012 0.30187
1.46595 3.29257 1.44 0.661719 0.222837
1.29162 3.36478 1.44 0.641141 0.219398
1.29162 3.36478 1.44 0.641141 0.219398
1.46595 3.29257 1.44 0.661719 0.222837
1.36329 3.55149 1.96 0.640316 0.139059
1.46595 3.29257 1.44 0.661719 0.222837
1.54729 3.47528 1.96 0.661558 0.142741
1.36329 3.55149 1.96 0.640316 0.139059
0.247214 0.760845 -0 0.562234 0.91014
0.286694 0.746864 -0 0.573658 0.913388
0.309017 0.951057 -0 0.57424 0.84439
0.286694 0.746864 -0 0.573658 0.913388
0.358368 0.93358 -0 0.586311 0.848517
0.309017 0.951057 -0 0.57424 0.84439
0.309017 0.951057 -0 0.57424 0.84439
0.358368 0.93358 -0 0.586311 0.848517
0.37082 1.14127 -0 0.58261 0.784219
0.358368 0.93358 -0 0.586311 0.848517
0.430042 1.1203 -0 0.59517 0.789256
0.37082 1.14127 -0 0.58261 0.784219
0.37082 1.14127 -0 0.58261 0.784219
0.430042 1.1203 -0 0.59517 0.789256
0.432624 1.33148 -0 0.588571 0.73124
0.430042 1.1203 -0 0.59517 0.789256
0.501715 1.30701 -0 0.603259 0.73443
0.432624 1.33148 -0 0.588571 0.73124
0.432624 1.33148 -0 0.588571 0.73124
0.501715 1.30701 -0 0.603259 0.73443
0.494427 1.52169 -0 0.593877 0.684308
0.501715 1.30701 -0 0.603259 0.73443
0.573389 1.49373 -0 0.61046 0.687888
0.494427 1.52169 -0 0.593877 0.684308
0.494427 1.52169 -0 0.593877 0.684308
0.573389 1.49373 -0 0.61046 0.687888
0.556231 1.7119 -0 0.598565 0.645862
0.573389 1.49373 -0 0.61046 0.687888
0.645062 1.68044 -0 0.615277 0.649944
0.556231 1.7119 -0 0.598565 0.645862
0.556231 1.7119 -0 0.598565 0.645862
0.645062 1.68044 -0 0.615277 0.649944
0.618034 1.90211 -0 0.602945 0.608996
0.645062 1.68044 -0 0.615277 0.649944
0.716736 1.86716 -0 0.61806 0.613683
0.618034 1.90211 -0 0.602945 0.608996
0.618034 1.90211 -0 0.602945 0.608996
0.716736 1.86716 -0 0.61806 0.613683
0.679837 2.09232 -0 0.605205 0.580134
0.716736 1.86716 -0 0.61806 0.613683
0.788409 2.05388 -0 0.622094 0.582232
0.679837 2.09232 -0 0.605205 0.580134
0.679837 2.09232 -0 0.605205 0.580134
0.788409 2.05388 -0 0.622094 0.582232
0.804731 2.47671 0.04 0.609157 0.521616
0.788409 2.05388 -0 0.622094 0.582232
0.933249 2.4312 0.04 0.626026 0.527323
0.804731 2.47671 0.04 0.609157 0.521616
0.804731 2.47671 0.04 0.609157 0.521616
0.933249 2.4312 0.04 0.626026 0.527323
0.866534 2.66692 0.16 0.612448 0.480666
0.933249 2.4312 0.04 0.626026 0.527323
1.00492 2.61791 0.16 0.630861 0.484001
0.866534 2.66692 0.16 0.612448 0.480666
0.866534 2.66692 0.16 0.612448 0.480666
1.00492 2.61791 0.16 0.630861 0.484001
0.928337 2.85713 0.36 0.615053 0.4289
1.00492 2.61791 0.16 0.630861 0.484001
1.0766 2.80463 0.36 0.633274 0.432879
0.928337 2.85713 0.36 0.615053 0.4289
0.928337 2.85713 0.36 0.615053 0.4289
1.0766 2.80463 0.36 0.633274 0.432879
0.990141 3.04734 0.64 0.618075 0.365592
1.0766 2.80463 0.36 0.633274 0.432879
1.14827 2.99134 0.64 0.637484 0.370452
0.990141 3.04734 0.64 0.618075 0.365592
0.990141 3.04734 0.64 0.618075 0.365592
1.14827 2.99134 0.64 0.637484 0.370452
1.05194 3.23755 1 0.620833 0.294687
1.14827 2.99134 0.64 0.637484 0.370452
1.21994 3.17806 1 0.6409 0.298091
1.05194 3.23755 1 0.620833 0.294687
1.05194 3.23755 1 0.620833 0.294687
1.21994 3.17806 1 0.6409 0.298091
1.11375 3.42776 1.44 0.620902 0.216904
1.21994 3.17806 1 0.6409 0.298091
1.29162 3.36478 1.44 0.641141 0.219398
1.11375 3.42776 1.44 0.620902 0.216904
1.11375 3.42776 1.44 0.620902 0.216904
1.29162 3.36478 1.44 0.641141 0.219398
1.17555 3.61797 1.96 0.620561 0.136907
1.29162 3.36478 1.44 0.641141 0.219398
1.36329 3.55149 1.96 0.640316 0.139059
1.17555 3.61797 1.96 0.620561 0.136907
0.207055 0.772741 -0 0.551961 0.908027
0.247214 0.760845 -0 0.562234 0.91014
0.258819 0.965926 -0 0.561749 0.841885
0.247214 0.760845 -0 0.562234 0.91014
0.309017 0.951057 -0 0.57424 0.84439
0.258819 0.965926 -0 0.561749 0.841885
0.258819 0.965926 -0 0.561749 0.841885
0.309017 0.951057 -0 0.57424 0.84439
0.310583 1.15911 -0 0.567921 0.781271
0.309017 0.951057 -0 0.57424 0.84439
0.37082 1.14127 -0 0.58261 0.784219
0.310583 1.15911 -0 0.567921 0.781271
0.310583 1.15911 -0 0.567921 0.781271
0.37082 1.14127 -0 0.58261 0.784219
0.362347 1.3523 -0 0.575187 0.727542
0.37082 1.14127 -0 0.58261 0.784219
0.432624 1.33148 -0 0.588571 0.73124
0.362347 1.3523 -0 0.575187 0.727542
0.362347 1.3523 -0 0.575187 0.727542
0.432624 1.33148 -0 0.588571 0.73124
0.41411 1.54548 -0 0.578428 0.682922
0.432624 1.33148 -0 0.588571 0.73124
0.494427 1.52169 -0 0.593877 0.684308
0.41411 1.54548 -0 0.578428 0.682922
0.41411 1.54548 -0 0.578428 0.682922
0.494427 1.52169 -0 0.593877 0.684308
0.465874 1.73867 -0 0.583058 0.641345
0.494427 1.52169 -0 0.593877 0.684308
0.556231 1.7119 -0 0.598565 0.645862
0.465874 1.73867 -0 0.583058 0.641345
0.465874 1.73867 -0 0.583058 0.641345
0.556231 1.7119 -0 0.598565 0.645862
0.517638 1.93185 -0 0.585537 0.607038
0.556231 1.7119 -0 0.598565 0.645862
0.618034 1.90211 -0 0.602945 0.608996
0.517638 1.93185 -0 0.585537 0.607038
0.517638 1.93185 -0 0.585537 0.607038
0.618034 1.90211 -0 0.602945 0.608996
0.569402 2.12504 -0 0.587788 0.57494
0.618034 1.90211 -0 0.602945 0.608996
0.679837 2.09232 -0 0.605205 0.580134
0.569402 2.12504 -0 0.587788 0.57494
0.569402 2.12504 -0 0.587788 0.57494
0.679837 2.09232 -0 0.605205 0.580134
0.674007 2.51543 0.04 0.591704 0.518732
0.679837 2.09232 -0 0.605205 0.580134
0.804731 2.47671 0.04 0.609157 0.521616
0.674007 2.51543 0.04 0.591704 0.518732
0.674007 2.51543 0.04 0.591704 0.518732
0.804731 2.47671 0.04 0.609157 0.521616
0.725771 2.70861 0.16 0.593337 0.477323
0.804731 2.47671 0.04 0.609157 0.521616
0.866534 2.66692 0.16 0.612448 0.480666
0.725771 2.70861 0.16 0.593337 0.477323
0.725771 2.70861 0.16 0.593337 0.477323
0.866534 2.66692 0.16 0.612448 0.480666
0.777535 2.9018 0.36 0.596149 0.425008
0.866534 2.66692 0.16 0.612448 0.480666
0.928337 2.85713 0.36 0.615053 0.4289
0.777535 2.9018 0.36 0.596149 0.425008
0.777535 2.9018 0.36 0.596149 0.425008
0.928337 2.85713 0.36 0.615053 0.4289
0.829298 3.09498 0.64 0.597981 0.36368
0.928337 2.85713 0.36 0.615053 0.4289
0.990141 3.04734 0.64 0.618075 0.365592
0.829298 3.09498 0.64 0.597981 0.36368
0.829298 3.09498 0.64 0.597981 0.36368
0.990141 3.04734 0.64 0.618075 0.365592
0.881062 3.28817 1 0.599887 0.291741
0.990141 3.04734 0.64 0.618075 0.365592
1.05194 3.23755 1 0.620833 0.294687
0.881062 3.28817 1 0.599887 0.291741
0.881062 3.28817 1 0.599887 0.291741
1.05194 3.23755 1 0.620833 0.294687
0.932826 3.48135 1.44 0.599723 0.215072
1.05194 3.23755 1 0.620833 0.294687
1.11375 3.42776 1.44 0.620902 0.216904
0.932826 3.48135 1.44 0.599723 0.215072
0.932826 3.48135 1.44 0.599723 0.215072
1.11375 3.42776 1.44 0.620902 0.216904
0.98459 3.67454 1.96 0.599855 0.135545
1.11375 3.42776 1.44 0.620902 0.216904
1.17555 3.61797 1.96 0.620561 0.136907
0.98459 3.67454 1.96 0.599855 0.135545
0.166329 0.782518 -0 0.541523 0.905648
0.207055 0.772741 -0 0.551961 0.908027
0.207912 0.978148 -0 0.549012 0.83904
0.207055 0.772741 -0 0.551961 0.908027
0.258819 0.965926 -0 0.561749 0.841885
0.207912 0.978148 -0 0.549012 0.83904
0.207912 0.978148 -0 0.549012 0.83904
0.258819 0.965926 -0 0.561749 0.841885
0.249494 1.17378 -0 0.554597 0.777795
0.258819 0.965926 -0 0.561749 0.841885
0.310583 1.15911 -0 0.567921 0.781271
0.249494 1.17378 -0 0.554597 0.777795
0.249494 1.17378 -0 0.554597 0.777795
0.310583 1.15911 -0 0.567921 0.781271
0.291076 1.36941 -0 0.559674 0.726221
0.310583 1.15911 -0 0.567921 0.781271
0.362347 1.3523 -0 0.575187 0.727542
0.291076 1.36941 -0 0.559674 0.726221
0.291076 1.36941 -0 0.559674 0.726221
0.362347 1.3523 -0 0.575187 0.727542
0.332659 1.56504 -0 0.562685 0.678545
0.362347 1.3523 -0 0.575187 0.727542
0.41411 1.54548 -0 0.578428 0.682922
0.332659 1.56504 -0 0.562685 0.678545
0.332659 1.56504 -0 0.562685 0.678545
0.41411 1.54548 -0 0.578428 0.682922
0.374241 1.76067 -0 0.567089 0.639388
0.41411 1.54548 -0 0.578428 0.682922
0.465874 1.73867 -0 0.583058 0.641345
0.374241 1.76067 -0 0.567089 0.639388
0.374241 1.76067 -0 0.567089 0.639388
0.465874 1.73867 -0 0.583058 0.641345
0.415823 1.9563 -0 0.56946 0.604804
0.465874 1.73867 -0 0.583058 0.641345
0.517638 1.93185 -0 0.585537 0.607038
0.415823 1.9563 -0 0.56946 0.604804
0.415823 1.9563 -0 0.56946 0.604804
0.517638 1.93185 -0 0.585537 0.607038
0.457406 2.15192 -0 0.569833 0.572488
0.517638 1.93185 -0 0.585537 0.607038
0.569402 2.12504 -0 0.587788 0.57494
0.457406 2.15192 -0 0.569833 0.572488
0.457406 2.15192 -0 0.569833 0.572488
0.569402 2.12504 -0 0.587788 0.57494
0.541436 2.54726 0.04 0.573746 0.515787
0.569402 2.12504 -0 0.587788 0.57494
0.674007 2.51543 0.04 0.591704 0.518732
0.541436 2.54726 0.04 0.573746 0.515787
0.541436 2.54726 0.04 0.573746 0.515787
0.674007 2.51543 0.04 0.591704 0.518732
0.583018 2.74289 0.16 0.575434 0.47403
0.674007 2.51543 0.04 0.591704 0.518732
0.725771 2.70861 0.16 0.593337 0.477323
0.583018 2.74289 0.16 0.575434 0.47403
0.583018 2.74289 0.16 0.575434 0.47403
0.725771 2.70861 0.16 0.593337 0.477323
0.624601 2.93851 0.36 0.576696 0.424138
0.725771 2.70861 0.16 0.593337 0.477323
0.777535 2.9018 0.36 0.596149 0.425008
0.624601 2.93851 0.36 0.576696 0.424138
0.624601 2.93851 0.36 0.576696 0.424138
0.777535 2.9018 0.36 0.596149 0.425008
0.666183 3.13414 0.64 0.578941 0.362224
0.777535 2.9018 0.36 0.596149 0.425008
0.829298 3.09498 0.64 0.597981 0.36368
0.666183 3.13414 0.64 0.578941 0.362224
0.666183 3.13414 0.64 0.578941 0.362224
0.829298 3.09498 0.64 0.597981 0.36368
0.707765 3.32977 1 0.57987 0.289494
0.829298 3.09498 0.64 0.597981 0.36368
0.881062 3.28817 1 0.599887 0.291741
0.707765 3.32977 1 0.57987 0.289494
0.707765 3.32977 1 0.57987 0.289494
0.881062 3.28817 1 0.599887 0.291741
0.749348 3.5254 1.44 0.579188 0.212091
0.881062 3.28817 1 0.599887 0.291741
0.932826 3.48135 1.44 0.599723 0.215072
0.749348 3.5254 1.44 0.579188 0.212091
0.749348 3.5254 1.44 0.579188 0.212091
0.932826 3.48135 1.44 0.599723 0.215072
0.79093 3.72103 1.96 0.578141 0.133399
0.932826 3.48135 1.44 0.599723 0.215072
0.98459 3.67454 1.96 0.599855 0.135545
0.79093 3.72103 1.96 0.578141 0.133399
0.125148 0.790151 -0 0.530935 0.902997
0.166329 0.782518 -0 0.541523 0.905648
0.156434 0.987688 -0 0.536001 0.837887
0.166329 0.782518 -0 0.541523 0.905648
0.207912 0.978148 -0 0.549012 0.83904
0.156434 0.987688 -0 0.536001 0.837887
0.156434 0.987688 -0 0.536001 0.837887
0.207912 0.978148 -0 0.549012 0.83904
0.187721 1.18523 -0 0.540972 0.776336
0.207912 0.978148 -0 0.549012 0.83904
0.249494 1.17378 -0 0.554597 0.777795
0.187721 1.18523 -0 0.540972 0.776336
0.187721 1.18523 -0 0.540972 0.776336
0.249494 1.17378 -0 0.554597 0.777795
0.219008 1.38276 -0 0.545656 0.724489
0.249494 1.17378 -0 0.554597 0.777795
0.291076 1.36941 -0 0.559674 0.726221
0.219008 1.38276 -0 0.545656 0.724489
0.219008 1.38276 -0 0.545656 0.724489
0.291076 1.36941 -0 0.559674 0.726221
0.250295 1.5803 -0 0.548374 0.676519
0.291076 1.36941 -0 0.559674 0.726221
0.332659 1.56504 -0 0.562685 0.678545
0.250295 1.5803 -0 0.548374 0.676519
0.250295 1.5803 -0 0.548374 0.676519
0.332659 1.56504 -0 0.562685 0.678545
0.281582 1.77784 -0 0.550801 0.637207
0.332659 1.56504 -0 0.562685 0.678545
0.374241 1.76067 -0 0.567089 0.639388
0.281582 1.77784 -0 0.550801 0.637207
0.281582 1.77784 -0 0.550801 0.637207
0.374241 1.76067 -0 0.567089 0.639388
0.312869 1.97538 -0 0.55121 0.602441
0.374241 1.76067 -0 0.567089 0.639388
0.415823 1.9563 -0 0.56946 0.604804
0.312869 1.97538 -0 0.55121 0.602441
0.312869 1.97538 -0 0.55121 0.602441
0.415823 1.9563 -0 0.56946 0.604804
0.344156 2.17291 -0 0.553307 0.572831
0.415823 1.9563 -0 0.56946 0.604804
0.457406 2.15192 -0 0.569833 0.572488
0.344156 2.17291 -0 0.553307 0.572831
0.344156 2.17291 -0 0.553307 0.572831
0.457406 2.15192 -0 0.569833 0.572488
0.407381 2.5721 0.04 0.555371 0.515807
0.457406 2.15192 -0 0.569833 0.572488
0.541436 2.54726 0.04 0.573746 0.515787
0.407381 2.5721 0.04 0.555371 0.515807
0.407381 2.5721 0.04 0.555371 0.515807
0.541436 2.54726 0.04 0.573746 0.515787
0.438668 2.76964 0.16 0.557132 0.473761
0.541436 2.54726 0.04 0.573746 0.515787
0.583018 2.74289 0.16 0.575434 0.47403
0.438668 2.76964 0.16 0.557132 0.473761
0.438668 2.76964 0.16 0.557132 0.473761
0.583018 2.74289 0.16 0.575434 0.47403
0.469955 2.96718 0.36 0.558535 0.420609
0.583018 2.74289 0.16 0.575434 0.47403
0.624601 2.93851 0.36 0.576696 0.424138
0.469955 2.96718 0.36 0.558535 0.420609
0.469955 2.96718 0.36 0.558535 0.420609
0.624601 2.93851 0.36 0.576696 0.424138
0.501242 3.16471 0.64 0.559407 0.36109
0.624601 2.93851 0.36 0.576696 0.424138
0.666183 3.13414 0.64 0.578941 0.362224
0.501242 3.16471 0.64 0.559407 0.36109
0.501242 3.16471 0.64 0.559407 0.36109
0.666183 3.13414 0.64 0.578941 0.362224
0.532528 3.36225 1 0.559391 0.290245
0.666183 3.13414 0.64 0.578941 0.362224
0.707765 3.32977 1 0.57987 0.289494
0.532528 3.36225 1 0.559391 0.290245
0.532528 3.36225 1 0.559391 0.290245
0.707765 3.32977 1 0.57987 0.289494
0.563815 3.55979 1.44 0.558201 0.211929
0.707765 3.32977 1 0.57987 0.289494
0.749348 3.5254 1.44 0.579188 0.212091
0.563815 3.55979 1.44 0.558201 0.211929
0.563815 3.55979 1.44 0.558201 0.211929
0.749348 3.5254 1.44 0.579188 0.212091
0.595102 3.75733 1.96 0.557277 0.132391
0.749348 3.5254 1.44 0.579188 0.212091
0.79093 3.72103 1.96 0.578141 0.133399
0.595102 3.75733 1.96 0.557277 0.132391
0.0836228 0.795618 -0 0.520185 0.901763
0.125148 0.790151 -0 0.530935 0.902997
0.104528 0.994522 -0 0.524509 0.836358
0.125148 0.790151 -0 0.530935 0.902997
0.156434 0.987688 -0 0.536001 0.837887
0.104528 0.994522 -0 0.524509 0.836358
0.104528 0.994522 -0 0.524509 0.836358
0.156434 0.987688 -0 0.536001 0.837887
0.125434 1.19343 -0 0.527189 0.774578
0.156434 0.987688 -0 0.536001 0.837887
0.187721 1.18523 -0 0.540972 0.776336
0.125434 1.19343 -0 0.527189 0.774578
0.125434 1.19343 -0 0.527189 0.774578
0.187721 1.18523 -0 0.540972 0.776336
0.14634 1.39233 -0 0.529671 0.722547
0.187721 1.18523 -0 0.540972 0.776336
0.219008 1.38276 -0 0.545656 0.724489
0.14634 1.39233 -0 0.529671 0.722547
0.14634 1.39233 -0 0.529671 0.722547
0.219008 1.38276 -0 0.545656 0.724489
0.167246 1.59124 -0 0.532015 0.677076
0.219008 1.38276 -0 0.545656 0.724489
0.250295 1.5803 -0 0.548374 0.676519
0.167246 1.59124 -0 0.532015 0.677076
0.167246 1.59124 -0 0.532015 0.677076
0.250295 1.5803 -0 0.548374 0.676519
0.188151 1.79014 -0 0.534239 0.637672
0.250295 1.5803 -0 0.548374 0.676519
0.281582 1.77784 -0 0.550801 0.637207
0.188151 1.79014 -0 0.534239 0.637672
0.188151 1.79014 -0 0.534239 0.637672
0.281582 1.77784 -0 0.550801 0.637207
0.209057 1.98904 -0 0.534504 0.602787
0.281582 1.77784 -0 0.550801 0.637207
0.312869 1.97538 -0 0.55121 0.602441
0.209057 1.98904 -0 0.534504 0.602787
0.209057 1.98904 -0 0.534504 0.602787
0.312869 1.97538 -0 0.55121 0.602441
0.229963 2.18795 -0 0.536552 0.570089
0.312869 1.97538 -0 0.55121 0.602441
0.344156 2.17291 -0 0.553307 0.572831
0.229963 2.18795 -0 0.536552 0.570089
0.229963 2.18795 -0 0.536552 0.570089
0.344156 2.17291 -0 0.553307 0.572831
0.272209 2.5899 0.04 0.538562 0.512801
0.344156 2.17291 -0 0.553307 0.572831
0.407381 2.5721 0.04 0.555371 0.515807
0.272209 2.5899 0.04 0.538562 0.512801
0.272209 2.5899 0.04 0.538562 0.512801
0.407381 2.5721 0.04 0.555371 0.515807
0.293115 2.7888 0.16 0.538508 0.473577
0.407381 2.5721 0.04 0.555371 0.515807
0.438668 2.76964 0.16 0.557132 0.473761
0.293115 2.7888 0.16 0.538508 0.473577
0.293115 2.7888 0.16 0.538508 0.473577
0.438668 2.76964 0.16 0.557132 0.473761
0.314021 2.98771 0.36 0.538239 0.420127
0.438668 2.76964 0.16 0.557132 0.473761
0.469955 2.96718 0.36 0.558535 0.420609
0.314021 2.98771 0.36 0.538239 0.420127
0.314021 2.98771 0.36 0.538239 0.420127
0.469955 2.96718 0.36 0.558535 0.420609
0.334926 3.18661 0.64 0.5395 0.360304
0.469955 2.96718 0.36 0.558535 0.420609
0.501242 3.16471 0.64 0.559407 0.36109
0.334926 3.18661 0.64 0.5395 0.360304
0.334926 3.18661 0.64 0.5395 0.360304
0.501242 3.16471 0.64 0.559407 0.36109
0.355832 3.38551 1 0.538402 0.289076
0.501242 3.16471 0.64 0.559407 0.36109
0.532528 3.36225 1 0.559391 0.290245
0.355832 3.38551 1 0.538402 0.289076
0.355832 3.38551 1 0.538402 0.289076
0.532528 3.36225 1 0.559391 0.290245
0.376738 3.58442 1.44 0.538406 0.212638
0.532528 3.36225 1 0.559391 0.290245
0.563815 3.55979 1.44 0.558201 0.211929
0.376738 3.58442 1.44 0.538406 0.212638
0.376738 3.58442 1.44 0.538406 0.212638
0.563815 3.55979 1.44 0.558201 0.211929
0.397643 3.78332 1.96 0.536016 0.134011
0.563815 3.55979 1.44 0.558201 0.211929
0.595102 3.75733 1.96 0.557277 0.132391
0.397643 3.78332 1.96 0.536016 0.134011
0.0418688 0.798904 -0 0.509358 0.901968
0.0836228 0.795618 -0 0.520185 0.901763
0.052336 0.99863 -0 0.511271 0.834594
0.0836228 0.795618 -0 0.520185 0.901763
0.104528 0.994522 -0 0.524509 0.836358
0.052336 0.99863 -0 0.511271 0.834594
0.052336 0.99863 -0 0.511271 0.834594
0.104528 0.994522 -0 0.524509 0.836358
0.0628031 1.19836 -0 0.513278 0.774884
0.104528 0.994522 -0 0.524509 0.836358
0.125434 1.19343 -0 0.527189 0.774578
0.0628031 1.19836 -0 0.513278 0.774884
0.0628031 1.19836 -0 0.513278 0.774884
0.125434 1.19343 -0 0.527189 0.774578
0.0732703 1.39808 -0 0.51532 0.722847
0.125434 1.19343 -0 0.527189 0.774578
0.14634 1.39233 -0 0.529671 0.722547
0.0732703 1.39808 -0 0.51532 0.722847
0.0732703 1.39808 -0 0.51532 0.722847
0.14634 1.39233 -0 0.529671 0.722547
0.0837375 1.59781 -0 0.517367 0.677354
0.14634 1.39233 -0 0.529671 0.722547
0.167246 1.59124 -0 0.532015 0.677076
0.0837375 1.59781 -0 0.517367 0.677354
0.0837375 1.59781 -0 0.517367 0.677354
0.167246 1.59124 -0 0.532015 0.677076
0.0942047 1.79753 -0 0.517547 0.635058
0.167246 1.59124 -0 0.532015 0.677076
0.188151 1.79014 -0 0.534239 0.637672
0.0942047 1.79753 -0 0.517547 0.635058
0.0942047 1.79753 -0 0.517547 0.635058
0.188151 1.79014 -0 0.534239 0.637672
0.104672 1.99726 -0 0.517659 0.600032
0.188151 1.79014 -0 0.534239 0.637672
0.209057 1.98904 -0 0.534504 0.602787
0.104672 1.99726 -0 0.517659 0.600032
0.104672 1.99726 -0 0.517659 0.600032
0.209057 1.98904 -0 0.534504 0.602787
0.115139 2.19699 -0 0.519616 0.570232
0.209057 1.98904 -0 0.534504 0.602787
0.229963 2.18795 -0 0.536552 0.570089
0.115139 2.19699 -0 0.519616 0.570232
0.115139 2.19699 -0 0.519616 0.570232
0.229963 2.18795 -0 0.536552 0.570089
0.136291 2.60059 0.04 0.519686 0.512813
0.229963 2.18795 -0 0.536552 0.570089
0.272209 2.5899 0.04 0.538562 0.512801
0.136291 2.60059 0.04 0.519686 0.512813
0.136291 2.60059 0.04 0.519686 0.512813
0.272209 2.5899 0.04 0.538562 0.512801
0.146759 2.80032 0.16 0.519673 0.473484
0.272209 2.5899 0.04 0.538562 0.512801
0.293115 2.7888 0.16 0.538508 0.473577
0.146759 2.80032 0.16 0.519673 0.473484
0.146759 2.80032 0.16 0.519673 0.473484
0.293115 2.7888 0.16 0.538508 0.473577
0.157226 3.00005 0.36 0.519581 0.422834
0.293115 2.7888 0.16 0.538508 0.473577
0.314021 2.98771 0.36 0.538239 0.420127
0.157226 3.00005 0.36 0.519581 0.422834
0.157226 3.00005 0.36 0.519581 0.422834
0.314021 2.98771 0.36 0.538239 0.420127
0.167693 3.19977 0.64 0.519352 0.35989
0.314021 2.98771 0.36 0.538239 0.420127
0.334926 3.18661 0.64 0.5395 0.360304
0.167693 3.19977 0.64 0.519352 0.35989
0.167693 3.19977 0.64 0.519352 0.35989
0.334926 3.18661 0.64 0.5395 0.360304
0.17816 3.3995 1 0.518937 0.288521
0.334926 3.18661 0.64 0.5395 0.360304
0.355832 3.38551 1 0.538402 0.289076
0.17816 3.3995 1 0.518937 0.288521
0.17816 3.3995 1 0.518937 0.288521
0.355832 3.38551 1 0.538402 0.289076
0.188627 3.59922 1.44 0.516621 0.211871
0.355832 3.38551 1 0.538402 0.289076
0.376738 3.58442 1.44 0.538406 0.212638
0.188627 3.59922 1.44 0.516621 0.211871
0.188627 3.59922 1.44 0.516621 0.211871
0.376738 3.58442 1.44 0.538406 0.212638
0.199095 3.79895 1.96 0.515899 0.134931
0.376738 3.58442 1.44 0.538406 0.212638
0.397643 3.78332 1.96 0.536016 0.134011
0.199095 3.79895 1.96 0.515899 0.134931
4.89859e-17 0.8 -0 0.498525 0.901927
0.0418688 0.798904 -0 0.509358 0.901968
6.12323e-17 1 -0 0.499645 0.83459
0.0418688 0.798904 -0 0.509358 0.901968
0.052336 0.99863 -0 0.511271 0.834594
6.12323e-17 1 -0 0.499645 0.83459
6.12323e-17 1 -0 0.499645 0.83459
0.052336 0.99863 -0 0.511271 0.834594
7.34788e-17 1.2 -0 0.499345 0.774899
0.052336 0.99863 -0 0.511271 0.834594
0.0628031 1.19836 -0 0.513278 0.774884
7.34788e-17 1.2 -0 0.499345 0.774899
7.34788e-17 1.2 -0 0.499345 0.774899
0.0628031 1.19836 -0 0.513278 0.774884
8.57253e-17 1.4 -0 0.500937 0.722894
0.0628031 1.19836 -0 0.513278 0.774884
0.0732703 1.39808 -0 0.51532 0.722847
8.57253e-17 1.4 -0 0.500937 0.722894
8.57253e-17 1.4 -0 0.500937 0.722894
0.0732703 1.39808 -0 0.51532 0.722847
9.79717e-17 1.6 -0 0.500839 0.677416
0.0732703 1.39808 -0 0.51532 0.722847
0.0837375 1.59781 -0 0.517367 0.677354
9.79717e-17 1.6 -0 0.500839 0.677416
9.79717e-17 1.6 -0 0.500839 0.677416
0.0837375 1.59781 -0 0.517367 0.677354
1.10218e-16 1.8 -0 0.500773 0.63511
0.0837375 1.59781 -0 0.517367 0.677354
0.0942047 1.79753 -0 0.517547 0.635058
1.10218e-16 1.8 -0 0.500773 0.63511
1.10218e-16 1.8 -0 0.500773 0.63511
0.0942047 1.79753 -0 0.517547 0.635058
1.22465e-16 2 -0 0.500739 0.603029
0.0942047 1.79753 -0 0.517547 0.635058
0.104672 1.99726 -0 0.517659 0.600032
1.22465e-16 2 -0 0.500739 0.603029
1.22465e-16 2 -0 0.500739 0.603029
0.104672 1.99726 -0 0.517659 0.600032
1.34711e-16 2.2 -0 0.50261 0.570278
0.104672 1.99726 -0 0.517659 0.600032
0.115139 2.19699 -0 0.519616 0.570232
1.34711e-16 2.2 -0 0.50261 0.570278
1.34711e-16 2.2 -0 0.50261 0.570278
0.115139 2.19699 -0 0.519616 0.570232
1.59459e-16 2.60416 0.04 0.502618 0.515864
0.115139 2.19699 -0 0.519616 0.570232
0.136291 2.60059 0.04 0.519686 0.512813
1.59459e-16 2.60416 0.04 0.502618 0.515864
1.59459e-16 2.60416 0.04 0.502618 0.515864
0.136291 2.60059 0.04 0.519686 0.512813
1.71705e-16 2.80416 0.16 0.502641 0.473481
0.136291 2.60059 0.04 0.519686 0.512813
0.146759 2.80032 0.16 0.519673 0.473484
1.71705e-16 2.80416 0.16 0.502641 0.473481
1.71705e-16 2.80416 0.16 0.502641 0.473481
0.146759 2.80032 0.16 0.519673 0.473484
1.83952e-16 3.00416 0.36 0.500816 0.422814
0.146759 2.80032 0.16 0.519673 0.473484
0.157226 3.00005 0.36 0.519581 0.422834
1.83952e-16 3.00416 0.36 0.500816 0.422814
1.83952e-16 3.00416 0.36 0.500816 0.422814
0.157226 3.00005 0.36 0.519581 0.422834
1.96198e-16 3.20416 0.64 0.499109 0.35986
0.157226 3.00005 0.36 0.519581 0.422834
0.167693 3.19977 0.64 0.519352 0.35989
1.96198e-16 3.20416 0.64 0.499109 0.35986
1.96198e-16 3.20416 0.64 0.499109 0.35986
0.167693 3.19977 0.64 0.519352 0.35989
2.08445e-16 3.40416 1 0.497598 0.291003
0.167693 3.19977 0.64 0.519352 0.35989
0.17816 3.3995 1 0.518937 0.288521
2.08445e-16 3.40416 1 0.497598 0.291003
2.08445e-16 3.40416 1 0.497598 0.291003
0.17816 3.3995 1 0.518937 0.288521
2.20691e-16 3.60416 1.44 0.496416 0.214037
0.17816 3.3995 1 0.518937 0.288521
0.188627 3.59922 1.44 0.516621 0.211871
2.20691e-16 3.60416 1.44 0.496416 0.214037
2.20691e-16 3.60416 1.44 0.496416 0.214037
0.188627 3.59922 1.44 0.516621 0.211871
2.32938e-16 3.80416 1.96 0.494105 0.135025
0.188627 3.59922 1.44 0.516621 0.211871
0.199095 3.79895 1.96 0.515899 0.134931
2.32938e-16 3.80416 1.96 0.494105 0.135025
-0.0418688 0.798904 -0 0.487707 0.90164
4.89859e-17 0.8 -0 0.498525 0.901927
-0.052336 0.99863 -0 0.486414 0.836342
4.89859e-17 0.8 -0 0.498525 0.901927
6.12323e-17 1 -0 0.499645 0.83459
-0.052336 0.99863 -0 0.486414 0.836342
-0.052336 0.99863 -0 0.486414 0.836342
6.12323e-17 1 -0 0.499645 0.83459
-0.0628031 1.19836 -0 0.485468 0.776978
6.12323e-17 1 -0 0.499645 0.83459
7.34788e-17 1.2 -0 0.499345 0.774899
-0.0628031 1.19836 -0 0.485468 0.776978
-0.0628031 1.19836 -0 0.485468 0.776978
7.34788e-17 1.2 -0 0.499345 0.774899
-0.0732703 1.39808 -0 0.484783 0.722645
7.34788e-17 1.2 -0 0.499345 0.774899
8.57253e-17 1.4 -0 0.500937 0.722894
-0.0732703 1.39808 -0 0.484783 0.722645
-0.0732703 1.39808 -0 0.484783 0.722645
8.57253e-17 1.4 -0 0.500937 0.722894
-0.0837375 1.59781 -0 0.486168 0.677249
8.57253e-17 1.4 -0 0.500937 0.722894
9.79717e-17 1.6 -0 0.500839 0.677416
-0.0837375 1.59781 -0 0.486168 0.677249
-0.0837375 1.59781 -0 0.486168 0.677249
9.79717e-17 1.6 -0 0.500839 0.677416
-0.0942047 1.79753 -0 0.4859 0.637858
9.79717e-17 1.6 -0 0.500839 0.677416
1.10218e-16 1.8 -0 0.500773 0.63511
-0.0942047 1.79753 -0 0.4859 0.637858
-0.0942047 1.79753 -0 0.4859 0.637858
1.10218e-16 1.8 -0 0.500773 0.63511
-0.104672 1.99726 -0 0.485729 0.602938
1.10218e-16 1.8 -0 0.500773 0.63511
1.22465e-16 2 -0 0.500739 0.603029
-0.104672 1.99726 -0 0.485729 0.602938
-0.104672 1.99726 -0 0.485729 0.602938
1.22465e-16 2 -0 0.500739 0.603029
-0.115139 2.19699 -0 0.485631 0.573221
1.22465e-16 2 -0 0.500739 0.603029
1.34711e-16 2.2 -0 0.50261 0.570278
-0.115139 2.19699 -0 0.485631 0.573221
-0.115139 2.19699 -0 0.485631 0.573221
1.34711e-16 2.2 -0 0.50261 0.570278
-0.136291 2.60059 0.04 0.48368 0.515885
1.34711e-16 2.2 -0 0.50261 0.570278
1.59459e-16 2.60416 0.04 0.502618 0.515864
-0.136291 2.60059 0.04 0.48368 0.515885
-0.136291 2.60059 0.04 0.48368 0.515885
1.59459e-16 2.60416 0.04 0.502618 0.515864
-0.146759 2.80032 0.16 0.483738 0.476579
1.59459e-16 2.60416 0.04 0.502618 0.515864
1.71705e-16 2.80416 0.16 0.502641 0.473481
-0.146759 2.80032 0.16 0.483738 0.476579
-0.146759 2.80032 0.16 0.483738 0.476579
1.71705e-16 2.80416 0.16 0.502641 0.473481
-0.157226 3.00005 0.36 0.482088 0.422996
1.71705e-16 2.80416 0.16 0.502641 0.473481
1.83952e-16 3.00416 0.36 0.500816 0.422814
-0.157226 3.00005 0.36 0.482088 0.422996
-0.157226 3.00005 0.36 0.482088 0.422996
1.83952e-16 3.00416 0.36 0.500816 0.422814
-0.167693 3.19977 0.64 0.48072 0.362941
1.83952e-16 3.00416 0.36 0.500816 0.422814
1.96198e-16 3.20416 0.64 0.499109 0.35986
-0.167693 3.19977 0.64 0.48072 0.362941
-0.167693 3.19977 0.64 0.48072 0.362941
1.96198e-16 3.20416 0.64 0.499109 0.35986
-0.17816 3.3995 1 0.47808 0.291506
1.96198e-16 3.20416 0.64 0.499109 0.35986
2.08445e-16 3.40416 1 0.497598 0.291003
-0.17816 3.3995 1 0.47808 0.291506
-0.17816 3.3995 1 0.47808 0.291506
2.08445e-16 3.40416 1 0.497598 0.291003
-0.188627 3.59922 1.44 0.476208 0.21691
2.08445e-16 3.40416 1 0.497598 0.291003
2.20691e-16 3.60416 1.44 0.496416 0.214037
-0.188627 3.59922 1.44 0.476208 0.21691
-0.188627 3.59922 1.44 0.476208 0.21691
2.20691e-16 3.60416 1.44 0.496416 0.214037
-0.199095 3.79895 1.96 0.473885 0.137716
2.20691e-16 3.60416 1.44 0.496416 0.214037
2.32938e-16 3.80416 1.96 0.494105 0.135025
-0.199095 3.79895 1.96 0.473885 0.137716
-0.0836228 0.795618 -0 0.476983 0.902794
-0.0418688 0.798904 -0 0.487707 0.90164
-0.104528 0.994522 -0 0.474874 0.835819
-0.0418688 0.798904 -0 0.487707 0.90164
-0.052336 0.99863 -0 0.486414 0.836342
-0.104528 0.994522 -0 0.474874 0.835819
-0.104528 0.994522 -0 0.474874 0.835819
-0.052336 0.99863 -0 0.486414 0.836342
-0.125434 1.19343 -0 0.473372 0.776498
-0.052336 0.99863 -0 0.486414 0.836342
-0.0628031 1.19836 -0 0.485468 0.776978
-0.125434 1.19343 -0 0.473372 0.776498
-0.125434 1.19343 -0 0.473372 0.776498
-0.0628031 1.19836 -0 0.485468 0.776978
-0.14634 1.39233 -0 0.470552 0.724736
-0.0628031 1.19836 -0 0.485468 0.776978
-0.0732703 1.39808 -0 0.484783 0.722645
-0.14634 1.39233 -0 0.470552 0.724736
-0.14634 1.39233 -0 0.470552 0.724736
-0.0732703 1.39808 -0 0.484783 0.722645
-0.167246 1.59124 -0 0.469799 0.679556
-0.0732703 1.39808 -0 0.484783 0.722645
-0.0837375 1.59781 -0 0.486168 0.677249
-0.167246 1.59124 -0 0.469799 0.679556
-0.167246 1.59124 -0 0.469799 0.679556
-0.0837375 1.59781 -0 0.486168 0.677249
-0.188151 1.79014 -0 0.469297 0.640377
-0.0837375 1.59781 -0 0.486168 0.677249
-0.0942047 1.79753 -0 0.4859 0.637858
-0.188151 1.79014 -0 0.469297 0.640377
-0.188151 1.79014 -0 0.469297 0.640377
-0.0942047 1.79753 -0 0.4859 0.637858
-0.209057 1.98904 -0 0.46897 0.60563
-0.0942047 1.79753 -0 0.4859 0.637858
-0.104672 1.99726 -0 0.485729 0.602938
-0.209057 1.98904 -0 0.46897 0.60563
-0.209057 1.98904 -0 0.46897 0.60563
-0.104672 1.99726 -0 0.485729 0.602938
-0.229963 2.18795 -0 0.466915 0.576021
-0.104672 1.99726 -0 0.485729 0.602938
-0.115139 2.19699 -0 0.485631 0.573221
-0.229963 2.18795 -0 0.466915 0.576021
-0.229963 2.18795 -0 0.466915 0.576021
-0.115139 2.19699 -0 0.485631 0.573221
-0.272209 2.5899 0.04 0.466763 0.518922
-0.115139 2.19699 -0 0.485631 0.573221
-0.136291 2.60059 0.04 0.48368 0.515885
-0.272209 2.5899 0.04 0.466763 0.518922
-0.272209 2.5899 0.04 0.466763 0.518922
-0.136291 2.60059 0.04 0.48368 0.515885
-0.293115 2.7888 0.16 0.464988 0.476747
-0.136291 2.60059 0.04 0.48368 0.515885
-0.146759 2.80032 0.16 0.483738 0.476579
-0.293115 2.7888 0.16 0.464988 0.476747
-0.293115 2.7888 0.16 0.464988 0.476747
-0.146759 2.80032 0.16 0.483738 0.476579
-0.314021 2.98771 0.36 0.463488 0.426301
-0.146759 2.80032 0.16 0.483738 0.476579
-0.157226 3.00005 0.36 0.482088 0.422996
-0.314021 2.98771 0.36 0.463488 0.426301
-0.314021 2.98771 0.36 0.463488 0.426301
-0.157226 3.00005 0.36 0.482088 0.422996
-0.334926 3.18661 0.64 0.460639 0.3664
-0.157226 3.00005 0.36 0.482088 0.422996
-0.167693 3.19977 0.64 0.48072 0.362941
-0.334926 3.18661 0.64 0.460639 0.3664
-0.334926 3.18661 0.64 0.460639 0.3664
-0.167693 3.19977 0.64 0.48072 0.362941
-0.355832 3.38551 1 0.456935 0.295126
-0.167693 3.19977 0.64 0.48072 0.362941
-0.17816 3.3995 1 0.47808 0.291506
-0.355832 3.38551 1 0.456935 0.295126
-0.355832 3.38551 1 0.456935 0.295126
-0.17816 3.3995 1 0.47808 0.291506
-0.376738 3.58442 1.44 0.454577 0.218456
-0.17816 3.3995 1 0.47808 0.291506
-0.188627 3.59922 1.44 0.476208 0.21691
-0.376738 3.58442 1.44 0.454577 0.218456
-0.376738 3.58442 1.44 0.454577 0.218456
-0.188627 3.59922 1.44 0.476208 0.21691
-0.397643 3.78332 1.96 0.452274 0.141415
-0.188627 3.59922 1.44 0.476208 0.21691
-0.199095 3.79895 1.96 0.473885 0.137716
-0.397643 3.78332 1.96 0.452274 0.141415
-0.125148 0.790151 -0 0.466357 0.903698
-0.0836228 0.795618 -0 0.476983 0.902794
-0.156434 0.987688 -0 0.461936 0.839005
-0.0836228 0.795618 -0 0.476983 0.902794
-0.104528 0.994522 -0 0.474874 0.835819
-0.156434 0.987688 -0 0.461936 0.839005
-0.156434 0.987688 -0 0.461936 0.839005
-0.104528 0.994522 -0 0.474874 0.835819
-0.187721 1.18523 -0 0.459802 0.780348
-0.104528 0.994522 -0 0.474874 0.835819
-0.125434 1.19343 -0 0.473372 0.776498
-0.187721 1.18523 -0 0.459802 0.780348
-0.187721 1.18523 -0 0.459802 0.780348
-0.125434 1.19343 -0 0.473372 0.776498
-0.219008 1.38276 -0 0.456489 0.72656
-0.125434 1.19343 -0 0.473372 0.776498
-0.14634 1.39233 -0 0.470552 0.724736
-0.219008 1.38276 -0 0.456489 0.72656
-0.219008 1.38276 -0 0.456489 0.72656
-0.14634 1.39233 -0 0.470552 0.724736
-0.250295 1.5803 -0 0.453642 0.681581
-0.14634 1.39233 -0 0.470552 0.724736
-0.167246 1.59124 -0 0.469799 0.679556
-0.250295 1.5803 -0 0.453642 0.681581
-0.250295 1.5803 -0 0.453642 0.681581
-0.167246 1.59124 -0 0.469799 0.679556
-0.281582 1.77784 -0 0.452909 0.642666
-0.167246 1.59124 -0 0.469799 0.679556
-0.188151 1.79014 -0 0.469297 0.640377
-0.281582 1.77784 -0 0.452909 0.642666
-0.281582 1.77784 -0 0.452909 0.642666
-0.188151 1.79014 -0 0.469297 0.640377
-0.312869 1.97538 -0 0.452425 0.608144
-0.188151 1.79014 -0 0.469297 0.640377
-0.209057 1.98904 -0 0.46897 0.60563
-0.312869 1.97538 -0 0.452425 0.608144
-0.312869 1.97538 -0 0.452425 0.608144
-0.209057 1.98904 -0 0.46897 0.60563
-0.344156 2.17291 -0 0.450302 0.578704
-0.209057 1.98904 -0 0.46897 0.60563
-0.229963 2.18795 -0 0.466915 0.576021
-0.344156 2.17291 -0 0.450302 0.578704
-0.344156 2.17291 -0 0.450302 0.578704
-0.229963 2.18795 -0 0.466915 0.576021
-0.407381 2.5721 0.04 0.448218 0.521927
-0.229963 2.18795 -0 0.466915 0.576021
-0.272209 2.5899 0.04 0.466763 0.518922
-0.407381 2.5721 0.04 0.448218 0.521927
-0.407381 2.5721 0.04 0.448218 0.521927
-0.272209 2.5899 0.04 0.466763 0.518922
-0.438668 2.76964 0.16 0.446489 0.479982
-0.272209 2.5899 0.04 0.466763 0.518922
-0.293115 2.7888 0.16 0.464988 0.476747
-0.438668 2.76964 0.16 0.446489 0.479982
-0.438668 2.76964 0.16 0.446489 0.479982
-0.293115 2.7888 0.16 0.464988 0.476747
-0.469955 2.96718 0.36 0.445136 0.429767
-0.293115 2.7888 0.16 0.464988 0.476747
-0.314021 2.98771 0.36 0.463488 0.426301
-0.469955 2.96718 0.36 0.445136 0.429767
-0.469955 2.96718 0.36 0.445136 0.429767
-0.314021 2.98771 0.36 0.463488 0.426301
-0.501242 3.16471 0.64 0.440916 0.367422
-0.314021 2.98771 0.36 0.463488 0.426301
-0.334926 3.18661 0.64 0.460639 0.3664
-0.501242 3.16471 0.64 0.440916 0.367422
-0.501242 3.16471 0.64 0.440916 0.367422
-0.334926 3.18661 0.64 0.460639 0.3664
-0.532528 3.36225 1 0.437828 0.29913
-0.334926 3.18661 0.64 0.460639 0.3664
-0.355832 3.38551 1 0.456935 0.295126
-0.532528 3.36225 1 0.437828 0.29913
-0.532528 3.36225 1 0.437828 0.29913
-0.355832 3.38551 1 0.456935 0.295126
-0.563815 3.55979 1.44 0.434845 0.222707
-0.355832 3.38551 1 0.456935 0.295126
-0.376738 3.58442 1.44 0.454577 0.218456
-0.563815 3.55979 1.44 0.434845 0.222707
-0.563815 3.55979 1.44 0.434845 0.222707
-0.376738 3.58442 1.44 0.454577 0.218456
-0.595102 3.75733 1.96 0.432631 0.144052
-0.376738 3.58442 1.44 0.454577 0.218456
-0.397643 3.78332 1.96 0.452274 0.141415
-0.595102 3.75733 1.96 0.432631 0.144052
-0.166329 0.782518 -0 0.455948 0.906018
-0.125148 0.790151 -0 0.466357 0.903698
-0.207912 0.978148 -0 0.45072 0.839998
-0.125148 0.790151 -0 0.466357 0.903698
-0.156434 0.987688 -0 0.461936 0.839005
-0.207912 0.978148 -0 0.45072 0.839998
-0.207912 0.978148 -0 0.45072 0.839998
-0.156434 0.987688 -0 0.461936 0.839005
-0.249494 1.17378 -0 0.446373 0.781561
-0.156434 0.987688 -0 0.461936 0.839005
-0.187721 1.18523 -0 0.459802 0.780348
-0.249494 1.17378 -0 0.446373 0.781561
-0.249494 1.17378 -0 0.446373 0.781561
-0.187721 1.18523 -0 0.459802 0.780348
-0.291076 1.36941 -0 0.442725 0.730654
-0.187721 1.18523 -0 0.459802 0.780348
-0.219008 1.38276 -0 0.456489 0.72656
-0.291076 1.36941 -0 0.442725 0.730654
-0.291076 1.36941 -0 0.442725 0.730654
-0.219008 1.38276 -0 0.456489 0.72656
-0.332659 1.56504 -0 0.439523 0.683446
-0.219008 1.38276 -0 0.456489 0.72656
-0.250295 1.5803 -0 0.453642 0.681581
-0.332659 1.56504 -0 0.439523 0.683446
-0.332659 1.56504 -0 0.439523 0.683446
-0.250295 1.5803 -0 0.453642 0.681581
-0.374241 1.76067 -0 0.436809 0.644724
-0.250295 1.5803 -0 0.453642 0.681581
-0.281582 1.77784 -0 0.452909 0.642666
-0.374241 1.76067 -0 0.436809 0.644724
-0.374241 1.76067 -0 0.436809 0.644724
-0.281582 1.77784 -0 0.452909 0.642666
-0.415823 1.9563 -0 0.436172 0.610476
-0.281582 1.77784 -0 0.452909 0.642666
-0.312869 1.97538 -0 0.452425 0.608144
-0.415823 1.9563 -0 0.436172 0.610476
-0.415823 1.9563 -0 0.436172 0.610476
-0.312869 1.97538 -0 0.452425 0.608144
-0.457406 2.15192 -0 0.433987 0.581249
-0.312869 1.97538 -0 0.452425 0.608144
-0.344156 2.17291 -0 0.450302 0.578704
-0.457406 2.15192 -0 0.433987 0.581249
-0.457406 2.15192 -0 0.433987 0.581249
-0.344156 2.17291 -0 0.450302 0.578704
-0.541436 2.54726 0.04 0.431841 0.524884
-0.344156 2.17291 -0 0.450302 0.578704
-0.407381 2.5721 0.04 0.448218 0.521927
-0.541436 2.54726 0.04 0.431841 0.524884
-0.541436 2.54726 0.04 0.431841 0.524884
-0.407381 2.5721 0.04 0.448218 0.521927
-0.583018 2.74289 0.16 0.428357 0.483248
-0.407381 2.5721 0.04 0.448218 0.521927
-0.438668 2.76964 0.16 0.446489 0.479982
-0.583018 2.74289 0.16 0.428357 0.483248
-0.583018 2.74289 0.16 0.428357 0.483248
-0.438668 2.76964 0.16 0.446489 0.479982
-0.624601 2.93851 0.36 0.425366 0.43344
-0.438668 2.76964 0.16 0.446489 0.479982
-0.469955 2.96718 0.36 0.445136 0.429767
-0.624601 2.93851 0.36 0.425366 0.43344
-0.624601 2.93851 0.36 0.425366 0.43344
-0.469955 2.96718 0.36 0.445136 0.429767
-0.666183 3.13414 0.64 0.421563 0.37151
-0.469955 2.96718 0.36 0.445136 0.429767
-0.501242 3.16471 0.64 0.440916 0.367422
-0.666183 3.13414 0.64 0.421563 0.37151
-0.666183 3.13414 0.64 0.421563 0.37151
-0.501242 3.16471 0.64 0.440916 0.367422
-0.707765 3.32977 1 0.41744 0.303736
-0.501242 3.16471 0.64 0.440916 0.367422
-0.532528 3.36225 1 0.437828 0.29913
-0.707765 3.32977 1 0.41744 0.303736
-0.707765 3.32977 1 0.41744 0.303736
-0.532528 3.36225 1 0.437828 0.29913
-0.749348 3.5254 1.44 0.414101 0.225641
-0.532528 3.36225 1 0.437828 0.29913
-0.563815 3.55979 1.44 0.434845 0.222707
-0.749348 3.5254 1.44 0.414101 0.225641
-0.749348 3.5254 1.44 0.414101 0.225641
-0.563815 3.55979 1.44 0.434845 0.222707
-0.79093 3.72103 1.96 0.412 0.147701
-0.563815 3.55979 1.44 0.434845 0.222707
-0.595102 3.75733 1.96 0.432631 0.144052
-0.79093 3.72103 1.96 0.412 0.147701
-0.207055 0.772741 -0 0.445712 0.908075
-0.166329 0.782518 -0 0.455948 0.906018
-0.258819 0.965926 -0 0.438204 0.842553
-0.166329 0.782518 -0 0.455948 0.906018
-0.207912 0.978148 -0 0.45072 0.839998
-0.258819 0.965926 -0 0.438204 0.842553
-0.258819 0.965926 -0 0.438204 0.842553
-0.207912 0.978148 -0 0.45072 0.839998
-0.310583 1.15911 -0 0.431647 0.784579
-0.207912 0.978148 -0 0.45072 0.839998
-0.249494 1.17378 -0 0.446373 0.781561
-0.310583 1.15911 -0 0.431647 0.784579
-0.310583 1.15911 -0 0.431647 0.784579
-0.249494 1.17378 -0 0.446373 0.781561
-0.362347 1.3523 -0 0.427563 0.73427
-0.249494 1.17378 -0 0.446373 0.781561
-0.291076 1.36941 -0 0.442725 0.730654
-0.362347 1.3523 -0 0.427563 0.73427
-0.362347 1.3523 -0 0.427563 0.73427
-0.291076 1.36941 -0 0.442725 0.730654
-0.41411 1.54548 -0 0.424045 0.687617
-0.291076 1.36941 -0 0.442725 0.730654
-0.332659 1.56504 -0 0.439523 0.683446
-0.41411 1.54548 -0 0.424045 0.687617
-0.41411 1.54548 -0 0.424045 0.687617
-0.332659 1.56504 -0 0.439523 0.683446
-0.465874 1.73867 -0 0.421137 0.649338
-0.332659 1.56504 -0 0.439523 0.683446
-0.374241 1.76067 -0 0.436809 0.644724
-0.465874 1.73867 -0 0.421137 0.649338
-0.465874 1.73867 -0 0.421137 0.649338
-0.374241 1.76067 -0 0.436809 0.644724
-0.517638 1.93185 -0 0.418587 0.615394
-0.374241 1.76067 -0 0.436809 0.644724
-0.415823 1.9563 -0 0.436172 0.610476
-0.517638 1.93185 -0 0.418587 0.615394
-0.517638 1.93185 -0 0.418587 0.615394
-0.415823 1.9563 -0 0.436172 0.610476
-0.569402 2.12504 -0 0.418081 0.586561
-0.415823 1.9563 -0 0.436172 0.610476
-0.457406 2.15192 -0 0.433987 0.581249
-0.569402 2.12504 -0 0.418081 0.586561
-0.569402 2.12504 -0 0.418081 0.586561
-0.457406 2.15192 -0 0.433987 0.581249
-0.674007 2.51543 0.04 0.414087 0.530723
-0.457406 2.15192 -0 0.433987 0.581249
-0.541436 2.54726 0.04 0.431841 0.524884
-0.674007 2.51543 0.04 0.414087 0.530723
-0.674007 2.51543 0.04 0.414087 0.530723
-0.541436 2.54726 0.04 0.431841 0.524884
-0.725771 2.70861 0.16 0.410667 0.489461
-0.541436 2.54726 0.04 0.431841 0.524884
-0.583018 2.74289 0.16 0.428357 0.483248
-0.725771 2.70861 0.16 0.410667 0.489461
-0.725771 2.70861 0.16 0.410667 0.489461
-0.583018 2.74289 0.16 0.428357 0.483248
-0.777535 2.9018 0.36 0.407865 0.437147
-0.583018 2.74289 0.16 0.428357 0.483248
-0.624601 2.93851 0.36 0.425366 0.43344
-0.777535 2.9018 0.36 0.407865 0.437147
-0.777535 2.9018 0.36 0.407865 0.437147
-0.624601 2.93851 0.36 0.425366 0.43344
-0.829298 3.09498 0.64 0.402743 0.375842
-0.624601 2.93851 0.36 0.425366 0.43344
-0.666183 3.13414 0.64 0.421563 0.37151
-0.829298 3.09498 0.64 0.402743 0.375842
-0.829298 3.09498 0.64 0.402743 0.375842
-0.666183 3.13414 0.64 0.421563 0.37151
-0.881062 3.28817 1 0.397789 0.306273
-0.666183 3.13414 0.64 0.421563 0.37151
-0.707765 3.32977 1 0.41744 0.303736
-0.881062 3.28817 1 0.397789 0.306273
-0.881062 3.28817 1 0.397789 0.306273
-0.707765 3.32977 1 0.41744 0.303736
-0.932826 3.48135 1.44 0.393846 0.231341
-0.707765 3.32977 1 0.41744 0.303736
-0.749348 3.5254 1.44 0.414101 0.225641
-0.932826 3.48135 1.44 0.393846 0.231341
-0.932826 3.48135 1.44 0.393846 0.231341
-0.749348 3.5254 1.44 0.414101 0.225641
-0.98459 3.67454 1.96 0.392026 0.152104
-0.749348 3.5254 1.44 0.414101 0.225641
-0.79093 3.72103 1.96 0.412 0.147701
-0.98459 3.67454 1.96 0.392026 0.152104
-0.247214 0.760845 -0 0.435801 0.911493
-0.207055 0.772741 -0 0.445712 0.908075
-0.309017 0.951057 -0 0.426108 0.846739
-0.207055 0.772741 -0 0.445712 0.908075
-0.258819 0.965926 -0 0.438204 0.842553
-0.309017 0.951057 -0 0.426108 0.846739
-0.309017 0.951057 -0 0.426108 0.846739
-0.258819 0.965926 -0 0.438204 0.842553
-0.37082 1.14127 -0 0.419045 0.789676
-0.258819 0.965926 -0 0.438204 0.842553
-0.310583 1.15911 -0 0.431647 0.784579
-0.37082 1.14127 -0 0.419045 0.789676
-0.37082 1.14127 -0 0.419045 0.789676
-0.310583 1.15911 -0 0.431647 0.784579
-0.432624 1.33148 -0 0.412806 0.737522
-0.310583 1.15911 -0 0.431647 0.784579
-0.362347 1.3523 -0 0.427563 0.73427
-0.432624 1.33148 -0 0.412806 0.737522
-0.432624 1.33148 -0 0.412806 0.737522
-0.362347 1.3523 -0 0.427563 0.73427
-0.494427 1.52169 -0 0.408992 0.691462
-0.362347 1.3523 -0 0.427563 0.73427
-0.41411 1.54548 -0 0.424045 0.687617
-0.494427 1.52169 -0 0.408992 0.691462
-0.494427 1.52169 -0 0.408992 0.691462
-0.41411 1.54548 -0 0.424045 0.687617
-0.556231 1.7119 -0 0.405904 0.653663
-0.41411 1.54548 -0 0.424045 0.687617
-0.465874 1.73867 -0 0.421137 0.649338
-0.556231 1.7119 -0 0.405904 0.653663
-0.556231 1.7119 -0 0.405904 0.653663
-0.465874 1.73867 -0 0.421137 0.649338
-0.618034 1.90211 -0 0.403238 0.620136
-0.465874 1.73867 -0 0.421137 0.649338
-0.517638 1.93185 -0 0.418587 0.615394
-0.618034 1.90211 -0 0.403238 0.620136
-0.618034 1.90211 -0 0.403238 0.620136
-0.517638 1.93185 -0 0.418587 0.615394
-0.679837 2.09232 -0 0.400919 0.591578
-0.517638 1.93185 -0 0.418587 0.615394
-0.569402 2.12504 -0 0.418081 0.586561
-0.679837 2.09232 -0 0.400919 0.591578
-0.679837 2.09232 -0 0.400919 0.591578
-0.569402 2.12504 -0 0.418081 0.586561
-0.804731 2.47671 0.04 0.396866 0.533496
-0.569402 2.12504 -0 0.418081 0.586561
-0.674007 2.51543 0.04 0.414087 0.530723
-0.804731 2.47671 0.04 0.396866 0.533496
-0.804731 2.47671 0.04 0.396866 0.533496
-0.674007 2.51543 0.04 0.414087 0.530723
-0.866534 2.66692 0.16 0.393518 0.495598
-0.674007 2.51543 0.04 0.414087 0.530723
-0.725771 2.70861 0.16 0.410667 0.489461
-0.866534 2.66692 0.16 0.393518 0.495598
-0.866534 2.66692 0.16 0.393518 0.495598
-0.725771 2.70861 0.16 0.410667 0.489461
-0.928337 2.85713 0.36 0.389179 0.443865
-0.725771 2.70861 0.16 0.410667 0.489461
-0.777535 2.9018 0.36 0.407865 0.437147
-0.928337 2.85713 0.36 0.389179 0.443865
-0.928337 2.85713 0.36 0.389179 0.443865
-0.777535 2.9018 0.36 0.407865 0.437147
-0.990141 3.04734 0.64 0.382831 0.383249
-0.777535 2.9018 0.36 0.407865 0.437147
-0.829298 3.09498 0.64 0.402743 0.375842
-0.990141 3.04734 0.64 0.382831 0.383249
-0.990141 3.04734 0.64 0.382831 0.383249
-0.829298 3.09498 0.64 0.402743 0.375842
-1.05194 3.23755 1 0.378715 0.311665
-0.829298 3.09498 0.64 0.402743 0.375842
-0.881062 3.28817 1 0.397789 0.306273
-1.05194 3.23755 1 0.378715 0.311665
-1.05194 3.23755 1 0.378715 0.311665
-0.881062 3.28817 1 0.397789 0.306273
-1.11375 3.42776 1.44 0.374319 0.237562
-0.881062 3.28817 1 0.397789 0.306273
-0.932826 3.48135 1.44 0.393846 0.231341
-1.11375 3.42776 1.44 0.374319 0.237562
-1.11375 3.42776 1.44 0.374319 0.237562
-0.932826 3.48135 1.44 0.393846 0.231341
-1.17555 3.61797 1.96 0.371463 0.157548
-0.932826 3.48135 1.44 0.393846 0.231341
-0.98459 3.67454 1.96 0.392026 0.152104
-1.17555 3.61797 1.96 0.371463 0.157548
-0.286694 0.746864 -0 0.426124 0.914626
-0.247214 0.760845 -0 0.435801 0.911493
-0.358368 0.93358 -0 0.414347 0.850555
-0.247214 0.760845 -0 0.435801 0.911493
-0.309017 0.951057 -0 0.426108 0.846739
-0.358368 0.93358 -0 0.414347 0.850555
-0.358368 0.93358 -0 0.414347 0.850555
-0.309017 0.951057 -0 0.426108 0.846739
-0.430042 1.1203 -0 0.406813 0.794398
-0.309017 0.951057 -0 0.426108 0.846739
-0.37082 1.14127 -0 0.419045 0.789676
-0.430042 1.1203 -0 0.406813 0.794398
-0.430042 1.1203 -0 0.406813 0.794398
-0.37082 1.14127 -0 0.419045 0.789676
-0.501715 1.30701 -0 0.400239 0.743083
-0.37082 1.14127 -0 0.419045 0.789676
-0.432624 1.33148 -0 0.412806 0.737522
-0.501715 1.30701 -0 0.400239 0.743083
-0.501715 1.30701 -0 0.400239 0.743083
-0.432624 1.33148 -0 0.412806 0.737522
-0.573389 1.49373 -0 0.394533 0.697576
-0.432624 1.33148 -0 0.412806 0.737522
-0.494427 1.52169 -0 0.408992 0.691462
-0.573389 1.49373 -0 0.394533 0.697576
-0.573389 1.49373 -0 0.394533 0.697576
-0.494427 1.52169 -0 0.408992 0.691462
-0.645062 1.68044 -0 0.391258 0.660402
-0.494427 1.52169 -0 0.408992 0.691462
-0.556231 1.7119 -0 0.405904 0.653663
-0.645062 1.68044 -0 0.391258 0.660402
-0.645062 1.68044 -0 0.391258 0.660402
-0.556231 1.7119 -0 0.405904 0.653663
-0.716736 1.86716 -0 0.386742 0.624491
-0.556231 1.7119 -0 0.405904 0.653663
-0.618034 1.90211 -0 0.403238 0.620136
-0.716736 1.86716 -0 0.386742 0.624491
-0.716736 1.86716 -0 0.386742 0.624491
-0.618034 1.90211 -0 0.403238 0.620136
-0.788409 2.05388 -0 0.384363 0.596339
-0.618034 1.90211 -0 0.403238 0.620136
-0.679837 2.09232 -0 0.400919 0.591578
-0.788409 2.05388 -0 0.384363 0.596339
-0.788409 2.05388 -0 0.384363 0.596339
-0.679837 2.09232 -0 0.400919 0.591578
-0.933249 2.4312 0.04 0.38028 0.541928
-0.679837 2.09232 -0 0.400919 0.591578
-0.804731 2.47671 0.04 0.396866 0.533496
-0.933249 2.4312 0.04 0.38028 0.541928
-0.933249 2.4312 0.04 0.38028 0.541928
-0.804731 2.47671 0.04 0.396866 0.533496
-1.00492 2.61791 0.16 0.37536 0.501647
-0.804731 2.47671 0.04 0.396866 0.533496
-0.866534 2.66692 0.16 0.393518 0.495598
-1.00492 2.61791 0.16 0.37536 0.501647
-1.00492 2.61791 0.16 0.37536 0.501647
-0.866534 2.66692 0.16 0.393518 0.495598
-1.0766 2.80463 0.36 0.371211 0.450563
-0.866534 2.66692 0.16 0.393518 0.495598
-0.928337 2.85713 0.36 0.389179 0.443865
-1.0766 2.80463 0.36 0.371211 0.450563
-1.0766 2.80463 0.36 0.371211 0.450563
-0.928337 2.85713 0.36 0.389179 0.443865
-1.14827 2.99134 0.64 0.365397 0.387903
-0.928337 2.85713 0.36 0.389179 0.443865
-0.990141 3.04734 0.64 0.382831 0.383249
-1.14827 2.99134 0.64 0.365397 0.387903
-1.14827 2.99134 0.64 0.365397 0.387903
-0.990141 3.04734 0.64 0.382831 0.383249
-1.21994 3.17806 1 0.358773 0.320067
-0.990141 3.04734 0.64 0.382831 0.383249
-1.05194 3.23755 1 0.378715 0.311665
-1.21994 3.17806 1 0.358773 0.320067
-1.21994 3.17806 1 0.358773 0.320067
-1.05194 3.23755 1 0.378715 0.311665
-1.29162 3.36478 1.44 0.354445 0.242439
-1.05194 3.23755 1 0.378715 0.311665
-1.11375 3.42776 1.44 0.374319 0.237562
-1.29162 3.36478 1.44 0.354445 0.242439
-1.29162 3.36478 1.44 0.354445 0.242439
-1.11375 3.42776 1.44 0.374319 0.237562
-1.36329 3.55149 1.96 0.350579 0.164046
-1.11375 3.42776 1.44 0.374319 0.237562
-1.17555 3.61797 1.96 0.371463 0.157548
-1.36329 3.55149 1.96 0.350579 0.164046
-0.358368 0.93358 -0 0.414347 0.850555
-0.430042 1.1203 -0 0.406813 0.794398
-0.488084 1.09625 -0 0.393445 0.79847
-0.488084 1.09625 -0 0.393445 0.79847
-0.430042 1.1203 -0 0.406813 0.794398
-0.569431 1.27896 -0 0.386533 0.748024
-0.430042 1.1203 -0 0.406813 0.794398
-0.501715 1.30701 -0 0.400239 0.743083
-0.569431 1.27896 -0 0.386533 0.748024
-0.569431 1.27896 -0 0.386533 0.748024
-0.501715 1.30701 -0 0.400239 0.743083
-0.650779 1.46167 -0 0.380605 0.703294
-0.501715 1.30701 -0 0.400239 0.743083
-0.573389 1.49373 -0 0.394533 0.697576
-0.650779 1.46167 -0 0.380605 0.703294
-0.650779 1.46167 -0 0.380605 0.703294
-0.573389 1.49373 -0 0.394533 0.697576
-0.732126 1.64438 -0 0.375459 0.663923
-0.573389 1.49373 -0 0.394533 0.697576
-0.645062 1.68044 -0 0.391258 0.660402
-0.732126 1.64438 -0 0.375459 0.663923
-0.732126 1.64438 -0 0.375459 0.663923
-0.645062 1.68044 -0 0.391258 0.660402
-0.813473 1.82709 -0 0.370989 0.631281
-0.645062 1.68044 -0 0.391258 0.660402
-0.716736 1.86716 -0 0.386742 0.624491
-0.813473 1.82709 -0 0.370989 0.631281
-0.813473 1.82709 -0 0.370989 0.631281
-0.716736 1.86716 -0 0.386742 0.624491
-0.894821 2.0098 -0 0.368537 0.603616
-0.716736 1.86716 -0 0.386742 0.624491
-0.788409 2.05388 -0 0.384363 0.596339
-0.894821 2.0098 -0 0.368537 0.603616
-0.894821 2.0098 -0 0.368537 0.603616
-0.788409 2.05388 -0 0.384363 0.596339
-1.05921 2.37902 0.04 0.364341 0.547251
-0.788409 2.05388 -0 0.384363 0.596339
-0.933249 2.4312 0.04 0.38028 0.541928
-1.05921 2.37902 0.04 0.364341 0.547251
-1.05921 2.37902 0.04 0.364341 0.547251
-0.933249 2.4312 0.04 0.38028 0.541928
-1.14056 2.56173 0.16 0.357998 0.507545
-0.933249 2.4312 0.04 0.38028 0.541928
-1.00492 2.61791 0.16 0.37536 0.501647
-1.14056 2.56173 0.16 0.357998 0.507545
-1.14056 2.56173 0.16 0.357998 0.507545
-1.00492 2.61791 0.16 0.37536 0.501647
-1.2219 2.74444 0.36 0.352511 0.457287
-1.00492 2.61791 0.16 0.37536 0.501647
-1.0766 2.80463 0.36 0.371211 0.450563
-1.2219 2.74444 0.36 0.352511 0.457287
-1.2219 2.74444 0.36 0.352511 0.457287
-1.0766 2.80463 0.36 0.371211 0.450563
-1.30325 2.92715 0.64 0.345672 0.395679
-1.0766 2.80463 0.36 0.371211 0.450563
-1.14827 2.99134 0.64 0.365397 0.387903
-1.30325 2.92715 0.64 0.345672 0.395679
-1.30325 2.92715 0.64 0.345672 0.395679
-1.14827 2.99134 0.64 0.365397 0.387903
-1.3846 3.10986 1 0.339983 0.32623
-1.14827 2.99134 0.64 0.365397 0.387903
-1.21994 3.17806 1 0.358773 0.320067
-1.3846 3.10986 1 0.339983 0.32623
-1.3846 3.10986 1 0.339983 0.32623
-1.21994 3.17806 1 0.358773 0.320067
-1.46595 3.29257 1.44 0.334073 0.250224
-1.21994 3.17806 1 0.358773 0.320067
-1.29162 3.36478 1.44 0.354445 0.242439
-1.46595 3.29257 1.44 0.334073 0.250224
-1.46595 3.29257 1.44 0.334073 0.250224
-1.29162 3.36478 1.44 0.354445 0.242439
-1.54729 3.47528 1.96 0.331126 0.169387
-1.29162 3.36478 1.44 0.354445 0.242439
-1.36329 3.55149 1.96 0.350579 0.164046
-1.54729 3.47528 1.96 0.331126 0.169387
-0.569431 1.27896 -0 0.386533 0.748024
-0.650779 1.46167 -0 0.380605 0.703294
-0.726385 1.42561 -0 0.365886 0.710849
-0.726385 1.42561 -0 0.365886 0.710849
-0.650779 1.46167 -0 0.380605 0.703294
-0.817183 1.60381 -0 0.360595 0.672324
-0.650779 1.46167 -0 0.380605 0.703294
-0.732126 1.64438 -0 0.375459 0.663923
-0.817183 1.60381 -0 0.360595 0.672324
-0.817183 1.60381 -0 0.360595 0.672324
-0.732126 1.64438 -0 0.375459 0.663923
-0.907981 1.78201 -0 0.35594 0.637683
-0.732126 1.64438 -0 0.375459 0.663923
-0.813473 1.82709 -0 0.370989 0.631281
-0.907981 1.78201 -0 0.35594 0.637683
-0.907981 1.78201 -0 0.35594 0.637683
-0.813473 1.82709 -0 0.370989 0.631281
-0.998779 1.96021 -0 0.35342 0.610531
-0.813473 1.82709 -0 0.370989 0.631281
-0.894821 2.0098 -0 0.368537 0.603616
-0.998779 1.96021 -0 0.35342 0.610531
-0.998779 1.96021 -0 0.35342 0.610531
-0.894821 2.0098 -0 0.368537 0.603616
-1.18227 2.32033 0.04 0.347637 0.555091
-0.894821 2.0098 -0 0.368537 0.603616
-1.05921 2.37902 0.04 0.364341 0.547251
-1.18227 2.32033 0.04 0.347637 0.555091
-1.18227 2.32033 0.04 0.347637 0.555091
-1.05921 2.37902 0.04 0.364341 0.547251
-1.27306 2.49853 0.16 0.341472 0.513263
-1.05921 2.37902 0.04 0.364341 0.547251
-1.14056 2.56173 0.16 0.357998 0.507545
-1.27306 2.49853 0.16 0.341472 0.513263
-1.27306 2.49853 0.16 0.341472 0.513263
-1.14056 2.56173 0.16 0.357998 0.507545
-1.36386 2.67673 0.36 0.33479 0.463894
-1.14056 2.56173 0.16 0.357998 0.507545
-1.2219 2.74444 0.36 0.352511 0.457287
-1.36386 2.67673 0.36 0.33479 0.463894
-1.36386 2.67673 0.36 0.33479 0.463894
-1.2219 2.74444 0.36 0.352511 0.457287
-1.45466 2.85493 0.64 0.327049 0.40344
-1.2219 2.74444 0.36 0.352511 0.457287
-1.30325 2.92715 0.64 0.345672 0.395679
-1.45466 2.85493 0.64 0.327049 0.40344
-1.45466 2.85493 0.64 0.327049 0.40344
-1.30325 2.92715 0.64 0.345672 0.395679
-1.54546 3.03313 1 0.320916 0.332851
-1.30325 2.92715 0.64 0.345672 0.395679
-1.3846 3.10986 1 0.339983 0.32623
-1.54546 3.03313 1 0.320916 0.332851
-1.54546 3.03313 1 0.320916 0.332851
-1.3846 3.10986 1 0.339983 0.32623
-1.63626 3.21133 1.44 0.315169 0.256221
-1.3846 3.10986 1 0.339983 0.32623
-1.46595 3.29257 1.44 0.334073 0.250224
-1.63626 3.21133 1.44 0.315169 0.256221
-1.63626 3.21133 1.44 0.315169 0.256221
-1.46595 3.29257 1.44 0.334073 0.250224
-1.72705 3.38953 1.96 0.310342 0.17784
-1.46595 3.29257 1.44 0.334073 0.250224
-1.54729 3.47528 1.96 0.331126 0.169387
-1.72705 3.38953 1.96 0.310342 0.17784
-1.36386 2.67673 0.36 0.33479 0.463894
-1.45466 2.85493 0.64 0.327049 0.40344
-1.60208 2.77489 0.64 0.30955 0.411114
-1.60208 2.77489 0.64 0.30955 0.411114
-1.45466 2.85493 0.64 0.327049 0.40344
-1.70208 2.94809 1 0.301648 0.342225
-1.45466 2.85493 0.64 0.327049 0.40344
-1.54546 3.03313 1 0.320916 0.332851
-1.70208 2.94809 1 0.301648 0.342225
-1.70208 2.94809 1 0.301648 0.342225
-1.54546 3.03313 1 0.320916 0.332851
-1.80208 3.1213 1.44 0.294979 0.265344
-1.54546 3.03313 1 0.320916 0.332851
-1.63626 3.21133 1.44 0.315169 0.256221
-1.80208 3.1213 1.44 0.294979 0.265344
-1.80208 3.1213 1.44 0.294979 0.265344
-1.63626 3.21133 1.44 0.315169 0.256221
-1.90208 3.2945 1.96 0.291348 0.184955
-1.63626 3.21133 1.44 0.315169 0.256221
-1.72705 3.38953 1.96 0.310342 0.17784
-1.90208 3.2945 1.96 0.291348 0.184955
