-1.30325 -2.92715 0.64 0.643798 0.375967
-1.45466 -2.85493 0.64 0.662365 0.383184
-1.3846 -3.10986 1 0.650218 0.305405
-1.45466 -2.85493 0.64 0.662365 0.383184
-1.54546 -3.03313 1 0.669454 0.313932
-1.3846 -3.10986 1 0.650218 0.305405
-1.3846 -3.10986 1 0.650218 0.305405
-1.54546 -3.03313 1 0.669454 0.313932
-1.46595 -3.29257 1.44 0.655831 0.229052
-1.54546 -3.03313 1 0.669454 0.313932
-1.63626 -3.21133 1.44 0.676324 0.237071
-1.46595 -3.29257 1.44 0.655831 0.229052
-1.46595 -3.29257 1.44 0.655831 0.229052
-1.63626 -3.21133 1.44 0.676324 0.237071
-1.54729 -3.47528 1.96 0.660386 0.150216
-1.63626 -3.21133 1.44 0.676324 0.237071
-1.72705 -3.38953 1.96 0.680201 0.157864
-1.54729 -3.47528 1.96 0.660386 0.150216
-0.286694 -0.746864 -0 0.566911 0.888559
-0.325389 -0.730836 -0 0.577136 0.892168
-0.358368 -0.93358 -0 0.577606 0.825409
-0.325389 -0.730836 -0 0.577136 0.892168
-0.406737 -0.913545 -0 0.588445 0.83026
-0.358368 -0.93358 -0 0.577606 0.825409
-0.358368 -0.93358 -0 0.577606 0.825409
-0.406737 -0.913545 -0 0.588445 0.83026
-0.430042 -1.1203 -0 0.585535 0.76812
-0.406737 -0.913545 -0 0.588445 0.83026
-0.488084 -1.09625 -0 0.598508 0.77181
-0.430042 -1.1203 -0 0.585535 0.76812
-0.430042 -1.1203 -0 0.585535 0.76812
-0.488084 -1.09625 -0 0.598508 0.77181
-0.501715 -1.30701 -0 0.592325 0.716697
-0.488084 -1.09625 -0 0.598508 0.77181
-0.569431 -1.27896 -0 0.605652 0.721251
-0.501715 -1.30701 -0 0.592325 0.716697
-0.501715 -1.30701 -0 0.592325 0.716697
-0.569431 -1.27896 -0 0.605652 0.721251
-0.573389 -1.49373 -0 0.596515 0.673107
-0.569431 -1.27896 -0 0.605652 0.721251
-0.650779 -1.46167 -0 0.611645 0.678178
-0.573389 -1.49373 -0 0.596515 0.673107
-0.573389 -1.49373 -0 0.596515 0.673107
-0.650779 -1.46167 -0 0.611645 0.678178
-0.645062 -1.68044 -0 0.600002 0.63462
-0.650779 -1.46167 -0 0.611645 0.678178
-0.732126 -1.64438 -0 0.615337 0.640388
-0.645062 -1.68044 -0 0.600002 0.63462
-0.645062 -1.68044 -0 0.600002 0.63462
-0.732126 -1.64438 -0 0.615337 0.640388
-0.716736 -1.86716 -0 0.602887 0.6026
-0.732126 -1.64438 -0 0.615337 0.640388
-0.813473 -1.82709 -0 0.618352 0.608933
-0.716736 -1.86716 -0 0.602887 0.6026
-0.716736 -1.86716 -0 0.602887 0.6026
-0.813473 -1.82709 -0 0.618352 0.608933
-0.788409 -2.05388 -0 0.605455 0.572476
-0.813473 -1.82709 -0 0.618352 0.608933
-0.894821 -2.0098 -0 0.621014 0.579327
-0.788409 -2.05388 -0 0.605455 0.572476
-0.788409 -2.05388 -0 0.605455 0.572476
-0.894821 -2.0098 -0 0.621014 0.579327
-0.933249 -2.4312 0.04 0.609773 0.519234
-0.894821 -2.0098 -0 0.621014 0.579327
-1.05921 -2.37902 0.04 0.627022 0.524095
-0.933249 -2.4312 0.04 0.609773 0.519234
-0.933249 -2.4312 0.04 0.609773 0.519234
-1.05921 -2.37902 0.04 0.627022 0.524095
-1.00492 -2.61791 0.16 0.614883 0.479538
-1.05921 -2.37902 0.04 0.627022 0.524095
-1.14056 -2.56173 0.16 0.63202 0.485004
-1.00492 -2.61791 0.16 0.614883 0.479538
-1.00492 -2.61791 0.16 0.614883 0.479538
-1.14056 -2.56173 0.16 0.63202 0.485004
-1.0766 -2.80463 0.36 0.619345 0.428886
-1.14056 -2.56173 0.16 0.63202 0.485004
-1.2219 -2.74444 0.36 0.637839 0.435146
-1.0766 -2.80463 0.36 0.619345 0.428886
-1.0766 -2.80463 0.36 0.619345 0.428886
-1.2219 -2.74444 0.36 0.637839 0.435146
-1.14827 -2.99134 0.64 0.625688 0.368847
-1.2219 -2.74444 0.36 0.637839 0.435146
-1.30325 -2.92715 0.64 0.643798 0.375967
-1.14827 -2.99134 0.64 0.625688 0.368847
-1.14827 -2.99134 0.64 0.625688 0.368847
-1.30325 -2.92715 0.64 0.643798 0.375967
-1.21994 -3.17806 1 0.631431 0.299708
-1.30325 -2.92715 0.64 0.643798 0.375967
-1.3846 -3.10986 1 0.650218 0.305405
-1.21994 -3.17806 1 0.631431 0.299708
-1.21994 -3.17806 1 0.631431 0.299708
-1.3846 -3.10986 1 0.650218 0.305405
-1.29162 -3.36478 1.44 0.636927 0.224229
-1.3846 -3.10986 1 0.650218 0.305405
-1.46595 -3.29257 1.44 0.655831 0.229052
-1.29162 -3.36478 1.44 0.636927 0.224229
-1.29162 -3.36478 1.44 0.636927 0.224229
-1.46595 -3.29257 1.44 0.655831 0.229052
-1.36329 -3.55149 1.96 0.640721 0.145277
-1.46595 -3.29257 1.44 0.655831 0.229052
-1.54729 -3.47528 1.96 0.660386 0.150216
-1.36329 -3.55149 1.96 0.640721 0.145277
-0.247214 -0.760845 -0 0.556219 0.886082
-0.286694 -0.746864 -0 0.566911 0.888559
-0.309017 -0.951057 -0 0.564892 0.820388
-0.286694 -0.746864 -0 0.566911 0.888559
-0.358368 -0.93358 -0 0.577606 0.825409
-0.309017 -0.951057 -0 0.564892 0.820388
-0.309017 -0.951057 -0 0.564892 0.820388
-0.358368 -0.93358 -0 0.577606 0.825409
-0.37082 -1.14127 -0 0.57211 0.764017
-0.358368 -0.93358 -0 0.577606 0.825409
-0.430042 -1.1203 -0 0.585535 0.76812
-0.37082 -1.14127 -0 0.57211 0.764017
-0.37082 -1.14127 -0 0.57211 0.764017
-0.430042 -1.1203 -0 0.585535 0.76812
-0.432624 -1.33148 -0 0.578513 0.71174
-0.430042 -1.1203 -0 0.585535 0.76812
-0.501715 -1.30701 -0 0.592325 0.716697
-0.432624 -1.33148 -0 0.578513 0.71174
-0.432624 -1.33148 -0 0.578513 0.71174
-0.501715 -1.30701 -0 0.592325 0.716697
-0.494427 -1.52169 -0 0.582411 0.667403
-0.501715 -1.30701 -0 0.592325 0.716697
-0.573389 -1.49373 -0 0.596515 0.673107
-0.494427 -1.52169 -0 0.582411 0.667403
-0.494427 -1.52169 -0 0.582411 0.667403
-0.573389 -1.49373 -0 0.596515 0.673107
-0.556231 -1.7119 -0 0.585693 0.628277
-0.573389 -1.49373 -0 0.596515 0.673107
-0.645062 -1.68044 -0 0.600002 0.63462
-0.556231 -1.7119 -0 0.585693 0.628277
-0.556231 -1.7119 -0 0.585693 0.628277
-0.645062 -1.68044 -0 0.600002 0.63462
-0.618034 -1.90211 -0 0.588447 0.595748
-0.645062 -1.68044 -0 0.600002 0.63462
-0.716736 -1.86716 -0 0.602887 0.6026
-0.618034 -1.90211 -0 0.588447 0.595748
-0.618034 -1.90211 -0 0.588447 0.595748
-0.716736 -1.86716 -0 0.602887 0.6026
-0.679837 -2.09232 -0 0.589188 0.568068
-0.716736 -1.86716 -0 0.602887 0.6026
-0.788409 -2.05388 -0 0.605455 0.572476
-0.679837 -2.09232 -0 0.589188 0.568068
-0.679837 -2.09232 -0 0.589188 0.568068
-0.788409 -2.05388 -0 0.605455 0.572476
-0.804731 -2.47671 0.04 0.59347 0.511233
-0.788409 -2.05388 -0 0.605455 0.572476
-0.933249 -2.4312 0.04 0.609773 0.519234
-0.804731 -2.47671 0.04 0.59347 0.511233
-0.804731 -2.47671 0.04 0.59347 0.511233
-0.933249 -2.4312 0.04 0.609773 0.519234
-0.866534 -2.66692 0.16 0.596987 0.473898
-0.933249 -2.4312 0.04 0.609773 0.519234
-1.00492 -2.61791 0.16 0.614883 0.479538
-0.866534 -2.66692 0.16 0.596987 0.473898
-0.866534 -2.66692 0.16 0.596987 0.473898
-1.00492 -2.61791 0.16 0.614883 0.479538
-0.928337 -2.85713 0.36 0.601598 0.422584
-1.00492 -2.61791 0.16 0.614883 0.479538
-1.0766 -2.80463 0.36 0.619345 0.428886
-0.928337 -2.85713 0.36 0.601598 0.422584
-0.928337 -2.85713 0.36 0.601598 0.422584
-1.0766 -2.80463 0.36 0.619345 0.428886
-0.990141 -3.04734 0.64 0.606707 0.36173
-1.0766 -2.80463 0.36 0.619345 0.428886
-1.14827 -2.99134 0.64 0.625688 0.368847
-0.990141 -3.04734 0.64 0.606707 0.36173
-0.990141 -3.04734 0.64 0.606707 0.36173
-1.14827 -2.99134 0.64 0.625688 0.368847
-1.05194 -3.23755 1 0.613206 0.294432
-1.14827 -2.99134 0.64 0.625688 0.368847
-1.21994 -3.17806 1 0.631431 0.299708
-1.05194 -3.23755 1 0.613206 0.294432
-1.05194 -3.23755 1 0.613206 0.294432
-1.21994 -3.17806 1 0.631431 0.299708
-1.11375 -3.42776 1.44 0.616764 0.217569
-1.21994 -3.17806 1 0.631431 0.299708
-1.29162 -3.36478 1.44 0.636927 0.224229
-1.11375 -3.42776 1.44 0.616764 0.217569
-1.11375 -3.42776 1.44 0.616764 0.217569
-1.29162 -3.36478 1.44 0.636927 0.224229
-1.17555 -3.61797 1.96 0.620937 0.139453
-1.29162 -3.36478 1.44 0.636927 0.224229
-1.36329 -3.55149 1.96 0.640721 0.145277
-1.17555 -3.61797 1.96 0.620937 0.139453
-0.207055 -0.772741 -0 0.546685 0.883071
-0.247214 -0.760845 -0 0.556219 0.886082
-0.258819 -0.965926 -0 0.553027 0.818438
-0.247214 -0.760845 -0 0.556219 0.886082
-0.309017 -0.951057 -0 0.564892 0.820388
-0.258819 -0.965926 -0 0.553027 0.818438
-0.258819 -0.965926 -0 0.553027 0.818438
-0.309017 -0.951057 -0 0.564892 0.820388
-0.310583 -1.15911 -0 0.559858 0.759285
-0.309017 -0.951057 -0 0.564892 0.820388
-0.37082 -1.14127 -0 0.57211 0.764017
-0.310583 -1.15911 -0 0.559858 0.759285
-0.310583 -1.15911 -0 0.559858 0.759285
-0.37082 -1.14127 -0 0.57211 0.764017
-0.362347 -1.3523 -0 0.564127 0.708771
-0.37082 -1.14127 -0 0.57211 0.764017
-0.432624 -1.33148 -0 0.578513 0.71174
-0.362347 -1.3523 -0 0.564127 0.708771
-0.362347 -1.3523 -0 0.564127 0.708771
-0.432624 -1.33148 -0 0.578513 0.71174
-0.41411 -1.54548 -0 0.56773 0.66388
-0.432624 -1.33148 -0 0.578513 0.71174
-0.494427 -1.52169 -0 0.582411 0.667403
-0.41411 -1.54548 -0 0.56773 0.66388
-0.41411 -1.54548 -0 0.56773 0.66388
-0.494427 -1.52169 -0 0.582411 0.667403
-0.465874 -1.73867 -0 0.569113 0.624401
-0.494427 -1.52169 -0 0.582411 0.667403
-0.556231 -1.7119 -0 0.585693 0.628277
-0.465874 -1.73867 -0 0.569113 0.624401
-0.465874 -1.73867 -0 0.569113 0.624401
-0.556231 -1.7119 -0 0.585693 0.628277
-0.517638 -1.93185 -0 0.571735 0.59145
-0.556231 -1.7119 -0 0.585693 0.628277
-0.618034 -1.90211 -0 0.588447 0.595748
-0.517638 -1.93185 -0 0.571735 0.59145
-0.517638 -1.93185 -0 0.571735 0.59145
-0.618034 -1.90211 -0 0.588447 0.595748
-0.569402 -2.12504 -0 0.574066 0.56331
-0.618034 -1.90211 -0 0.588447 0.595748
-0.679837 -2.09232 -0 0.589188 0.568068
-0.569402 -2.12504 -0 0.574066 0.56331
-0.569402 -2.12504 -0 0.574066 0.56331
-0.679837 -2.09232 -0 0.589188 0.568068
-0.674007 -2.51543 0.04 0.576548 0.505867
-0.679837 -2.09232 -0 0.589188 0.568068
-0.804731 -2.47671 0.04 0.59347 0.511233
-0.674007 -2.51543 0.04 0.576548 0.505867
-0.674007 -2.51543 0.04 0.576548 0.505867
-0.804731 -2.47671 0.04 0.59347 0.511233
-0.725771 -2.70861 0.16 0.580105 0.468112
-0.804731 -2.47671 0.04 0.59347 0.511233
-0.866534 -2.66692 0.16 0.596987 0.473898
-0.725771 -2.70861 0.16 0.580105 0.468112
-0.725771 -2.70861 0.16 0.580105 0.468112
-0.866534 -2.66692 0.16 0.596987 0.473898
-0.777535 -2.9018 0.36 0.583156 0.416223
-0.866534 -2.66692 0.16 0.596987 0.473898
-0.928337 -2.85713 0.36 0.601598 0.422584
-0.777535 -2.9018 0.36 0.583156 0.416223
-0.777535 -2.9018 0.36 0.583156 0.416223
-0.928337 -2.85713 0.36 0.601598 0.422584
-0.829298 -3.09498 0.64 0.588667 0.357554
-0.928337 -2.85713 0.36 0.601598 0.422584
-0.990141 -3.04734 0.64 0.606707 0.36173
-0.829298 -3.09498 0.64 0.588667 0.357554
-0.829298 -3.09498 0.64 0.588667 0.357554
-0.990141 -3.04734 0.64 0.606707 0.36173
-0.881062 -3.28817 1 0.592472 0.286645
-0.990141 -3.04734 0.64 0.606707 0.36173
-1.05194 -3.23755 1 0.613206 0.294432
-0.881062 -3.28817 1 0.592472 0.286645
-0.881062 -3.28817 1 0.592472 0.286645
-1.05194 -3.23755 1 0.613206 0.294432
-0.932826 -3.48135 1.44 0.597168 0.211628
-1.05194 -3.23755 1 0.613206 0.294432
-1.11375 -3.42776 1.44 0.616764 0.217569
-0.932826 -3.48135 1.44 0.597168 0.211628
-0.932826 -3.48135 1.44 0.597168 0.211628
-1.11375 -3.42776 1.44 0.616764 0.217569
-0.98459 -3.67454 1.96 0.600155 0.134242
-1.11375 -3.42776 1.44 0.616764 0.217569
-1.17555 -3.61797 1.96 0.620937 0.139453
-0.98459 -3.67454 1.96 0.600155 0.134242
-0.166329 -0.782518 -0 0.535481 0.879947
-0.207055 -0.772741 -0 0.546685 0.883071
-0.207912 -0.978148 -0 0.541009 0.814264
-0.207055 -0.772741 -0 0.546685 0.883071
-0.258819 -0.965926 -0 0.553027 0.818438
-0.207912 -0.978148 -0 0.541009 0.814264
-0.207912 -0.978148 -0 0.541009 0.814264
-0.258819 -0.965926 -0 0.553027 0.818438
-0.249494 -1.17378 -0 0.545538 0.75655
-0.258819 -0.965926 -0 0.553027 0.818438
-0.310583 -1.15911 -0 0.559858 0.759285
-0.249494 -1.17378 -0 0.545538 0.75655
-0.249494 -1.17378 -0 0.545538 0.75655
-0.310583 -1.15911 -0 0.559858 0.759285
-0.291076 -1.36941 -0 0.549356 0.705447
-0.310583 -1.15911 -0 0.559858 0.759285
-0.362347 -1.3523 -0 0.564127 0.708771
-0.291076 -1.36941 -0 0.549356 0.705447
-0.291076 -1.36941 -0 0.549356 0.705447
-0.362347 -1.3523 -0 0.564127 0.708771
-0.332659 -1.56504 -0 0.552642 0.660034
-0.362347 -1.3523 -0 0.564127 0.708771
-0.41411 -1.54548 -0 0.56773 0.66388
-0.332659 -1.56504 -0 0.552642 0.660034
-0.332659 -1.56504 -0 0.552642 0.660034
-0.41411 -1.54548 -0 0.56773 0.66388
-0.374241 -1.76067 -0 0.553771 0.620078
-0.41411 -1.54548 -0 0.56773 0.66388
-0.465874 -1.73867 -0 0.569113 0.624401
-0.374241 -1.76067 -0 0.553771 0.620078
-0.374241 -1.76067 -0 0.553771 0.620078
-0.465874 -1.73867 -0 0.569113 0.624401
-0.415823 -1.9563 -0 0.556262 0.586766
-0.465874 -1.73867 -0 0.569113 0.624401
-0.517638 -1.93185 -0 0.571735 0.59145
-0.415823 -1.9563 -0 0.556262 0.586766
-0.415823 -1.9563 -0 0.556262 0.586766
-0.517638 -1.93185 -0 0.571735 0.59145
-0.457406 -2.15192 -0 0.556754 0.558399
-0.517638 -1.93185 -0 0.571735 0.59145
-0.569402 -2.12504 -0 0.574066 0.56331
-0.457406 -2.15192 -0 0.556754 0.558399
-0.457406 -2.15192 -0 0.556754 0.558399
-0.569402 -2.12504 -0 0.574066 0.56331
-0.541436 -2.54726 0.04 0.559088 0.503256
-0.569402 -2.12504 -0 0.574066 0.56331
-0.674007 -2.51543 0.04 0.576548 0.505867
-0.541436 -2.54726 0.04 0.559088 0.503256
-0.541436 -2.54726 0.04 0.559088 0.503256
-0.674007 -2.51543 0.04 0.576548 0.505867
-0.583018 -2.74289 0.16 0.562698 0.462217
-0.674007 -2.51543 0.04 0.576548 0.505867
-0.725771 -2.70861 0.16 0.580105 0.468112
-0.583018 -2.74289 0.16 0.562698 0.462217
-0.583018 -2.74289 0.16 0.562698 0.462217
-0.725771 -2.70861 0.16 0.580105 0.468112
-0.624601 -2.93851 0.36 0.565879 0.412786
-0.725771 -2.70861 0.16 0.580105 0.468112
-0.777535 -2.9018 0.36 0.583156 0.416223
-0.624601 -2.93851 0.36 0.565879 0.412786
-0.624601 -2.93851 0.36 0.565879 0.412786
-0.777535 -2.9018 0.36 0.583156 0.416223
-0.666183 -3.13414 0.64 0.570013 0.353519
-0.777535 -2.9018 0.36 0.583156 0.416223
-0.829298 -3.09498 0.64 0.588667 0.357554
-0.666183 -3.13414 0.64 0.570013 0.353519
-0.666183 -3.13414 0.64 0.570013 0.353519
-0.829298 -3.09498 0.64 0.588667 0.357554
-0.707765 -3.32977 1 0.574391 0.282075
-0.829298 -3.09498 0.64 0.588667 0.357554
-0.881062 -3.28817 1 0.592472 0.286645
-0.707765 -3.32977 1 0.574391 0.282075
-0.707765 -3.32977 1 0.574391 0.282075
-0.881062 -3.28817 1 0.592472 0.286645
-0.749348 -3.5254 1.44 0.576978 0.208407
-0.881062 -3.28817 1 0.592472 0.286645
-0.932826 -3.48135 1.44 0.597168 0.211628
-0.749348 -3.5254 1.44 0.576978 0.208407
-0.749348 -3.5254 1.44 0.576978 0.208407
-0.932826 -3.48135 1.44 0.597168 0.211628
-0.79093 -3.72103 1.96 0.579764 0.128189
-0.932826 -3.48135 1.44 0.597168 0.211628
-0.98459 -3.67454 1.96 0.600155 0.134242
-0.79093 -3.72103 1.96 0.579764 0.128189
-0.125148 -0.790151 -0 0.52542 0.877896
-0.166329 -0.782518 -0 0.535481 0.879947
-0.156434 -0.987688 -0 0.530208 0.811506
-0.166329 -0.782518 -0 0.535481 0.879947
-0.207912 -0.978148 -0 0.541009 0.814264
-0.156434 -0.987688 -0 0.530208 0.811506
-0.156434 -0.987688 -0 0.530208 0.811506
-0.207912 -0.978148 -0 0.541009 0.814264
-0.187721 -1.18523 -0 0.532558 0.753297
-0.207912 -0.978148 -0 0.541009 0.814264
-0.249494 -1.17378 -0 0.545538 0.75655
-0.187721 -1.18523 -0 0.532558 0.753297
-0.187721 -1.18523 -0 0.532558 0.753297
-0.249494 -1.17378 -0 0.545538 0.75655
-0.219008 -1.38276 -0 0.535953 0.701642
-0.249494 -1.17378 -0 0.545538 0.75655
-0.291076 -1.36941 -0 0.549356 0.705447
-0.219008 -1.38276 -0 0.535953 0.701642
-0.219008 -1.38276 -0 0.535953 0.701642
-0.291076 -1.36941 -0 0.549356 0.705447
-0.250295 -1.5803 -0 0.537196 0.655861
-0.291076 -1.36941 -0 0.549356 0.705447
-0.332659 -1.56504 -0 0.552642 0.660034
-0.250295 -1.5803 -0 0.537196 0.655861
-0.250295 -1.5803 -0 0.537196 0.655861
-0.332659 -1.56504 -0 0.552642 0.660034
-0.281582 -1.77784 -0 0.538012 0.618218
-0.332659 -1.56504 -0 0.552642 0.660034
-0.374241 -1.76067 -0 0.553771 0.620078
-0.281582 -1.77784 -0 0.538012 0.618218
-0.281582 -1.77784 -0 0.538012 0.618218
-0.374241 -1.76067 -0 0.553771 0.620078
-0.312869 -1.97538 -0 0.538583 0.584737
-0.374241 -1.76067 -0 0.553771 0.620078
-0.415823 -1.9563 -0 0.556262 0.586766
-0.312869 -1.97538 -0 0.538583 0.584737
-0.312869 -1.97538 -0 0.538583 0.584737
-0.415823 -1.9563 -0 0.556262 0.586766
-0.344156 -2.17291 -0 0.54079 0.553189
-0.415823 -1.9563 -0 0.556262 0.586766
-0.457406 -2.15192 -0 0.556754 0.558399
-0.344156 -2.17291 -0 0.54079 0.553189
-0.344156 -2.17291 -0 0.54079 0.553189
-0.457406 -2.15192 -0 0.556754 0.558399
-0.407381 -2.5721 0.04 0.541186 0.500545
-0.457406 -2.15192 -0 0.556754 0.558399
-0.541436 -2.54726 0.04 0.559088 0.503256
-0.407381 -2.5721 0.04 0.541186 0.500545
-0.407381 -2.5721 0.04 0.541186 0.500545
-0.541436 -2.54726 0.04 0.559088 0.503256
-0.438668 -2.76964 0.16 0.544847 0.459193
-0.541436 -2.54726 0.04 0.559088 0.503256
-0.583018 -2.74289 0.16 0.562698 0.462217
-0.438668 -2.76964 0.16 0.544847 0.459193
-0.438668 -2.76964 0.16 0.544847 0.459193
-0.583018 -2.74289 0.16 0.562698 0.462217
-0.469955 -2.96718 0.36 0.546364 0.409359
-0.583018 -2.74289 0.16 0.562698 0.462217
-0.624601 -2.93851 0.36 0.565879 0.412786
-0.469955 -2.96718 0.36 0.546364 0.409359
-0.469955 -2.96718 0.36 0.546364 0.409359
-0.624601 -2.93851 0.36 0.565879 0.412786
-0.501242 -3.16471 0.64 0.550829 0.349666
-0.624601 -2.93851 0.36 0.565879 0.412786
-0.666183 -3.13414 0.64 0.570013 0.353519
-0.501242 -3.16471 0.64 0.550829 0.349666
-0.501242 -3.16471 0.64 0.550829 0.349666
-0.666183 -3.13414 0.64 0.570013 0.353519
-0.532528 -3.36225 1 0.554197 0.280234
-0.666183 -3.13414 0.64 0.570013 0.353519
-0.707765 -3.32977 1 0.574391 0.282075
-0.532528 -3.36225 1 0.554197 0.280234
-0.532528 -3.36225 1 0.554197 0.280234
-0.707765 -3.32977 1 0.574391 0.282075
-0.563815 -3.55979 1.44 0.557618 0.203688
-0.707765 -3.32977 1 0.574391 0.282075
-0.749348 -3.5254 1.44 0.576978 0.208407
-0.563815 -3.55979 1.44 0.557618 0.203688
-0.563815 -3.55979 1.44 0.557618 0.203688
-0.749348 -3.5254 1.44 0.576978 0.208407
-0.595102 -3.75733 1.96 0.560401 0.124932
-0.749348 -3.5254 1.44 0.576978 0.208407
-0.79093 -3.72103 1.96 0.579764 0.128189
-0.595102 -3.75733 1.96 0.560401 0.124932
-0.0836228 -0.795618 -0 0.513659 0.877263
-0.125148 -0.790151 -0 0.52542 0.877896
-0.104528 -0.994522 -0 0.51757 0.810533
-0.125148 -0.790151 -0 0.52542 0.877896
-0.156434 -0.987688 -0 0.530208 0.811506
-0.104528 -0.994522 -0 0.51757 0.810533
-0.104528 -0.994522 -0 0.51757 0.810533
-0.156434 -0.987688 -0 0.530208 0.811506
-0.125434 -1.19343 -0 0.519289 0.751962
-0.156434 -0.987688 -0 0.530208 0.811506
-0.187721 -1.18523 -0 0.532558 0.753297
-0.125434 -1.19343 -0 0.519289 0.751962
-0.125434 -1.19343 -0 0.519289 0.751962
-0.187721 -1.18523 -0 0.532558 0.753297
-0.14634 -1.39233 -0 0.52052 0.700097
-0.187721 -1.18523 -0 0.532558 0.753297
-0.219008 -1.38276 -0 0.535953 0.701642
-0.14634 -1.39233 -0 0.52052 0.700097
-0.14634 -1.39233 -0 0.52052 0.700097
-0.219008 -1.38276 -0 0.535953 0.701642
-0.167246 -1.59124 -0 0.521399 0.65401
-0.219008 -1.38276 -0 0.535953 0.701642
-0.250295 -1.5803 -0 0.537196 0.655861
-0.167246 -1.59124 -0 0.521399 0.65401
-0.167246 -1.59124 -0 0.521399 0.65401
-0.250295 -1.5803 -0 0.537196 0.655861
-0.188151 -1.79014 -0 0.522013 0.613351
-0.250295 -1.5803 -0 0.537196 0.655861
-0.281582 -1.77784 -0 0.538012 0.618218
-0.188151 -1.79014 -0 0.522013 0.613351
-0.188151 -1.79014 -0 0.522013 0.613351
-0.281582 -1.77784 -0 0.538012 0.618218
-0.209057 -1.98904 -0 0.522409 0.579568
-0.281582 -1.77784 -0 0.538012 0.618218
-0.312869 -1.97538 -0 0.538583 0.584737
-0.209057 -1.98904 -0 0.522409 0.579568
-0.209057 -1.98904 -0 0.522409 0.579568
-0.312869 -1.97538 -0 0.538583 0.584737
-0.229963 -2.18795 -0 0.522664 0.550728
-0.312869 -1.97538 -0 0.538583 0.584737
-0.344156 -2.17291 -0 0.54079 0.553189
-0.229963 -2.18795 -0 0.522664 0.550728
-0.229963 -2.18795 -0 0.522664 0.550728
-0.344156 -2.17291 -0 0.54079 0.553189
-0.272209 -2.5899 0.04 0.524777 0.494766
-0.344156 -2.17291 -0 0.54079 0.553189
-0.407381 -2.5721 0.04 0.541186 0.500545
-0.272209 -2.5899 0.04 0.524777 0.494766
-0.272209 -2.5899 0.04 0.524777 0.494766
-0.407381 -2.5721 0.04 0.541186 0.500545
-0.293115 -2.7888 0.16 0.52663 0.456156
-0.407381 -2.5721 0.04 0.541186 0.500545
-0.438668 -2.76964 0.16 0.544847 0.459193
-0.293115 -2.7888 0.16 0.52663 0.456156
-0.293115 -2.7888 0.16 0.52663 0.456156
-0.438668 -2.76964 0.16 0.544847 0.459193
-0.314021 -2.98771 0.36 0.528245 0.406066
-0.438668 -2.76964 0.16 0.544847 0.459193
-0.469955 -2.96718 0.36 0.546364 0.409359
-0.314021 -2.98771 0.36 0.528245 0.406066
-0.314021 -2.98771 0.36 0.528245 0.406066
-0.469955 -2.96718 0.36 0.546364 0.409359
-0.334926 -3.18661 0.64 0.531223 0.34604
-0.469955 -2.96718 0.36 0.546364 0.409359
-0.501242 -3.16471 0.64 0.550829 0.349666
-0.334926 -3.18661 0.64 0.531223 0.34604
-0.334926 -3.18661 0.64 0.531223 0.34604
-0.501242 -3.16471 0.64 0.550829 0.349666
-0.355832 -3.38551 1 0.535165 0.276354
-0.501242 -3.16471 0.64 0.550829 0.349666
-0.532528 -3.36225 1 0.554197 0.280234
-0.355832 -3.38551 1 0.535165 0.276354
-0.355832 -3.38551 1 0.535165 0.276354
-0.532528 -3.36225 1 0.554197 0.280234
-0.376738 -3.58442 1.44 0.537834 0.199504
-0.532528 -3.36225 1 0.554197 0.280234
-0.563815 -3.55979 1.44 0.557618 0.203688
-0.376738 -3.58442 1.44 0.537834 0.199504
-0.376738 -3.58442 1.44 0.537834 0.199504
-0.563815 -3.55979 1.44 0.557618 0.203688
-0.397643 -3.78332 1.96 0.540546 0.122373
-0.563815 -3.55979 1.44 0.557618 0.203688
-0.595102 -3.75733 1.96 0.560401 0.124932
-0.397643 -3.78332 1.96 0.540546 0.122373
-0.0418688 -0.798904 -0 0.503277 0.876256
-0.0836228 -0.795618 -0 0.513659 0.877263
-0.052336 -0.99863 -0 0.504793 0.809248
-0.0836228 -0.795618 -0 0.513659 0.877263
-0.104528 -0.994522 -0 0.51757 0.810533
-0.052336 -0.99863 -0 0.504793 0.809248
-0.052336 -0.99863 -0 0.504793 0.809248
-0.104528 -0.994522 -0 0.51757 0.810533
-0.0628031 -1.19836 -0 0.505868 0.750334
-0.104528 -0.994522 -0 0.51757 0.810533
-0.125434 -1.19343 -0 0.519289 0.751962
-0.0628031 -1.19836 -0 0.505868 0.750334
-0.0628031 -1.19836 -0 0.505868 0.750334
-0.125434 -1.19343 -0 0.519289 0.751962
-0.0732703 -1.39808 -0 0.506637 0.698171
-0.125434 -1.19343 -0 0.519289 0.751962
-0.14634 -1.39233 -0 0.52052 0.700097
-0.0732703 -1.39808 -0 0.506637 0.698171
-0.0732703 -1.39808 -0 0.506637 0.698171
-0.14634 -1.39233 -0 0.52052 0.700097
-0.0837375 -1.59781 -0 0.505398 0.651874
-0.14634 -1.39233 -0 0.52052 0.700097
-0.167246 -1.59124 -0 0.521399 0.65401
-0.0837375 -1.59781 -0 0.505398 0.651874
-0.0837375 -1.59781 -0 0.505398 0.651874
-0.167246 -1.59124 -0 0.521399 0.65401
-0.0942047 -1.79753 -0 0.505731 0.613778
-0.167246 -1.59124 -0 0.521399 0.65401
-0.188151 -1.79014 -0 0.522013 0.613351
-0.0942047 -1.79753 -0 0.505731 0.613778
-0.0942047 -1.79753 -0 0.505731 0.613778
-0.188151 -1.79014 -0 0.522013 0.613351
-0.104672 -1.99726 -0 0.505964 0.579908
-0.188151 -1.79014 -0 0.522013 0.613351
-0.209057 -1.98904 -0 0.522409 0.579568
-0.104672 -1.99726 -0 0.505964 0.579908
-0.104672 -1.99726 -0 0.505964 0.579908
-0.209057 -1.98904 -0 0.522409 0.579568
-0.115139 -2.19699 -0 0.506128 0.548065
-0.209057 -1.98904 -0 0.522409 0.579568
-0.229963 -2.18795 -0 0.522664 0.550728
-0.115139 -2.19699 -0 0.506128 0.548065
-0.115139 -2.19699 -0 0.506128 0.548065
-0.229963 -2.18795 -0 0.522664 0.550728
-0.136291 -2.60059 0.04 0.50628 0.494863
-0.229963 -2.18795 -0 0.522664 0.550728
-0.272209 -2.5899 0.04 0.524777 0.494766
-0.136291 -2.60059 0.04 0.50628 0.494863
-0.136291 -2.60059 0.04 0.50628 0.494863
-0.272209 -2.5899 0.04 0.524777 0.494766
-0.146759 -2.80032 0.16 0.508148 0.453128
-0.272209 -2.5899 0.04 0.524777 0.494766
-0.293115 -2.7888 0.16 0.52663 0.456156
-0.146759 -2.80032 0.16 0.508148 0.453128
-0.146759 -2.80032 0.16 0.508148 0.453128
-0.293115 -2.7888 0.16 0.52663 0.456156
-0.157226 -3.00005 0.36 0.50987 0.402884
-0.293115 -2.7888 0.16 0.52663 0.456156
-0.314021 -2.98771 0.36 0.528245 0.406066
-0.157226 -3.00005 0.36 0.50987 0.402884
-0.157226 -3.00005 0.36 0.50987 0.402884
-0.314021 -2.98771 0.36 0.528245 0.406066
-0.167693 -3.19977 0.64 0.511318 0.342682
-0.314021 -2.98771 0.36 0.528245 0.406066
-0.334926 -3.18661 0.64 0.531223 0.34604
-0.167693 -3.19977 0.64 0.511318 0.342682
-0.167693 -3.19977 0.64 0.511318 0.342682
-0.334926 -3.18661 0.64 0.531223 0.34604
-0.17816 -3.3995 1 0.514088 0.272806
-0.334926 -3.18661 0.64 0.531223 0.34604
-0.355832 -3.38551 1 0.535165 0.276354
-0.17816 -3.3995 1 0.514088 0.272806
-0.17816 -3.3995 1 0.514088 0.272806
-0.355832 -3.38551 1 0.535165 0.276354
-0.188627 -3.59922 1.44 0.517806 0.198155
-0.355832 -3.38551 1 0.535165 0.276354
-0.376738 -3.58442 1.44 0.537834 0.199504
-0.188627 -3.59922 1.44 0.517806 0.198155
-0.188627 -3.59922 1.44 0.517806 0.198155
-0.376738 -3.58442 1.44 0.537834 0.199504
-0.199095 -3.79895 1.96 0.520244 0.118719
-0.376738 -3.58442 1.44 0.537834 0.199504
-0.397643 -3.78332 1.96 0.540546 0.122373
-0.199095 -3.79895 1.96 0.520244 0.118719
-4.89859e-17 -0.8 -0 0.4928 0.876589
-0.0418688 -0.798904 -0 0.503277 0.876256
-6.12323e-17 -1 -0 0.491897 0.809608
-0.0418688 -0.798904 -0 0.503277 0.876256
-0.052336 -0.99863 -0 0.504793 0.809248
-6.12323e-17 -1 -0 0.491897 0.809608
-6.12323e-17 -1 -0 0.491897 0.809608
-0.052336 -0.99863 -0 0.504793 0.809248
-7.34788e-17 -1.2 -0 0.492335 0.748409
-0.052336 -0.99863 -0 0.504793 0.809248
-0.0628031 -1.19836 -0 0.505868 0.750334
-7.34788e-17 -1.2 -0 0.492335 0.748409
-7.34788e-17 -1.2 -0 0.492335 0.748409
-0.0628031 -1.19836 -0 0.505868 0.750334
-8.57253e-17 -1.4 -0 0.490882 0.695998
-0.0628031 -1.19836 -0 0.505868 0.750334
-0.0732703 -1.39808 -0 0.506637 0.698171
-8.57253e-17 -1.4 -0 0.490882 0.695998
-8.57253e-17 -1.4 -0 0.490882 0.695998
-0.0732703 -1.39808 -0 0.506637 0.698171
-9.79717e-17 -1.6 -0 0.491059 0.649437
-0.0732703 -1.39808 -0 0.506637 0.698171
-0.0837375 -1.59781 -0 0.505398 0.651874
-9.79717e-17 -1.6 -0 0.491059 0.649437
-9.79717e-17 -1.6 -0 0.491059 0.649437
-0.0837375 -1.59781 -0 0.505398 0.651874
-1.10218e-16 -1.8 -0 0.491175 0.611187
-0.0837375 -1.59781 -0 0.505398 0.651874
-0.0942047 -1.79753 -0 0.505731 0.613778
-1.10218e-16 -1.8 -0 0.491175 0.611187
-1.10218e-16 -1.8 -0 0.491175 0.611187
-0.0942047 -1.79753 -0 0.505731 0.613778
-1.22465e-16 -2 -0 0.489414 0.577204
-0.0942047 -1.79753 -0 0.505731 0.613778
-0.104672 -1.99726 -0 0.505964 0.579908
-1.22465e-16 -2 -0 0.489414 0.577204
-1.22465e-16 -2 -0 0.489414 0.577204
-0.104672 -1.99726 -0 0.505964 0.579908
-1.34711e-16 -2.2 -0 0.489456 0.548189
-0.104672 -1.99726 -0 0.505964 0.579908
-0.115139 -2.19699 -0 0.506128 0.548065
-1.34711e-16 -2.2 -0 0.489456 0.548189
-1.34711e-16 -2.2 -0 0.489456 0.548189
-0.115139 -2.19699 -0 0.506128 0.548065
-1.59459e-16 -2.60416 0.04 0.489506 0.491929
-0.115139 -2.19699 -0 0.506128 0.548065
-0.136291 -2.60059 0.04 0.50628 0.494863
-1.59459e-16 -2.60416 0.04 0.489506 0.491929
-1.59459e-16 -2.60416 0.04 0.489506 0.491929
-0.136291 -2.60059 0.04 0.50628 0.494863
-1.71705e-16 -2.80416 0.16 0.489515 0.453111
-0.136291 -2.60059 0.04 0.50628 0.494863
-0.146759 -2.80032 0.16 0.508148 0.453128
-1.71705e-16 -2.80416 0.16 0.489515 0.453111
-1.71705e-16 -2.80416 0.16 0.489515 0.453111
-0.146759 -2.80032 0.16 0.508148 0.453128
-1.83952e-16 -3.00416 0.36 0.491349 0.399837
-0.146759 -2.80032 0.16 0.508148 0.453128
-0.157226 -3.00005 0.36 0.50987 0.402884
-1.83952e-16 -3.00416 0.36 0.491349 0.399837
-1.83952e-16 -3.00416 0.36 0.491349 0.399837
-0.157226 -3.00005 0.36 0.50987 0.402884
-1.96198e-16 -3.20416 0.64 0.493077 0.339636
-0.157226 -3.00005 0.36 0.50987 0.402884
-0.167693 -3.19977 0.64 0.511318 0.342682
-1.96198e-16 -3.20416 0.64 0.493077 0.339636
-1.96198e-16 -3.20416 0.64 0.493077 0.339636
-0.167693 -3.19977 0.64 0.511318 0.342682
-2.08445e-16 -3.40416 1 0.494603 0.269788
-0.167693 -3.19977 0.64 0.511318 0.342682
-0.17816 -3.3995 1 0.514088 0.272806
-2.08445e-16 -3.40416 1 0.494603 0.269788
-2.08445e-16 -3.40416 1 0.494603 0.269788
-0.17816 -3.3995 1 0.514088 0.272806
-2.20691e-16 -3.60416 1.44 0.497523 0.195179
-0.17816 -3.3995 1 0.514088 0.272806
-0.188627 -3.59922 1.44 0.517806 0.198155
-2.20691e-16 -3.60416 1.44 0.497523 0.195179
-2.20691e-16 -3.60416 1.44 0.497523 0.195179
-0.188627 -3.59922 1.44 0.517806 0.198155
-2.32938e-16 -3.80416 1.96 0.499772 0.115867
-0.188627 -3.59922 1.44 0.517806 0.198155
-0.199095 -3.79895 1.96 0.520244 0.118719
-2.32938e-16 -3.80416 1.96 0.499772 0.115867
0.0418688 -0.798904 -0 0.482307 0.876686
-4.89859e-17 -0.8 -0 0.4928 0.876589
0.052336 -0.99863 -0 0.478978 0.80966
-4.89859e-17 -0.8 -0 0.4928 0.876589
-6.12323e-17 -1 -0 0.491897 0.809608
0.052336 -0.99863 -0 0.478978 0.80966
0.052336 -0.99863 -0 0.478978 0.80966
-6.12323e-17 -1 -0 0.491897 0.809608
0.0628031 -1.19836 -0 0.47704 0.748446
-6.12323e-17 -1 -0 0.491897 0.809608
-7.34788e-17 -1.2 -0 0.492335 0.748409
0.0628031 -1.19836 -0 0.47704 0.748446
0.0628031 -1.19836 -0 0.47704 0.748446
-7.34788e-17 -1.2 -0 0.492335 0.748409
0.0732703 -1.39808 -0 0.476821 0.696013
-7.34788e-17 -1.2 -0 0.492335 0.748409
-8.57253e-17 -1.4 -0 0.490882 0.695998
0.0732703 -1.39808 -0 0.476821 0.696013
0.0732703 -1.39808 -0 0.476821 0.696013
-8.57253e-17 -1.4 -0 0.490882 0.695998
0.0837375 -1.59781 -0 0.47487 0.649439
-8.57253e-17 -1.4 -0 0.490882 0.695998
-9.79717e-17 -1.6 -0 0.491059 0.649437
0.0837375 -1.59781 -0 0.47487 0.649439
0.0837375 -1.59781 -0 0.47487 0.649439
-9.79717e-17 -1.6 -0 0.491059 0.649437
0.0942047 -1.79753 -0 0.474745 0.611192
-9.79717e-17 -1.6 -0 0.491059 0.649437
-1.10218e-16 -1.8 -0 0.491175 0.611187
0.0942047 -1.79753 -0 0.474745 0.611192
0.0942047 -1.79753 -0 0.474745 0.611192
-1.10218e-16 -1.8 -0 0.491175 0.611187
0.104672 -1.99726 -0 0.472819 0.577193
-1.10218e-16 -1.8 -0 0.491175 0.611187
-1.22465e-16 -2 -0 0.489414 0.577204
0.104672 -1.99726 -0 0.472819 0.577193
0.104672 -1.99726 -0 0.472819 0.577193
-1.22465e-16 -2 -0 0.489414 0.577204
0.115139 -2.19699 -0 0.472756 0.548186
-1.22465e-16 -2 -0 0.489414 0.577204
-1.34711e-16 -2.2 -0 0.489456 0.548189
0.115139 -2.19699 -0 0.472756 0.548186
0.115139 -2.19699 -0 0.472756 0.548186
-1.34711e-16 -2.2 -0 0.489456 0.548189
0.136291 -2.60059 0.04 0.470833 0.49194
-1.34711e-16 -2.2 -0 0.489456 0.548189
-1.59459e-16 -2.60416 0.04 0.489506 0.491929
0.136291 -2.60059 0.04 0.470833 0.49194
0.136291 -2.60059 0.04 0.470833 0.49194
-1.59459e-16 -2.60416 0.04 0.489506 0.491929
0.146759 -2.80032 0.16 0.472713 0.450154
-1.59459e-16 -2.60416 0.04 0.489506 0.491929
-1.71705e-16 -2.80416 0.16 0.489515 0.453111
0.146759 -2.80032 0.16 0.472713 0.450154
0.146759 -2.80032 0.16 0.472713 0.450154
-1.71705e-16 -2.80416 0.16 0.489515 0.453111
0.157226 -3.00005 0.36 0.472793 0.399873
-1.71705e-16 -2.80416 0.16 0.489515 0.453111
-1.83952e-16 -3.00416 0.36 0.491349 0.399837
0.157226 -3.00005 0.36 0.472793 0.399873
0.157226 -3.00005 0.36 0.472793 0.399873
-1.83952e-16 -3.00416 0.36 0.491349 0.399837
0.167693 -3.19977 0.64 0.472979 0.339672
-1.83952e-16 -3.00416 0.36 0.491349 0.399837
-1.96198e-16 -3.20416 0.64 0.493077 0.339636
0.167693 -3.19977 0.64 0.472979 0.339672
0.167693 -3.19977 0.64 0.472979 0.339672
-1.96198e-16 -3.20416 0.64 0.493077 0.339636
0.17816 -3.3995 1 0.475086 0.269788
-1.96198e-16 -3.20416 0.64 0.493077 0.339636
-2.08445e-16 -3.40416 1 0.494603 0.269788
0.17816 -3.3995 1 0.475086 0.269788
0.17816 -3.3995 1 0.475086 0.269788
-2.08445e-16 -3.40416 1 0.494603 0.269788
0.188627 -3.59922 1.44 0.477213 0.192853
-2.08445e-16 -3.40416 1 0.494603 0.269788
-2.20691e-16 -3.60416 1.44 0.497523 0.195179
0.188627 -3.59922 1.44 0.477213 0.192853
0.188627 -3.59922 1.44 0.477213 0.192853
-2.20691e-16 -3.60416 1.44 0.497523 0.195179
0.199095 -3.79895 1.96 0.479271 0.113841
-2.20691e-16 -3.60416 1.44 0.497523 0.195179
-2.32938e-16 -3.80416 1.96 0.499772 0.115867
0.199095 -3.79895 1.96 0.479271 0.113841
0.0836228 -0.795618 -0 0.47032 0.876504
0.0418688 -0.798904 -0 0.482307 0.876686
0.104528 -0.994522 -0 0.467684 0.809453
0.0418688 -0.798904 -0 0.482307 0.876686
0.052336 -0.99863 -0 0.478978 0.80966
0.104528 -0.994522 -0 0.467684 0.809453
0.104528 -0.994522 -0 0.467684 0.809453
0.052336 -0.99863 -0 0.478978 0.80966
0.125434 -1.19343 -0 0.463465 0.748175
0.052336 -0.99863 -0 0.478978 0.80966
0.0628031 -1.19836 -0 0.47704 0.748446
0.125434 -1.19343 -0 0.463465 0.748175
0.125434 -1.19343 -0 0.463465 0.748175
0.0628031 -1.19836 -0 0.47704 0.748446
0.14634 -1.39233 -0 0.461033 0.695728
0.0628031 -1.19836 -0 0.47704 0.748446
0.0732703 -1.39808 -0 0.476821 0.696013
0.14634 -1.39233 -0 0.461033 0.695728
0.14634 -1.39233 -0 0.461033 0.695728
0.0732703 -1.39808 -0 0.476821 0.696013
0.167246 -1.59124 -0 0.458722 0.649172
0.0732703 -1.39808 -0 0.476821 0.696013
0.0837375 -1.59781 -0 0.47487 0.649439
0.167246 -1.59124 -0 0.458722 0.649172
0.167246 -1.59124 -0 0.458722 0.649172
0.0837375 -1.59781 -0 0.47487 0.649439
0.188151 -1.79014 -0 0.45836 0.610975
0.0837375 -1.59781 -0 0.47487 0.649439
0.0942047 -1.79753 -0 0.474745 0.611192
0.188151 -1.79014 -0 0.45836 0.610975
0.188151 -1.79014 -0 0.45836 0.610975
0.0942047 -1.79753 -0 0.474745 0.611192
0.209057 -1.98904 -0 0.45628 0.577008
0.0942047 -1.79753 -0 0.474745 0.611192
0.104672 -1.99726 -0 0.472819 0.577193
0.209057 -1.98904 -0 0.45628 0.577008
0.209057 -1.98904 -0 0.45628 0.577008
0.104672 -1.99726 -0 0.472819 0.577193
0.229963 -2.18795 -0 0.456113 0.548054
0.104672 -1.99726 -0 0.472819 0.577193
0.115139 -2.19699 -0 0.472756 0.548186
0.229963 -2.18795 -0 0.456113 0.548054
0.229963 -2.18795 -0 0.456113 0.548054
0.115139 -2.19699 -0 0.472756 0.548186
0.272209 -2.5899 0.04 0.454097 0.491917
0.115139 -2.19699 -0 0.472756 0.548186
0.136291 -2.60059 0.04 0.470833 0.49194
0.272209 -2.5899 0.04 0.454097 0.491917
0.272209 -2.5899 0.04 0.454097 0.491917
0.136291 -2.60059 0.04 0.470833 0.49194
0.293115 -2.7888 0.16 0.454117 0.450231
0.136291 -2.60059 0.04 0.470833 0.49194
0.146759 -2.80032 0.16 0.472713 0.450154
0.293115 -2.7888 0.16 0.454117 0.450231
0.293115 -2.7888 0.16 0.454117 0.450231
0.146759 -2.80032 0.16 0.472713 0.450154
0.314021 -2.98771 0.36 0.454308 0.400065
0.146759 -2.80032 0.16 0.472713 0.450154
0.157226 -3.00005 0.36 0.472793 0.399873
0.314021 -2.98771 0.36 0.454308 0.400065
0.314021 -2.98771 0.36 0.454308 0.400065
0.157226 -3.00005 0.36 0.472793 0.399873
0.334926 -3.18661 0.64 0.45299 0.337246
0.157226 -3.00005 0.36 0.472793 0.399873
0.167693 -3.19977 0.64 0.472979 0.339672
0.334926 -3.18661 0.64 0.45299 0.337246
0.334926 -3.18661 0.64 0.45299 0.337246
0.167693 -3.19977 0.64 0.472979 0.339672
0.355832 -3.38551 1 0.453907 0.267742
0.167693 -3.19977 0.64 0.472979 0.339672
0.17816 -3.3995 1 0.475086 0.269788
0.355832 -3.38551 1 0.453907 0.267742
0.355832 -3.38551 1 0.453907 0.267742
0.17816 -3.3995 1 0.475086 0.269788
0.376738 -3.58442 1.44 0.455339 0.191263
0.17816 -3.3995 1 0.475086 0.269788
0.188627 -3.59922 1.44 0.477213 0.192853
0.376738 -3.58442 1.44 0.455339 0.191263
0.376738 -3.58442 1.44 0.455339 0.191263
0.188627 -3.59922 1.44 0.477213 0.192853
0.397643 -3.78332 1.96 0.45888 0.112647
0.188627 -3.59922 1.44 0.477213 0.192853
0.199095 -3.79895 1.96 0.479271 0.113841
0.397643 -3.78332 1.96 0.45888 0.112647
0.125148 -0.790151 -0 0.459904 0.877667
0.0836228 -0.795618 -0 0.47032 0.876504
0.156434 -0.987688 -0 0.454873 0.810879
0.0836228 -0.795618 -0 0.47032 0.876504
0.104528 -0.994522 -0 0.467684 0.809453
0.156434 -0.987688 -0 0.454873 0.810879
0.156434 -0.987688 -0 0.454873 0.810879
0.104528 -0.994522 -0 0.467684 0.809453
0.187721 -1.18523 -0 0.450008 0.74988
0.104528 -0.994522 -0 0.467684 0.809453
0.125434 -1.19343 -0 0.463465 0.748175
0.187721 -1.18523 -0 0.450008 0.74988
0.187721 -1.18523 -0 0.450008 0.74988
0.125434 -1.19343 -0 0.463465 0.748175
0.219008 -1.38276 -0 0.44713 0.697698
0.125434 -1.19343 -0 0.463465 0.748175
0.14634 -1.39233 -0 0.461033 0.695728
0.219008 -1.38276 -0 0.44713 0.697698
0.219008 -1.38276 -0 0.44713 0.697698
0.14634 -1.39233 -0 0.461033 0.695728
0.250295 -1.5803 -0 0.444508 0.65137
0.14634 -1.39233 -0 0.461033 0.695728
0.167246 -1.59124 -0 0.458722 0.649172
0.250295 -1.5803 -0 0.444508 0.65137
0.250295 -1.5803 -0 0.444508 0.65137
0.167246 -1.59124 -0 0.458722 0.649172
0.281582 -1.77784 -0 0.442096 0.610541
0.167246 -1.59124 -0 0.458722 0.649172
0.188151 -1.79014 -0 0.45836 0.610975
0.281582 -1.77784 -0 0.442096 0.610541
0.281582 -1.77784 -0 0.442096 0.610541
0.188151 -1.79014 -0 0.45836 0.610975
0.312869 -1.97538 -0 0.439878 0.576655
0.188151 -1.79014 -0 0.45836 0.610975
0.209057 -1.98904 -0 0.45628 0.577008
0.312869 -1.97538 -0 0.439878 0.576655
0.312869 -1.97538 -0 0.439878 0.576655
0.209057 -1.98904 -0 0.45628 0.577008
0.344156 -2.17291 -0 0.437791 0.547763
0.209057 -1.98904 -0 0.45628 0.577008
0.229963 -2.18795 -0 0.456113 0.548054
0.344156 -2.17291 -0 0.437791 0.547763
0.344156 -2.17291 -0 0.437791 0.547763
0.229963 -2.18795 -0 0.456113 0.548054
0.407381 -2.5721 0.04 0.435688 0.491856
0.229963 -2.18795 -0 0.456113 0.548054
0.272209 -2.5899 0.04 0.454097 0.491917
0.407381 -2.5721 0.04 0.435688 0.491856
0.407381 -2.5721 0.04 0.435688 0.491856
0.272209 -2.5899 0.04 0.454097 0.491917
0.438668 -2.76964 0.16 0.435713 0.450358
0.272209 -2.5899 0.04 0.454097 0.491917
0.293115 -2.7888 0.16 0.454117 0.450231
0.438668 -2.76964 0.16 0.435713 0.450358
0.438668 -2.76964 0.16 0.435713 0.450358
0.293115 -2.7888 0.16 0.454117 0.450231
0.469955 -2.96718 0.36 0.434193 0.400453
0.293115 -2.7888 0.16 0.454117 0.450231
0.314021 -2.98771 0.36 0.454308 0.400065
0.469955 -2.96718 0.36 0.434193 0.400453
0.469955 -2.96718 0.36 0.434193 0.400453
0.314021 -2.98771 0.36 0.454308 0.400065
0.501242 -3.16471 0.64 0.434995 0.337857
0.314021 -2.98771 0.36 0.454308 0.400065
0.334926 -3.18661 0.64 0.45299 0.337246
0.501242 -3.16471 0.64 0.434995 0.337857
0.501242 -3.16471 0.64 0.434995 0.337857
0.334926 -3.18661 0.64 0.45299 0.337246
0.532528 -3.36225 1 0.434681 0.268678
0.334926 -3.18661 0.64 0.45299 0.337246
0.355832 -3.38551 1 0.453907 0.267742
0.532528 -3.36225 1 0.434681 0.268678
0.532528 -3.36225 1 0.434681 0.268678
0.355832 -3.38551 1 0.453907 0.267742
0.563815 -3.55979 1.44 0.435418 0.190305
0.355832 -3.38551 1 0.453907 0.267742
0.376738 -3.58442 1.44 0.455339 0.191263
0.563815 -3.55979 1.44 0.435418 0.190305
0.563815 -3.55979 1.44 0.435418 0.190305
0.376738 -3.58442 1.44 0.455339 0.191263
0.595102 -3.75733 1.96 0.437194 0.112416
0.376738 -3.58442 1.44 0.455339 0.191263
0.397643 -3.78332 1.96 0.45888 0.112647
0.595102 -3.75733 1.96 0.437194 0.112416
0.166329 -0.782518 -0 0.44964 0.880146
0.125148 -0.790151 -0 0.459904 0.877667
0.207912 -0.978148 -0 0.442187 0.811991
0.125148 -0.790151 -0 0.459904 0.877667
0.156434 -0.987688 -0 0.454873 0.810879
0.207912 -0.978148 -0 0.442187 0.811991
0.207912 -0.978148 -0 0.442187 0.811991
0.156434 -0.987688 -0 0.454873 0.810879
0.249494 -1.17378 -0 0.436698 0.751291
0.156434 -0.987688 -0 0.454873 0.810879
0.187721 -1.18523 -0 0.450008 0.74988
0.249494 -1.17378 -0 0.436698 0.751291
0.249494 -1.17378 -0 0.436698 0.751291
0.187721 -1.18523 -0 0.450008 0.74988
0.291076 -1.36941 -0 0.431674 0.699292
0.187721 -1.18523 -0 0.450008 0.74988
0.219008 -1.38276 -0 0.44713 0.697698
0.291076 -1.36941 -0 0.431674 0.699292
0.291076 -1.36941 -0 0.431674 0.699292
0.219008 -1.38276 -0 0.44713 0.697698
0.332659 -1.56504 -0 0.428717 0.653242
0.219008 -1.38276 -0 0.44713 0.697698
0.250295 -1.5803 -0 0.444508 0.65137
0.332659 -1.56504 -0 0.428717 0.653242
0.332659 -1.56504 -0 0.428717 0.653242
0.250295 -1.5803 -0 0.444508 0.65137
0.374241 -1.76067 -0 0.426082 0.612662
0.250295 -1.5803 -0 0.444508 0.65137
0.281582 -1.77784 -0 0.442096 0.610541
0.374241 -1.76067 -0 0.426082 0.612662
0.374241 -1.76067 -0 0.426082 0.612662
0.281582 -1.77784 -0 0.442096 0.610541
0.415823 -1.9563 -0 0.423731 0.578985
0.281582 -1.77784 -0 0.442096 0.610541
0.312869 -1.97538 -0 0.439878 0.576655
0.415823 -1.9563 -0 0.423731 0.578985
0.415823 -1.9563 -0 0.423731 0.578985
0.312869 -1.97538 -0 0.439878 0.576655
0.457406 -2.15192 -0 0.421569 0.55027
0.312869 -1.97538 -0 0.439878 0.576655
0.344156 -2.17291 -0 0.437791 0.547763
0.457406 -2.15192 -0 0.421569 0.55027
0.457406 -2.15192 -0 0.421569 0.55027
0.344156 -2.17291 -0 0.437791 0.547763
0.541436 -2.54726 0.04 0.419373 0.491771
0.344156 -2.17291 -0 0.437791 0.547763
0.407381 -2.5721 0.04 0.435688 0.491856
0.541436 -2.54726 0.04 0.419373 0.491771
0.541436 -2.54726 0.04 0.419373 0.491771
0.407381 -2.5721 0.04 0.435688 0.491856
0.583018 -2.74289 0.16 0.417608 0.450531
0.407381 -2.5721 0.04 0.435688 0.491856
0.438668 -2.76964 0.16 0.435713 0.450358
0.583018 -2.74289 0.16 0.417608 0.450531
0.583018 -2.74289 0.16 0.417608 0.450531
0.438668 -2.76964 0.16 0.435713 0.450358
0.624601 -2.93851 0.36 0.416219 0.400952
0.438668 -2.76964 0.16 0.435713 0.450358
0.469955 -2.96718 0.36 0.434193 0.400453
0.624601 -2.93851 0.36 0.416219 0.400952
0.624601 -2.93851 0.36 0.416219 0.400952
0.469955 -2.96718 0.36 0.434193 0.400453
0.666183 -3.13414 0.64 0.415529 0.338815
0.469955 -2.96718 0.36 0.434193 0.400453
0.501242 -3.16471 0.64 0.434995 0.337857
0.666183 -3.13414 0.64 0.415529 0.338815
0.666183 -3.13414 0.64 0.415529 0.338815
0.501242 -3.16471 0.64 0.434995 0.337857
0.707765 -3.32977 1 0.414157 0.267647
0.501242 -3.16471 0.64 0.434995 0.337857
0.532528 -3.36225 1 0.434681 0.268678
0.707765 -3.32977 1 0.414157 0.267647
0.707765 -3.32977 1 0.414157 0.267647
0.532528 -3.36225 1 0.434681 0.268678
0.749348 -3.5254 1.44 0.41577 0.192172
0.532528 -3.36225 1 0.434681 0.268678
0.563815 -3.55979 1.44 0.435418 0.190305
0.749348 -3.5254 1.44 0.41577 0.192172
0.749348 -3.5254 1.44 0.41577 0.192172
0.563815 -3.55979 1.44 0.435418 0.190305
0.79093 -3.72103 1.96 0.417456 0.112891
0.563815 -3.55979 1.44 0.435418 0.190305
0.595102 -3.75733 1.96 0.437194 0.112416
0.79093 -3.72103 1.96 0.417456 0.112891
0.207055 -0.772741 -0 0.438057 0.882218
0.166329 -0.782518 -0 0.44964 0.880146
0.258819 -0.965926 -0 0.429759 0.814711
0.166329 -0.782518 -0 0.44964 0.880146
0.207912 -0.978148 -0 0.442187 0.811991
0.258819 -0.965926 -0 0.429759 0.814711
0.258819 -0.965926 -0 0.429759 0.814711
0.207912 -0.978148 -0 0.442187 0.811991
0.310583 -1.15911 -0 0.422034 0.754474
0.207912 -0.978148 -0 0.442187 0.811991
0.249494 -1.17378 -0 0.436698 0.751291
0.310583 -1.15911 -0 0.422034 0.754474
0.310583 -1.15911 -0 0.422034 0.754474
0.249494 -1.17378 -0 0.436698 0.751291
0.362347 -1.3523 -0 0.416475 0.700563
0.249494 -1.17378 -0 0.436698 0.751291
0.291076 -1.36941 -0 0.431674 0.699292
0.362347 -1.3523 -0 0.416475 0.700563
0.362347 -1.3523 -0 0.416475 0.700563
0.291076 -1.36941 -0 0.431674 0.699292
0.41411 -1.54548 -0 0.413201 0.654836
0.291076 -1.36941 -0 0.431674 0.699292
0.332659 -1.56504 -0 0.428717 0.653242
0.41411 -1.54548 -0 0.413201 0.654836
0.41411 -1.54548 -0 0.413201 0.654836
0.332659 -1.56504 -0 0.428717 0.653242
0.465874 -1.73867 -0 0.408625 0.614444
0.332659 -1.56504 -0 0.428717 0.653242
0.374241 -1.76067 -0 0.426082 0.612662
0.465874 -1.73867 -0 0.408625 0.614444
0.465874 -1.73867 -0 0.408625 0.614444
0.374241 -1.76067 -0 0.426082 0.612662
0.517638 -1.93185 -0 0.406142 0.581038
0.374241 -1.76067 -0 0.426082 0.612662
0.415823 -1.9563 -0 0.423731 0.578985
0.517638 -1.93185 -0 0.406142 0.581038
0.517638 -1.93185 -0 0.406142 0.581038
0.415823 -1.9563 -0 0.423731 0.578985
0.569402 -2.12504 -0 0.403869 0.549695
0.415823 -1.9563 -0 0.423731 0.578985
0.457406 -2.15192 -0 0.421569 0.55027
0.569402 -2.12504 -0 0.403869 0.549695
0.569402 -2.12504 -0 0.403869 0.549695
0.457406 -2.15192 -0 0.421569 0.55027
0.674007 -2.51543 0.04 0.401623 0.494566
0.457406 -2.15192 -0 0.421569 0.55027
0.541436 -2.54726 0.04 0.419373 0.491771
0.674007 -2.51543 0.04 0.401623 0.494566
0.674007 -2.51543 0.04 0.401623 0.494566
0.541436 -2.54726 0.04 0.419373 0.491771
0.725771 -2.70861 0.16 0.398135 0.453684
0.541436 -2.54726 0.04 0.419373 0.491771
0.583018 -2.74289 0.16 0.417608 0.450531
0.725771 -2.70861 0.16 0.398135 0.453684
0.725771 -2.70861 0.16 0.398135 0.453684
0.583018 -2.74289 0.16 0.417608 0.450531
0.777535 -2.9018 0.36 0.396903 0.40165
0.583018 -2.74289 0.16 0.417608 0.450531
0.624601 -2.93851 0.36 0.416219 0.400952
0.777535 -2.9018 0.36 0.396903 0.40165
0.777535 -2.9018 0.36 0.396903 0.40165
0.624601 -2.93851 0.36 0.416219 0.400952
0.829298 -3.09498 0.64 0.394814 0.340174
0.624601 -2.93851 0.36 0.416219 0.400952
0.666183 -3.13414 0.64 0.415529 0.338815
0.829298 -3.09498 0.64 0.394814 0.340174
0.829298 -3.09498 0.64 0.394814 0.340174
0.666183 -3.13414 0.64 0.415529 0.338815
0.881062 -3.28817 1 0.394074 0.269619
0.666183 -3.13414 0.64 0.415529 0.338815
0.707765 -3.32977 1 0.414157 0.267647
0.881062 -3.28817 1 0.394074 0.269619
0.881062 -3.28817 1 0.394074 0.269619
0.707765 -3.32977 1 0.414157 0.267647
0.932826 -3.48135 1.44 0.395127 0.192651
0.707765 -3.32977 1 0.414157 0.267647
0.749348 -3.5254 1.44 0.41577 0.192172
0.932826 -3.48135 1.44 0.395127 0.192651
0.932826 -3.48135 1.44 0.395127 0.192651
0.749348 -3.5254 1.44 0.41577 0.192172
0.98459 -3.67454 1.96 0.396906 0.112593
0.749348 -3.5254 1.44 0.41577 0.192172
0.79093 -3.72103 1.96 0.417456 0.112891
0.98459 -3.67454 1.96 0.396906 0.112593
0.247214 -0.760845 -0 0.428107 0.884145
0.207055 -0.772741 -0 0.438057 0.882218
0.309017 -0.951057 -0 0.417561 0.817098
0.207055 -0.772741 -0 0.438057 0.882218
0.258819 -0.965926 -0 0.429759 0.814711
0.309017 -0.951057 -0 0.417561 0.817098
0.309017 -0.951057 -0 0.417561 0.817098
0.258819 -0.965926 -0 0.429759 0.814711
0.37082 -1.14127 -0 0.409293 0.75746
0.258819 -0.965926 -0 0.429759 0.814711
0.310583 -1.15911 -0 0.422034 0.754474
0.37082 -1.14127 -0 0.409293 0.75746
0.37082 -1.14127 -0 0.409293 0.75746
0.310583 -1.15911 -0 0.422034 0.754474
0.432624 -1.33148 -0 0.401697 0.703946
0.310583 -1.15911 -0 0.422034 0.754474
0.362347 -1.3523 -0 0.416475 0.700563
0.432624 -1.33148 -0 0.401697 0.703946
0.432624 -1.33148 -0 0.401697 0.703946
0.362347 -1.3523 -0 0.416475 0.700563
0.494427 -1.52169 -0 0.396441 0.65859
0.362347 -1.3523 -0 0.416475 0.700563
0.41411 -1.54548 -0 0.413201 0.654836
0.494427 -1.52169 -0 0.396441 0.65859
0.494427 -1.52169 -0 0.396441 0.65859
0.41411 -1.54548 -0 0.413201 0.654836
0.556231 -1.7119 -0 0.393374 0.618791
0.41411 -1.54548 -0 0.413201 0.654836
0.465874 -1.73867 -0 0.408625 0.614444
0.556231 -1.7119 -0 0.393374 0.618791
0.556231 -1.7119 -0 0.393374 0.618791
0.465874 -1.73867 -0 0.408625 0.614444
0.618034 -1.90211 -0 0.390702 0.582974
0.465874 -1.73867 -0 0.408625 0.614444
0.517638 -1.93185 -0 0.406142 0.581038
0.618034 -1.90211 -0 0.390702 0.582974
0.618034 -1.90211 -0 0.390702 0.582974
0.517638 -1.93185 -0 0.406142 0.581038
0.679837 -2.09232 -0 0.386713 0.554672
0.517638 -1.93185 -0 0.406142 0.581038
0.569402 -2.12504 -0 0.403869 0.549695
0.679837 -2.09232 -0 0.386713 0.554672
0.679837 -2.09232 -0 0.386713 0.554672
0.569402 -2.12504 -0 0.403869 0.549695
0.804731 -2.47671 0.04 0.382643 0.49725
0.569402 -2.12504 -0 0.403869 0.549695
0.674007 -2.51543 0.04 0.401623 0.494566
0.804731 -2.47671 0.04 0.382643 0.49725
0.804731 -2.47671 0.04 0.382643 0.49725
0.674007 -2.51543 0.04 0.401623 0.494566
0.866534 -2.66692 0.16 0.38093 0.456796
0.674007 -2.51543 0.04 0.401623 0.494566
0.725771 -2.70861 0.16 0.398135 0.453684
0.866534 -2.66692 0.16 0.38093 0.456796
0.866534 -2.66692 0.16 0.38093 0.456796
0.725771 -2.70861 0.16 0.398135 0.453684
0.928337 -2.85713 0.36 0.378112 0.405317
0.725771 -2.70861 0.16 0.398135 0.453684
0.777535 -2.9018 0.36 0.396903 0.40165
0.928337 -2.85713 0.36 0.378112 0.405317
0.928337 -2.85713 0.36 0.378112 0.405317
0.777535 -2.9018 0.36 0.396903 0.40165
0.990141 -3.04734 0.64 0.376409 0.341676
0.777535 -2.9018 0.36 0.396903 0.40165
0.829298 -3.09498 0.64 0.394814 0.340174
0.990141 -3.04734 0.64 0.376409 0.341676
0.990141 -3.04734 0.64 0.376409 0.341676
0.829298 -3.09498 0.64 0.394814 0.340174
1.05194 -3.23755 1 0.374612 0.272007
0.829298 -3.09498 0.64 0.394814 0.340174
0.881062 -3.28817 1 0.394074 0.269619
1.05194 -3.23755 1 0.374612 0.272007
1.05194 -3.23755 1 0.374612 0.272007
0.881062 -3.28817 1 0.394074 0.269619
1.11375 -3.42776 1.44 0.373667 0.194045
0.881062 -3.28817 1 0.394074 0.269619
0.932826 -3.48135 1.44 0.395127 0.192651
1.11375 -3.42776 1.44 0.373667 0.194045
1.11375 -3.42776 1.44 0.373667 0.194045
0.932826 -3.48135 1.44 0.395127 0.192651
1.17555 -3.61797 1.96 0.375698 0.113427
0.932826 -3.48135 1.44 0.395127 0.192651
0.98459 -3.67454 1.96 0.396906 0.112593
1.17555 -3.61797 1.96 0.375698 0.113427
0.286694 -0.746864 -0 0.417172 0.888606
0.247214 -0.760845 -0 0.428107 0.884145
0.358368 -0.93358 -0 0.404253 0.820794
0.247214 -0.760845 -0 0.428107 0.884145
0.309017 -0.951057 -0 0.417561 0.817098
0.358368 -0.93358 -0 0.404253 0.820794
0.358368 -0.93358 -0 0.404253 0.820794
0.309017 -0.951057 -0 0.417561 0.817098
0.430042 -1.1203 -0 0.395415 0.762061
0.309017 -0.951057 -0 0.417561 0.817098
0.37082 -1.14127 -0 0.409293 0.75746
0.430042 -1.1203 -0 0.395415 0.762061
0.430042 -1.1203 -0 0.395415 0.762061
0.37082 -1.14127 -0 0.409293 0.75746
0.501715 -1.30701 -0 0.387311 0.706977
0.37082 -1.14127 -0 0.409293 0.75746
0.432624 -1.33148 -0 0.401697 0.703946
0.501715 -1.30701 -0 0.387311 0.706977
0.501715 -1.30701 -0 0.387311 0.706977
0.432624 -1.33148 -0 0.401697 0.703946
0.573389 -1.49373 -0 0.381811 0.662157
0.432624 -1.33148 -0 0.401697 0.703946
0.494427 -1.52169 -0 0.396441 0.65859
0.573389 -1.49373 -0 0.381811 0.662157
0.573389 -1.49373 -0 0.381811 0.662157
0.494427 -1.52169 -0 0.396441 0.65859
0.645062 -1.68044 -0 0.376912 0.622699
0.494427 -1.52169 -0 0.396441 0.65859
0.556231 -1.7119 -0 0.393374 0.618791
0.645062 -1.68044 -0 0.376912 0.622699
0.645062 -1.68044 -0 0.376912 0.622699
0.556231 -1.7119 -0 0.393374 0.618791
0.716736 -1.86716 -0 0.374105 0.587356
0.556231 -1.7119 -0 0.393374 0.618791
0.618034 -1.90211 -0 0.390702 0.582974
0.716736 -1.86716 -0 0.374105 0.587356
0.716736 -1.86716 -0 0.374105 0.587356
0.618034 -1.90211 -0 0.390702 0.582974
0.788409 -2.05388 -0 0.370045 0.556606
0.618034 -1.90211 -0 0.390702 0.582974
0.679837 -2.09232 -0 0.386713 0.554672
0.788409 -2.05388 -0 0.370045 0.556606
0.788409 -2.05388 -0 0.370045 0.556606
0.679837 -2.09232 -0 0.386713 0.554672
0.933249 -2.4312 0.04 0.365956 0.499854
0.679837 -2.09232 -0 0.386713 0.554672
0.804731 -2.47671 0.04 0.382643 0.49725
0.933249 -2.4312 0.04 0.365956 0.499854
0.933249 -2.4312 0.04 0.365956 0.499854
0.804731 -2.47671 0.04 0.382643 0.49725
1.00492 -2.61791 0.16 0.362632 0.459889
0.804731 -2.47671 0.04 0.382643 0.49725
0.866534 -2.66692 0.16 0.38093 0.456796
1.00492 -2.61791 0.16 0.362632 0.459889
1.00492 -2.61791 0.16 0.362632 0.459889
0.866534 -2.66692 0.16 0.38093 0.456796
1.0766 -2.80463 0.36 0.360022 0.406234
0.866534 -2.66692 0.16 0.38093 0.456796
0.928337 -2.85713 0.36 0.378112 0.405317
1.0766 -2.80463 0.36 0.360022 0.406234
1.0766 -2.80463 0.36 0.360022 0.406234
0.928337 -2.85713 0.36 0.378112 0.405317
1.14827 -2.99134 0.64 0.356959 0.346231
0.928337 -2.85713 0.36 0.378112 0.405317
0.990141 -3.04734 0.64 0.376409 0.341676
1.14827 -2.99134 0.64 0.356959 0.346231
1.14827 -2.99134 0.64 0.356959 0.346231
0.990141 -3.04734 0.64 0.376409 0.341676
1.21994 -3.17806 1 0.354489 0.272549
0.990141 -3.04734 0.64 0.376409 0.341676
1.05194 -3.23755 1 0.374612 0.272007
1.21994 -3.17806 1 0.354489 0.272549
1.21994 -3.17806 1 0.354489 0.272549
1.05194 -3.23755 1 0.374612 0.272007
1.29162 -3.36478 1.44 0.35313 0.196093
1.05194 -3.23755 1 0.374612 0.272007
1.11375 -3.42776 1.44 0.373667 0.194045
1.29162 -3.36478 1.44 0.35313 0.196093
1.29162 -3.36478 1.44 0.35313 0.196093
1.11375 -3.42776 1.44 0.373667 0.194045
1.36329 -3.55149 1.96 0.355445 0.115091
1.11375 -3.42776 1.44 0.373667 0.194045
1.17555 -3.61797 1.96 0.375698 0.113427
1.36329 -3.55149 1.96 0.355445 0.115091
0.325389 -0.730836 -0 0.406391 0.891212
0.286694 -0.746864 -0 0.417172 0.888606
0.406737 -0.913545 -0 0.392968 0.826145
0.286694 -0.746864 -0 0.417172 0.888606
0.358368 -0.93358 -0 0.404253 0.820794
0.406737 -0.913545 -0 0.392968 0.826145
0.406737 -0.913545 -0 0.392968 0.826145
0.358368 -0.93358 -0 0.404253 0.820794
0.488084 -1.09625 -0 0.381967 0.76623
0.358368 -0.93358 -0 0.404253 0.820794
0.430042 -1.1203 -0 0.395415 0.762061
0.488084 -1.09625 -0 0.381967 0.76623
0.488084 -1.09625 -0 0.381967 0.76623
0.430042 -1.1203 -0 0.395415 0.762061
0.569431 -1.27896 -0 0.373504 0.712016
0.430042 -1.1203 -0 0.395415 0.762061
0.501715 -1.30701 -0 0.387311 0.706977
0.569431 -1.27896 -0 0.373504 0.712016
0.569431 -1.27896 -0 0.373504 0.712016
0.501715 -1.30701 -0 0.387311 0.706977
0.650779 -1.46167 -0 0.366057 0.665201
0.501715 -1.30701 -0 0.387311 0.706977
0.573389 -1.49373 -0 0.381811 0.662157
0.650779 -1.46167 -0 0.366057 0.665201
0.650779 -1.46167 -0 0.366057 0.665201
0.573389 -1.49373 -0 0.381811 0.662157
0.732126 -1.64438 -0 0.361024 0.626282
0.573389 -1.49373 -0 0.381811 0.662157
0.645062 -1.68044 -0 0.376912 0.622699
0.732126 -1.64438 -0 0.361024 0.626282
0.732126 -1.64438 -0 0.361024 0.626282
0.645062 -1.68044 -0 0.376912 0.622699
0.813473 -1.82709 -0 0.356509 0.591306
0.645062 -1.68044 -0 0.376912 0.622699
0.716736 -1.86716 -0 0.374105 0.587356
0.813473 -1.82709 -0 0.356509 0.591306
0.813473 -1.82709 -0 0.356509 0.591306
0.716736 -1.86716 -0 0.374105 0.587356
0.894821 -2.0098 -0 0.354026 0.561125
0.716736 -1.86716 -0 0.374105 0.587356
0.788409 -2.05388 -0 0.370045 0.556606
0.894821 -2.0098 -0 0.354026 0.561125
0.894821 -2.0098 -0 0.354026 0.561125
0.788409 -2.05388 -0 0.370045 0.556606
1.05921 -2.37902 0.04 0.348309 0.505127
0.788409 -2.05388 -0 0.370045 0.556606
0.933249 -2.4312 0.04 0.365956 0.499854
1.05921 -2.37902 0.04 0.348309 0.505127
1.05921 -2.37902 0.04 0.348309 0.505127
0.933249 -2.4312 0.04 0.365956 0.499854
1.14056 -2.56173 0.16 0.345055 0.462924
0.933249 -2.4312 0.04 0.365956 0.499854
1.00492 -2.61791 0.16 0.362632 0.459889
1.14056 -2.56173 0.16 0.345055 0.462924
1.14056 -2.56173 0.16 0.345055 0.462924
1.00492 -2.61791 0.16 0.362632 0.459889
1.2219 -2.74444 0.36 0.34105 0.410102
1.00492 -2.61791 0.16 0.362632 0.459889
1.0766 -2.80463 0.36 0.360022 0.406234
1.2219 -2.74444 0.36 0.34105 0.410102
1.2219 -2.74444 0.36 0.34105 0.410102
1.0766 -2.80463 0.36 0.360022 0.406234
1.30325 -2.92715 0.64 0.336933 0.348465
1.0766 -2.80463 0.36 0.360022 0.406234
1.14827 -2.99134 0.64 0.356959 0.346231
1.30325 -2.92715 0.64 0.336933 0.348465
1.30325 -2.92715 0.64 0.336933 0.348465
1.14827 -2.99134 0.64 0.356959 0.346231
1.3846 -3.10986 1 0.333708 0.276207
1.14827 -2.99134 0.64 0.356959 0.346231
1.21994 -3.17806 1 0.354489 0.272549
1.3846 -3.10986 1 0.333708 0.276207
1.3846 -3.10986 1 0.333708 0.276207
1.21994 -3.17806 1 0.354489 0.272549
1.46595 -3.29257 1.44 0.333598 0.198707
1.21994 -3.17806 1 0.354489 0.272549
1.29162 -3.36478 1.44 0.35313 0.196093
1.46595 -3.29257 1.44 0.333598 0.198707
1.46595 -3.29257 1.44 0.333598 0.198707
1.29162 -3.36478 1.44 0.35313 0.196093
1.54729 -3.47528 1.96 0.335195 0.116185
1.29162 -3.36478 1.44 0.35313 0.196093
1.36329 -3.55149 1.96 0.355445 0.115091
1.54729 -3.47528 1.96 0.335195 0.116185
0.363192 -0.712805 -0 0.396231 0.896363
0.325389 -0.730836 -0 0.406391 0.891212
0.453991 -0.891007 -0 0.380619 0.830782
0.325389 -0.730836 -0 0.406391 0.891212
0.406737 -0.913545 -0 0.392968 0.826145
0.453991 -0.891007 -0 0.380619 0.830782
0.453991 -0.891007 -0 0.380619 0.830782
0.406737 -0.913545 -0 0.392968 0.826145
0.544789 -1.06921 -0 0.367494 0.769689
0.406737 -0.913545 -0 0.392968 0.826145
0.488084 -1.09625 -0 0.381967 0.76623
0.544789 -1.06921 -0 0.367494 0.769689
0.544789 -1.06921 -0 0.367494 0.769689
0.488084 -1.09625 -0 0.381967 0.76623
0.635587 -1.24741 -0 0.358853 0.718673
0.488084 -1.09625 -0 0.381967 0.76623
0.569431 -1.27896 -0 0.373504 0.712016
0.635587 -1.24741 -0 0.358853 0.718673
0.635587 -1.24741 -0 0.358853 0.718673
0.569431 -1.27896 -0 0.373504 0.712016
0.726385 -1.42561 -0 0.351044 0.670361
0.569431 -1.27896 -0 0.373504 0.712016
0.650779 -1.46167 -0 0.366057 0.665201
0.726385 -1.42561 -0 0.351044 0.670361
0.726385 -1.42561 -0 0.351044 0.670361
0.650779 -1.46167 -0 0.366057 0.665201
0.817183 -1.60381 -0 0.345877 0.632127
0.650779 -1.46167 -0 0.366057 0.665201
0.732126 -1.64438 -0 0.361024 0.626282
0.817183 -1.60381 -0 0.345877 0.632127
0.817183 -1.60381 -0 0.345877 0.632127
0.732126 -1.64438 -0 0.361024 0.626282
0.907981 -1.78201 -0 0.341292 0.597755
0.732126 -1.64438 -0 0.361024 0.626282
0.813473 -1.82709 -0 0.356509 0.591306
0.907981 -1.78201 -0 0.341292 0.597755
0.907981 -1.78201 -0 0.341292 0.597755
0.813473 -1.82709 -0 0.356509 0.591306
0.998779 -1.96021 -0 0.337125 0.565261
0.813473 -1.82709 -0 0.356509 0.591306
0.894821 -2.0098 -0 0.354026 0.561125
0.998779 -1.96021 -0 0.337125 0.565261
0.998779 -1.96021 -0 0.337125 0.565261
0.894821 -2.0098 -0 0.354026 0.561125
1.18227 -2.32033 0.04 0.33144 0.510184
0.894821 -2.0098 -0 0.354026 0.561125
1.05921 -2.37902 0.04 0.348309 0.505127
1.18227 -2.32033 0.04 0.33144 0.510184
1.18227 -2.32033 0.04 0.33144 0.510184
1.05921 -2.37902 0.04 0.348309 0.505127
1.27306 -2.49853 0.16 0.326751 0.468661
1.05921 -2.37902 0.04 0.348309 0.505127
1.14056 -2.56173 0.16 0.345055 0.462924
1.27306 -2.49853 0.16 0.326751 0.468661
1.27306 -2.49853 0.16 0.326751 0.468661
1.14056 -2.56173 0.16 0.345055 0.462924
1.36386 -2.67673 0.36 0.321469 0.416779
1.14056 -2.56173 0.16 0.345055 0.462924
1.2219 -2.74444 0.36 0.34105 0.410102
1.36386 -2.67673 0.36 0.321469 0.416779
1.36386 -2.67673 0.36 0.321469 0.416779
1.2219 -2.74444 0.36 0.34105 0.410102
1.45466 -2.85493 0.64 0.317835 0.353489
1.2219 -2.74444 0.36 0.34105 0.410102
1.30325 -2.92715 0.64 0.336933 0.348465
1.45466 -2.85493 0.64 0.317835 0.353489
1.45466 -2.85493 0.64 0.317835 0.353489
1.30325 -2.92715 0.64 0.336933 0.348465
1.54546 -3.03313 1 0.314069 0.280199
1.30325 -2.92715 0.64 0.336933 0.348465
1.3846 -3.10986 1 0.333708 0.276207
1.54546 -3.03313 1 0.314069 0.280199
1.54546 -3.03313 1 0.314069 0.280199
1.3846 -3.10986 1 0.333708 0.276207
1.63626 -3.21133 1.44 0.312537 0.202567
1.3846 -3.10986 1 0.333708 0.276207
1.46595 -3.29257 1.44 0.333598 0.198707
1.63626 -3.21133 1.44 0.312537 0.202567
1.63626 -3.21133 1.44 0.312537 0.202567
1.46595 -3.29257 1.44 0.333598 0.198707
1.72705 -3.38953 1.96 0.31352 0.120572
1.46595 -3.29257 1.44 0.333598 0.198707
1.54729 -3.47528 1.96 0.335195 0.116185
1.72705 -3.38953 1.96 0.31352 0.120572
0.4 -0.69282 -0 0.386429 0.901092
0.363192 -0.712805 -0 0.396231 0.896363
0.5 -0.866025 -0 0.368726 0.834962
0.363192 -0.712805 -0 0.396231 0.896363
0.453991 -0.891007 -0 0.380619 0.830782
0.5 -0.866025 -0 0.368726 0.834962
0.5 -0.866025 -0 0.368726 0.834962
0.453991 -0.891007 -0 0.380619 0.830782
0.6 -1.03923 -0 0.355426 0.777069
0.453991 -0.891007 -0 0.380619 0.830782
0.544789 -1.06921 -0 0.367494 0.769689
0.6 -1.03923 -0 0.355426 0.777069
0.6 -1.03923 -0 0.355426 0.777069
0.544789 -1.06921 -0 0.367494 0.769689
0.7 -1.21244 -0 0.344662 0.72255
0.544789 -1.06921 -0 0.367494 0.769689
0.635587 -1.24741 -0 0.358853 0.718673
0.7 -1.21244 -0 0.344662 0.72255
0.7 -1.21244 -0 0.344662 0.72255
0.635587 -1.24741 -0 0.358853 0.718673
0.8 -1.38564 -0 0.335397 0.677233
0.635587 -1.24741 -0 0.358853 0.718673
0.726385 -1.42561 -0 0.351044 0.670361
0.8 -1.38564 -0 0.335397 0.677233
0.8 -1.38564 -0 0.335397 0.677233
0.726385 -1.42561 -0 0.351044 0.670361
0.9 -1.55885 -0 0.329943 0.63734
0.726385 -1.42561 -0 0.351044 0.670361
0.817183 -1.60381 -0 0.345877 0.632127
0.9 -1.55885 -0 0.329943 0.63734
1.36386 -2.67673 0.36 0.321469 0.416779
1.45466 -2.85493 0.64 0.317835 0.353489
1.60208 -2.77489 0.64 0.29848 0.358766
1.60208 -2.77489 0.64 0.29848 0.358766
1.45466 -2.85493 0.64 0.317835 0.353489
1.70208 -2.94809 1 0.294338 0.284755
1.45466 -2.85493 0.64 0.317835 0.353489
1.54546 -3.03313 1 0.314069 0.280199
1.70208 -2.94809 1 0.294338 0.284755
1.70208 -2.94809 1 0.294338 0.284755
1.54546 -3.03313 1 0.314069 0.280199
1.80208 -3.1213 1.44 0.293138 0.204881
1.54546 -3.03313 1 0.314069 0.280199
1.63626 -3.21133 1.44 0.312537 0.202567
1.80208 -3.1213 1.44 0.293138 0.204881
1.80208 -3.1213 1.44 0.293138 0.204881
1.63626 -3.21133 1.44 0.312537 0.202567
1.90208 -3.2945 1.96 0.29367 0.123976
1.63626 -3.21133 1.44 0.312537 0.202567
1.72705 -3.38953 1.96 0.31352 0.120572
1.90208 -3.2945 1.96 0.29367 0.123976
