-0.126416 0.691677 -0 0.852187 0.837968
-0.10588 0.702493 -0 0.888882 0.88265
-0.140462 0.768529 -0 0.869656 0.80891
-0.10588 0.702493 -0 0.888882 0.88265
-0.117645 0.780545 -0 0.909817 0.853318
-0.140462 0.768529 -0 0.869656 0.80891
-0.114026 0.528085 -0 0.784308 0.870135
-0.0983236 0.537972 -0 0.810033 0.908091
-0.130316 0.603527 -0 0.803564 0.832891
-0.0983236 0.537972 -0 0.810033 0.908091
-0.11237 0.614824 -0 0.832468 0.870771
-0.130316 0.603527 -0 0.803564 0.832891
-0.130316 0.603527 -0 0.803564 0.832891
-0.11237 0.614824 -0 0.832468 0.870771
-0.146605 0.678966 -0 0.82035 0.800425
-0.11237 0.614824 -0 0.832468 0.870771
-0.126416 0.691677 -0 0.852187 0.837968
-0.146605 0.678966 -0 0.82035 0.800425
-0.146605 0.678966 -0 0.82035 0.800425
-0.126416 0.691677 -0 0.852187 0.837968
-0.162895 0.754408 -0 0.835113 0.771872
-0.126416 0.691677 -0 0.852187 0.837968
-0.140462 0.768529 -0 0.869656 0.80891
-0.162895 0.754408 -0 0.835113 0.771872
-0.110928 0.442929 -0 0.741786 0.880521
-0.0977368 0.452647 -0 0.761993 0.913293
-0.129416 0.516752 -0 0.761256 0.837395
-0.0977368 0.452647 -0 0.761993 0.913293
-0.114026 0.528085 -0 0.784308 0.870135
-0.129416 0.516752 -0 0.761256 0.837395
-0.129416 0.516752 -0 0.761256 0.837395
-0.114026 0.528085 -0 0.784308 0.870135
-0.147904 0.590574 -0 0.777921 0.800482
-0.114026 0.528085 -0 0.784308 0.870135
-0.130316 0.603527 -0 0.803564 0.832891
-0.147904 0.590574 -0 0.777921 0.800482
-0.147904 0.590574 -0 0.777921 0.800482
-0.130316 0.603527 -0 0.803564 0.832891
-0.166392 0.664396 -0 0.792347 0.76853
-0.130316 0.603527 -0 0.803564 0.832891
-0.146605 0.678966 -0 0.82035 0.800425
-0.166392 0.664396 -0 0.792347 0.76853
-0.166392 0.664396 -0 0.792347 0.76853
-0.146605 0.678966 -0 0.82035 0.800425
-0.18488 0.738218 -0 0.804956 0.740602
-0.146605 0.678966 -0 0.82035 0.800425
-0.162895 0.754408 -0 0.835113 0.771872
-0.18488 0.738218 -0 0.804956 0.740602
-0.10318 0.360003 -0 0.70291 0.902991
-0.0924402 0.369109 -0 0.718737 0.931573
-0.123816 0.432004 -0 0.72331 0.851822
-0.0924402 0.369109 -0 0.718737 0.931573
-0.110928 0.442929 -0 0.741786 0.880521
-0.123816 0.432004 -0 0.72331 0.851822
-0.123816 0.432004 -0 0.72331 0.851822
-0.110928 0.442929 -0 0.741786 0.880521
-0.144452 0.504004 -0 0.7404 0.808958
-0.110928 0.442929 -0 0.741786 0.880521
-0.129416 0.516752 -0 0.761256 0.837395
-0.144452 0.504004 -0 0.7404 0.808958
-0.144452 0.504004 -0 0.7404 0.808958
-0.129416 0.516752 -0 0.761256 0.837395
-0.165088 0.576004 -0 0.754924 0.772528
-0.129416 0.516752 -0 0.761256 0.837395
-0.147904 0.590574 -0 0.777921 0.800482
-0.165088 0.576004 -0 0.754924 0.772528
-0.165088 0.576004 -0 0.754924 0.772528
-0.147904 0.590574 -0 0.777921 0.800482
-0.185723 0.648004 -0 0.767419 0.741186
-0.147904 0.590574 -0 0.777921 0.800482
-0.166392 0.664396 -0 0.792347 0.76853
-0.185723 0.648004 -0 0.767419 0.741186
-0.113636 0.349909 -0 0.688165 0.877627
-0.10318 0.360003 -0 0.70291 0.902991
-0.136364 0.419891 -0 0.706292 0.82657
-0.10318 0.360003 -0 0.70291 0.902991
-0.123816 0.432004 -0 0.72331 0.851822
-0.136364 0.419891 -0 0.706292 0.82657
-0.136364 0.419891 -0 0.706292 0.82657
-0.123816 0.432004 -0 0.72331 0.851822
-0.159091 0.489875 -0 0.721366 0.784114
-0.123816 0.432004 -0 0.72331 0.851822
-0.144452 0.504004 -0 0.7404 0.808958
-0.159091 0.489875 -0 0.721366 0.784114
-0.159091 0.489875 -0 0.721366 0.784114
-0.144452 0.504004 -0 0.7404 0.808958
-0.181818 0.559855 -0 0.734097 0.748253
-0.144452 0.504004 -0 0.7404 0.808958
-0.165088 0.576004 -0 0.754924 0.772528
-0.181818 0.559855 -0 0.734097 0.748253
-0.181818 0.559855 -0 0.734097 0.748253
-0.165088 0.576004 -0 0.754924 0.772528
-0.204545 0.629838 -0 0.744994 0.717563
-0.165088 0.576004 -0 0.754924 0.772528
-0.185723 0.648004 -0 0.767419 0.741186
-0.204545 0.629838 -0 0.744994 0.717563
-0.0990252 0.271085 -0 0.654388 0.917786
-0.0909091 0.279927 -0 0.665952 0.940192
-0.123782 0.338857 -0 0.674348 0.855054
-0.0909091 0.279927 -0 0.665952 0.940192
-0.113636 0.349909 -0 0.688165 0.877627
-0.123782 0.338857 -0 0.674348 0.855054
-0.123782 0.338857 -0 0.674348 0.855054
-0.113636 0.349909 -0 0.688165 0.877627
-0.148538 0.406626 -0 0.690508 0.804265
-0.113636 0.349909 -0 0.688165 0.877627
-0.136364 0.419891 -0 0.706292 0.82657
-0.148538 0.406626 -0 0.690508 0.804265
-0.148538 0.406626 -0 0.690508 0.804265
-0.136364 0.419891 -0 0.706292 0.82657
-0.173294 0.4744 -0 0.703858 0.762304
-0.136364 0.419891 -0 0.706292 0.82657
-0.159091 0.489875 -0 0.721366 0.784114
-0.173294 0.4744 -0 0.703858 0.762304
-0.173294 0.4744 -0 0.703858 0.762304
-0.159091 0.489875 -0 0.721366 0.784114
-0.19805 0.54217 -0 0.715074 0.727055
-0.159091 0.489875 -0 0.721366 0.784114
-0.181818 0.559855 -0 0.734097 0.748253
-0.19805 0.54217 -0 0.715074 0.727055
-0.19805 0.54217 -0 0.715074 0.727055
-0.181818 0.559855 -0 0.734097 0.748253
-0.222807 0.609943 -0 0.724628 0.697026
-0.181818 0.559855 -0 0.734097 0.748253
-0.204545 0.629838 -0 0.744994 0.717563
-0.222807 0.609943 -0 0.724628 0.697026
-0.0769709 0.13075 -0 0.578436 0.992147
-0.0769709 0.135543 -0 0.581684 0.991869
-0.0801525 0.196125 -0 0.620412 0.977776
-0.10687 0.261501 -0 0.643369 0.897636
-0.0990252 0.271085 -0 0.654388 0.917786
-0.133588 0.326876 -0 0.661334 0.834918
-0.0990252 0.271085 -0 0.654388 0.917786
-0.123782 0.338857 -0 0.674348 0.855054
-0.133588 0.326876 -0 0.661334 0.834918
-0.133588 0.326876 -0 0.661334 0.834918
-0.123782 0.338857 -0 0.674348 0.855054
-0.160305 0.392251 -0 0.675777 0.784499
-0.123782 0.338857 -0 0.674348 0.855054
-0.148538 0.406626 -0 0.690508 0.804265
-0.160305 0.392251 -0 0.675777 0.784499
-0.160305 0.392251 -0 0.675777 0.784499
-0.148538 0.406626 -0 0.690508 0.804265
-0.187023 0.457624 -0 0.687641 0.743085
-0.148538 0.406626 -0 0.690508 0.804265
-0.173294 0.4744 -0 0.703858 0.762304
-0.187023 0.457624 -0 0.687641 0.743085
-0.187023 0.457624 -0 0.687641 0.743085
-0.173294 0.4744 -0 0.703858 0.762304
-0.21374 0.523002 -0 0.697559 0.708459
-0.173294 0.4744 -0 0.703858 0.762304
-0.19805 0.54217 -0 0.715074 0.727055
-0.21374 0.523002 -0 0.697559 0.708459
-0.21374 0.523002 -0 0.697559 0.708459
-0.19805 0.54217 -0 0.715074 0.727055
-0.240457 0.588376 -0 0.705975 0.679081
-0.19805 0.54217 -0 0.715074 0.727055
-0.222807 0.609943 -0 0.724628 0.697026
-0.240457 0.588376 -0 0.705975 0.679081
-0.0769709 0.125599 -0 0.574941 0.992446
-0.0769709 0.13075 -0 0.578436 0.992147
-0.0858164 0.188399 -0 0.611974 0.960097
-0.0769709 0.13075 -0 0.578436 0.992147
-0.0801525 0.196125 -0 0.620412 0.977776
-0.0858164 0.188399 -0 0.611974 0.960097
-0.0858164 0.188399 -0 0.611974 0.960097
-0.0801525 0.196125 -0 0.620412 0.977776
-0.114422 0.251199 -0 0.632828 0.8795
-0.0801525 0.196125 -0 0.620412 0.977776
-0.10687 0.261501 -0 0.643369 0.897636
-0.114422 0.251199 -0 0.632828 0.8795
-0.114422 0.251199 -0 0.632828 0.8795
-0.10687 0.261501 -0 0.643369 0.897636
-0.143027 0.313998 -0 0.649018 0.816929
-0.10687 0.261501 -0 0.643369 0.897636
-0.133588 0.326876 -0 0.661334 0.834918
-0.143027 0.313998 -0 0.649018 0.816929
-0.143027 0.313998 -0 0.649018 0.816929
-0.133588 0.326876 -0 0.661334 0.834918
-0.171633 0.376798 -0 0.661951 0.766944
-0.133588 0.326876 -0 0.661334 0.834918
-0.160305 0.392251 -0 0.675777 0.784499
-0.171633 0.376798 -0 0.661951 0.766944
-0.171633 0.376798 -0 0.661951 0.766944
-0.160305 0.392251 -0 0.675777 0.784499
-0.200238 0.439596 -0 0.67252 0.726095
-0.160305 0.392251 -0 0.675777 0.784499
-0.187023 0.457624 -0 0.687641 0.743085
-0.200238 0.439596 -0 0.67252 0.726095
-0.200238 0.439596 -0 0.67252 0.726095
-0.187023 0.457624 -0 0.687641 0.743085
-0.228843 0.502396 -0 0.681319 0.692088
-0.187023 0.457624 -0 0.687641 0.743085
-0.21374 0.523002 -0 0.697559 0.708459
-0.228843 0.502396 -0 0.681319 0.692088
-0.228843 0.502396 -0 0.681319 0.692088
-0.21374 0.523002 -0 0.697559 0.708459
-0.25745 0.565196 -0 0.688758 0.663335
-0.21374 0.523002 -0 0.697559 0.708459
-0.240457 0.588376 -0 0.705975 0.679081
-0.25745 0.565196 -0 0.688758 0.663335
-0.0769709 0.120104 -0 0.571208 0.992765
-0.0769709 0.125599 -0 0.574941 0.992446
-0.091245 0.180156 -0 0.603771 0.944049
-0.0769709 0.125599 -0 0.574941 0.992446
-0.0858164 0.188399 -0 0.611974 0.960097
-0.091245 0.180156 -0 0.603771 0.944049
-0.091245 0.180156 -0 0.603771 0.944049
-0.0858164 0.188399 -0 0.611974 0.960097
-0.12166 0.240208 -0 0.62271 0.863176
-0.0858164 0.188399 -0 0.611974 0.960097
-0.114422 0.251199 -0 0.632828 0.8795
-0.12166 0.240208 -0 0.62271 0.863176
-0.12166 0.240208 -0 0.62271 0.863176
-0.114422 0.251199 -0 0.632828 0.8795
-0.152075 0.300261 -0 0.637307 0.800842
-0.114422 0.251199 -0 0.632828 0.8795
-0.143027 0.313998 -0 0.649018 0.816929
-0.152075 0.300261 -0 0.637307 0.800842
-0.152075 0.300261 -0 0.637307 0.800842
-0.143027 0.313998 -0 0.649018 0.816929
-0.18249 0.360313 -0 0.648903 0.751327
-0.143027 0.313998 -0 0.649018 0.816929
-0.171633 0.376798 -0 0.661951 0.766944
-0.18249 0.360313 -0 0.648903 0.751327
-0.18249 0.360313 -0 0.648903 0.751327
-0.171633 0.376798 -0 0.661951 0.766944
-0.212905 0.420364 -0 0.658336 0.711046
-0.171633 0.376798 -0 0.661951 0.766944
-0.200238 0.439596 -0 0.67252 0.726095
-0.212905 0.420364 -0 0.658336 0.711046
-0.212905 0.420364 -0 0.658336 0.711046
-0.200238 0.439596 -0 0.67252 0.726095
-0.24332 0.480416 -0 0.66616 0.677636
-0.200238 0.439596 -0 0.67252 0.726095
-0.228843 0.502396 -0 0.681319 0.692088
-0.24332 0.480416 -0 0.66616 0.677636
-0.24332 0.480416 -0 0.66616 0.677636
-0.228843 0.502396 -0 0.681319 0.692088
-0.273736 0.540469 -0 0.672755 0.649477
-0.228843 0.502396 -0 0.681319 0.692088
-0.25745 0.565196 -0 0.688758 0.663335
-0.273736 0.540469 -0 0.672755 0.649477
-0.091245 0.180156 -0 0.603771 0.944049
-0.12166 0.240208 -0 0.62271 0.863176
-0.128565 0.22856 -0 0.612965 0.848489
-0.128565 0.22856 -0 0.612965 0.848489
-0.12166 0.240208 -0 0.62271 0.863176
-0.160706 0.2857 -0 0.626127 0.786452
-0.12166 0.240208 -0 0.62271 0.863176
-0.152075 0.300261 -0 0.637307 0.800842
-0.160706 0.2857 -0 0.626127 0.786452
-0.160706 0.2857 -0 0.626127 0.786452
-0.152075 0.300261 -0 0.637307 0.800842
-0.192847 0.34284 -0 0.636529 0.737422
-0.152075 0.300261 -0 0.637307 0.800842
-0.18249 0.360313 -0 0.648903 0.751327
-0.192847 0.34284 -0 0.636529 0.737422
-0.192847 0.34284 -0 0.636529 0.737422
-0.18249 0.360313 -0 0.648903 0.751327
-0.224989 0.39998 -0 0.644957 0.697696
-0.18249 0.360313 -0 0.648903 0.751327
-0.212905 0.420364 -0 0.658336 0.711046
-0.224989 0.39998 -0 0.644957 0.697696
-0.224989 0.39998 -0 0.644957 0.697696
-0.212905 0.420364 -0 0.658336 0.711046
-0.25713 0.457119 -0 0.651925 0.664855
-0.212905 0.420364 -0 0.658336 0.711046
-0.24332 0.480416 -0 0.66616 0.677636
-0.25713 0.457119 -0 0.651925 0.664855
-0.25713 0.457119 -0 0.651925 0.664855
-0.24332 0.480416 -0 0.66616 0.677636
-0.28927 0.514259 -0 0.657781 0.637253
-0.24332 0.480416 -0 0.66616 0.677636
-0.273736 0.540469 -0 0.672755 0.649477
-0.28927 0.514259 -0 0.657781 0.637253
-0.135117 0.216284 -0 0.603549 0.835291
-0.128565 0.22856 -0 0.612965 0.848489
-0.168897 0.270356 -0 0.615409 0.773588
-0.128565 0.22856 -0 0.612965 0.848489
-0.160706 0.2857 -0 0.626127 0.786452
-0.168897 0.270356 -0 0.615409 0.773588
-0.168897 0.270356 -0 0.615409 0.773588
-0.160706 0.2857 -0 0.626127 0.786452
-0.202676 0.324427 -0 0.624739 0.725041
-0.160706 0.2857 -0 0.626127 0.786452
-0.192847 0.34284 -0 0.636529 0.737422
-0.202676 0.324427 -0 0.624739 0.725041
-0.202676 0.324427 -0 0.624739 0.725041
-0.192847 0.34284 -0 0.636529 0.737422
-0.236455 0.378498 -0 0.632272 0.685849
-0.192847 0.34284 -0 0.636529 0.737422
-0.224989 0.39998 -0 0.644957 0.697696
-0.236455 0.378498 -0 0.632272 0.685849
-0.236455 0.378498 -0 0.632272 0.685849
-0.224989 0.39998 -0 0.644957 0.697696
-0.270234 0.43257 -0 0.638481 0.653544
-0.224989 0.39998 -0 0.644957 0.697696
-0.25713 0.457119 -0 0.651925 0.664855
-0.270234 0.43257 -0 0.638481 0.653544
-0.270234 0.43257 -0 0.638481 0.653544
-0.25713 0.457119 -0 0.651925 0.664855
-0.304014 0.486642 -0 0.643687 0.626458
-0.25713 0.457119 -0 0.651925 0.664855
-0.28927 0.514259 -0 0.657781 0.637253
-0.304014 0.486642 -0 0.643687 0.626458
-0.141299 0.203417 -0 0.594425 0.823454
-0.135117 0.216284 -0 0.603549 0.835291
-0.176624 0.254271 -0 0.605095 0.762104
-0.135117 0.216284 -0 0.603549 0.835291
-0.168897 0.270356 -0 0.615409 0.773588
-0.176624 0.254271 -0 0.605095 0.762104
-0.176624 0.254271 -0 0.605095 0.762104
-0.168897 0.270356 -0 0.615409 0.773588
-0.211949 0.305125 -0 0.613456 0.714028
-0.168897 0.270356 -0 0.615409 0.773588
-0.202676 0.324427 -0 0.624739 0.725041
-0.211949 0.305125 -0 0.613456 0.714028
-0.211949 0.305125 -0 0.613456 0.714028
-0.202676 0.324427 -0 0.624739 0.725041
-0.247273 0.355979 -0 0.620185 0.675339
-0.202676 0.324427 -0 0.624739 0.725041
-0.236455 0.378498 -0 0.632272 0.685849
-0.247273 0.355979 -0 0.620185 0.675339
-0.247273 0.355979 -0 0.620185 0.675339
-0.236455 0.378498 -0 0.632272 0.685849
-0.282598 0.406832 -0 0.625717 0.643533
-0.236455 0.378498 -0 0.632272 0.685849
-0.270234 0.43257 -0 0.638481 0.653544
-0.282598 0.406832 -0 0.625717 0.643533
-0.282598 0.406832 -0 0.625717 0.643533
-0.270234 0.43257 -0 0.638481 0.653544
-0.317923 0.457689 -0 0.630345 0.616923
-0.270234 0.43257 -0 0.638481 0.653544
-0.304014 0.486642 -0 0.643687 0.626458
-0.317923 0.457689 -0 0.630345 0.616923
-0.147094 0.189991 -0 0.585556 0.812868
-0.141299 0.203417 -0 0.594425 0.823454
-0.183868 0.237489 -0 0.595134 0.751874
-0.141299 0.203417 -0 0.594425 0.823454
-0.176624 0.254271 -0 0.605095 0.762104
-0.183868 0.237489 -0 0.595134 0.751874
-0.183868 0.237489 -0 0.595134 0.751874
-0.176624 0.254271 -0 0.605095 0.762104
-0.220641 0.284987 -0 0.602614 0.704249
-0.176624 0.254271 -0 0.605095 0.762104
-0.211949 0.305125 -0 0.613456 0.714028
-0.220641 0.284987 -0 0.602614 0.704249
-0.220641 0.284987 -0 0.602614 0.704249
-0.211949 0.305125 -0 0.613456 0.714028
-0.257414 0.332484 -0 0.608615 0.666032
-0.211949 0.305125 -0 0.613456 0.714028
-0.247273 0.355979 -0 0.620185 0.675339
-0.257414 0.332484 -0 0.608615 0.666032
-0.257414 0.332484 -0 0.608615 0.666032
-0.247273 0.355979 -0 0.620185 0.675339
-0.294189 0.379982 -0 0.613538 0.634685
-0.247273 0.355979 -0 0.620185 0.675339
-0.282598 0.406832 -0 0.625717 0.643533
-0.294189 0.379982 -0 0.613538 0.634685
-0.294189 0.379982 -0 0.613538 0.634685
-0.282598 0.406832 -0 0.625717 0.643533
-0.330961 0.427479 -0 0.617649 0.608508
-0.282598 0.406832 -0 0.625717 0.643533
-0.317923 0.457689 -0 0.630345 0.616923
-0.330961 0.427479 -0 0.617649 0.608508
-0.147094 0.189991 -0 0.585556 0.812868
-0.183868 0.237489 -0 0.595134 0.751874
-0.190607 0.220056 -0 0.585482 0.742796
-0.190607 0.220056 -0 0.585482 0.742796
-0.183868 0.237489 -0 0.595134 0.751874
-0.228727 0.264067 -0 0.592152 0.695594
-0.183868 0.237489 -0 0.595134 0.751874
-0.220641 0.284987 -0 0.602614 0.704249
-0.228727 0.264067 -0 0.592152 0.695594
-0.228727 0.264067 -0 0.592152 0.695594
-0.220641 0.284987 -0 0.602614 0.704249
-0.26685 0.308079 -0 0.597492 0.65781
-0.220641 0.284987 -0 0.602614 0.704249
-0.257414 0.332484 -0 0.608615 0.666032
-0.26685 0.308079 -0 0.597492 0.65781
-0.26685 0.308079 -0 0.597492 0.65781
-0.257414 0.332484 -0 0.608615 0.666032
-0.30497 0.35209 -0 0.601862 0.626882
-0.257414 0.332484 -0 0.608615 0.666032
-0.294189 0.379982 -0 0.613538 0.634685
-0.30497 0.35209 -0 0.601862 0.626882
-0.30497 0.35209 -0 0.601862 0.626882
-0.294189 0.379982 -0 0.613538 0.634685
-0.343093 0.396101 -0 0.605506 0.601099
-0.294189 0.379982 -0 0.613538 0.634685
-0.330961 0.427479 -0 0.617649 0.608508
-0.343093 0.396101 -0 0.605506 0.601099
-0.190607 0.220056 -0 0.585482 0.742796
-0.228727 0.264067 -0 0.592152 0.695594
-0.236189 0.242424 -0 0.582021 0.687967
-0.236189 0.242424 -0 0.582021 0.687967
-0.228727 0.264067 -0 0.592152 0.695594
-0.275555 0.282828 -0 0.586753 0.650579
-0.228727 0.264067 -0 0.592152 0.695594
-0.26685 0.308079 -0 0.597492 0.65781
-0.275555 0.282828 -0 0.586753 0.650579
-0.275555 0.282828 -0 0.586753 0.650579
-0.26685 0.308079 -0 0.597492 0.65781
-0.314918 0.323232 -0 0.590619 0.620029
-0.26685 0.308079 -0 0.597492 0.65781
-0.30497 0.35209 -0 0.601862 0.626882
-0.314918 0.323232 -0 0.590619 0.620029
-0.314918 0.323232 -0 0.590619 0.620029
-0.30497 0.35209 -0 0.601862 0.626882
-0.354284 0.363636 -0 0.593837 0.594598
-0.30497 0.35209 -0 0.601862 0.626882
-0.343093 0.396101 -0 0.605506 0.601099
-0.354284 0.363636 -0 0.593837 0.594598
-0.354284 0.363636 -0 0.593837 0.594598
-0.343093 0.396101 -0 0.605506 0.601099
-0.393648 0.40404 -0 0.596558 0.573099
-0.243002 0.220117 -0 0.572174 0.68129
-0.236189 0.242424 -0 0.582021 0.687967
-0.283502 0.256803 -0 0.576344 0.644258
-0.236189 0.242424 -0 0.582021 0.687967
-0.275555 0.282828 -0 0.586753 0.650579
-0.283502 0.256803 -0 0.576344 0.644258
-0.283502 0.256803 -0 0.576344 0.644258
-0.275555 0.282828 -0 0.586753 0.650579
-0.324002 0.293489 -0 0.579745 0.614045
-0.275555 0.282828 -0 0.586753 0.650579
-0.314918 0.323232 -0 0.590619 0.620029
-0.324002 0.293489 -0 0.579745 0.614045
-0.324002 0.293489 -0 0.579745 0.614045
-0.314918 0.323232 -0 0.590619 0.620029
-0.364502 0.330175 -0 0.582573 0.588927
-0.314918 0.323232 -0 0.590619 0.620029
-0.354284 0.363636 -0 0.593837 0.594598
-0.364502 0.330175 -0 0.582573 0.588927
-0.364502 0.330175 -0 0.582573 0.588927
-0.354284 0.363636 -0 0.593837 0.594598
-0.405002 0.366861 -0 0.584962 0.567715
-0.354284 0.363636 -0 0.593837 0.594598
-0.393648 0.40404 -0 0.596558 0.573099
-0.405002 0.366861 -0 0.584962 0.567715
-0.243002 0.220117 -0 0.572174 0.68129
-0.283502 0.256803 -0 0.576344 0.644258
-0.290673 0.230073 -0 0.566216 0.638778
-0.290673 0.230073 -0 0.566216 0.638778
-0.283502 0.256803 -0 0.576344 0.644258
-0.332198 0.262941 -0 0.569186 0.608862
-0.283502 0.256803 -0 0.576344 0.644258
-0.324002 0.293489 -0 0.579745 0.614045
-0.332198 0.262941 -0 0.569186 0.608862
-0.332198 0.262941 -0 0.569186 0.608862
-0.324002 0.293489 -0 0.579745 0.614045
-0.373723 0.295808 -0 0.571653 0.584018
-0.324002 0.293489 -0 0.579745 0.614045
-0.364502 0.330175 -0 0.582573 0.588927
-0.373723 0.295808 -0 0.571653 0.584018
-0.373723 0.295808 -0 0.571653 0.584018
-0.364502 0.330175 -0 0.582573 0.588927
-0.415248 0.328676 -0 0.573735 0.563056
-0.364502 0.330175 -0 0.582573 0.588927
-0.405002 0.366861 -0 0.584962 0.567715
-0.415248 0.328676 -0 0.573735 0.563056
-0.332198 0.262941 -0 0.569186 0.608862
-0.373723 0.295808 -0 0.571653 0.584018
-0.381918 0.260631 -0 0.561022 0.579816
-0.381918 0.260631 -0 0.561022 0.579816
-0.373723 0.295808 -0 0.571653 0.584018
-0.424355 0.28959 -0 0.562818 0.559069
-0.373723 0.295808 -0 0.571653 0.584018
-0.415248 0.328676 -0 0.573735 0.563056
-0.424355 0.28959 -0 0.562818 0.559069
-0.345839 -0.199768 -0 0.431603 0.603319
-0.351245 -0.167317 -0 0.44188 0.599737
-0.389068 -0.22474 -0 0.430006 0.578515
-0.351245 -0.167317 -0 0.44188 0.599737
-0.395152 -0.188232 -0 0.440603 0.575164
-0.389068 -0.22474 -0 0.430006 0.578515
-0.389068 -0.22474 -0 0.430006 0.578515
-0.395152 -0.188232 -0 0.440603 0.575164
-0.432298 -0.249711 -0 0.428659 0.557597
-0.395152 -0.188232 -0 0.440603 0.575164
-0.439057 -0.209147 -0 0.439526 0.554455
-0.432298 -0.249711 -0 0.428659 0.557597
-0.297048 -0.202713 -0 0.423397 0.637786
-0.302609 -0.174798 -0 0.433527 0.633202
-0.339484 -0.231672 -0 0.421065 0.607609
-0.302609 -0.174798 -0 0.433527 0.633202
-0.345839 -0.199768 -0 0.431603 0.603319
-0.339484 -0.231672 -0 0.421065 0.607609
-0.339484 -0.231672 -0 0.421065 0.607609
-0.345839 -0.199768 -0 0.431603 0.603319
-0.381918 -0.260631 -0 0.419128 0.582535
-0.345839 -0.199768 -0 0.431603 0.603319
-0.389068 -0.22474 -0 0.430006 0.578515
-0.381918 -0.260631 -0 0.419128 0.582535
-0.381918 -0.260631 -0 0.419128 0.582535
-0.389068 -0.22474 -0 0.430006 0.578515
-0.424355 -0.28959 -0 0.417493 0.561372
-0.389068 -0.22474 -0 0.430006 0.578515
-0.432298 -0.249711 -0 0.428659 0.557597
-0.424355 -0.28959 -0 0.417493 0.561372
-0.249148 -0.197206 -0 0.416379 0.680542
-0.254614 -0.173754 -0 0.426257 0.674802
-0.290673 -0.230073 -0 0.412988 0.643167
-0.254614 -0.173754 -0 0.426257 0.674802
-0.297048 -0.202713 -0 0.423397 0.637786
-0.290673 -0.230073 -0 0.412988 0.643167
-0.290673 -0.230073 -0 0.412988 0.643167
-0.297048 -0.202713 -0 0.423397 0.637786
-0.332198 -0.262941 -0 0.41022 0.612654
-0.297048 -0.202713 -0 0.423397 0.637786
-0.339484 -0.231672 -0 0.421065 0.607609
-0.332198 -0.262941 -0 0.41022 0.612654
-0.332198 -0.262941 -0 0.41022 0.612654
-0.339484 -0.231672 -0 0.421065 0.607609
-0.373723 -0.295808 -0 0.407917 0.587272
-0.339484 -0.231672 -0 0.421065 0.607609
-0.381918 -0.260631 -0 0.419128 0.582535
-0.373723 -0.295808 -0 0.407917 0.587272
-0.373723 -0.295808 -0 0.407917 0.587272
-0.381918 -0.260631 -0 0.419128 0.582535
-0.415248 -0.328676 -0 0.405971 0.565827
-0.381918 -0.260631 -0 0.419128 0.582535
-0.424355 -0.28959 -0 0.417493 0.561372
-0.415248 -0.328676 -0 0.405971 0.565827
-0.202502 -0.183431 -0 0.411171 0.734432
-0.207624 -0.164338 -0 0.420629 0.727386
-0.243002 -0.220117 -0 0.406215 0.687182
-0.207624 -0.164338 -0 0.420629 0.727386
-0.249148 -0.197206 -0 0.416379 0.680542
-0.243002 -0.220117 -0 0.406215 0.687182
-0.243002 -0.220117 -0 0.406215 0.687182
-0.249148 -0.197206 -0 0.416379 0.680542
-0.283502 -0.256803 -0 0.402252 0.649406
-0.249148 -0.197206 -0 0.416379 0.680542
-0.290673 -0.230073 -0 0.412988 0.643167
-0.283502 -0.256803 -0 0.402252 0.649406
-0.283502 -0.256803 -0 0.402252 0.649406
-0.290673 -0.230073 -0 0.412988 0.643167
-0.324002 -0.293489 -0 0.399012 0.618514
-0.290673 -0.230073 -0 0.412988 0.643167
-0.332198 -0.262941 -0 0.41022 0.612654
-0.324002 -0.293489 -0 0.399012 0.618514
-0.324002 -0.293489 -0 0.399012 0.618514
-0.332198 -0.262941 -0 0.41022 0.612654
-0.364502 -0.330175 -0 0.396313 0.592782
-0.332198 -0.262941 -0 0.41022 0.612654
-0.373723 -0.295808 -0 0.407917 0.587272
-0.364502 -0.330175 -0 0.396313 0.592782
-0.157459 -0.161616 -0 0.408774 0.803671
-0.162001 -0.146744 -0 0.417549 0.795231
-0.196824 -0.20202 -0 0.401437 0.742484
-0.162001 -0.146744 -0 0.417549 0.795231
-0.202502 -0.183431 -0 0.411171 0.734432
-0.196824 -0.20202 -0 0.401437 0.742484
-0.196824 -0.20202 -0 0.401437 0.742484
-0.202502 -0.183431 -0 0.411171 0.734432
-0.236189 -0.242424 -0 0.395718 0.694792
-0.202502 -0.183431 -0 0.411171 0.734432
-0.243002 -0.220117 -0 0.406215 0.687182
-0.236189 -0.242424 -0 0.395718 0.694792
-0.236189 -0.242424 -0 0.395718 0.694792
-0.243002 -0.220117 -0 0.406215 0.687182
-0.275555 -0.282828 -0 0.391136 0.656573
-0.243002 -0.220117 -0 0.406215 0.687182
-0.283502 -0.256803 -0 0.402252 0.649406
-0.275555 -0.282828 -0 0.391136 0.656573
-0.275555 -0.282828 -0 0.391136 0.656573
-0.283502 -0.256803 -0 0.402252 0.649406
-0.314918 -0.323232 -0 0.387381 0.62526
-0.283502 -0.256803 -0 0.402252 0.649406
-0.324002 -0.293489 -0 0.399012 0.618514
-0.314918 -0.323232 -0 0.387381 0.62526
-0.314918 -0.323232 -0 0.387381 0.62526
-0.324002 -0.293489 -0 0.399012 0.618514
-0.354284 -0.363636 -0 0.384249 0.599136
-0.324002 -0.293489 -0 0.399012 0.618514
-0.364502 -0.330175 -0 0.396313 0.592782
-0.354284 -0.363636 -0 0.384249 0.599136
-0.152485 -0.176045 -0 0.399759 0.813212
-0.157459 -0.161616 -0 0.408774 0.803671
-0.190607 -0.220056 -0 0.391387 0.751623
-0.157459 -0.161616 -0 0.408774 0.803671
-0.196824 -0.20202 -0 0.401437 0.742484
-0.190607 -0.220056 -0 0.391387 0.751623
-0.190607 -0.220056 -0 0.391387 0.751623
-0.196824 -0.20202 -0 0.401437 0.742484
-0.228727 -0.264067 -0 0.384839 0.703455
-0.196824 -0.20202 -0 0.401437 0.742484
-0.236189 -0.242424 -0 0.395718 0.694792
-0.228727 -0.264067 -0 0.384839 0.703455
-0.228727 -0.264067 -0 0.384839 0.703455
-0.236189 -0.242424 -0 0.395718 0.694792
-0.26685 -0.308079 -0 0.379579 0.664753
-0.236189 -0.242424 -0 0.395718 0.694792
-0.275555 -0.282828 -0 0.391136 0.656573
-0.26685 -0.308079 -0 0.379579 0.664753
-0.26685 -0.308079 -0 0.379579 0.664753
-0.275555 -0.282828 -0 0.391136 0.656573
-0.30497 -0.35209 -0 0.375259 0.632976
-0.275555 -0.282828 -0 0.391136 0.656573
-0.314918 -0.323232 -0 0.387381 0.62526
-0.30497 -0.35209 -0 0.375259 0.632976
-0.30497 -0.35209 -0 0.375259 0.632976
-0.314918 -0.323232 -0 0.387381 0.62526
-0.343093 -0.396101 -0 0.371649 0.606417
-0.314918 -0.323232 -0 0.387381 0.62526
-0.354284 -0.363636 -0 0.384249 0.599136
-0.343093 -0.396101 -0 0.371649 0.606417
-0.11032 -0.142493 -0 0.402981 0.905609
-0.114364 -0.132034 -0 0.410841 0.894741
-0.147094 -0.189991 -0 0.390472 0.823941
-0.114364 -0.132034 -0 0.410841 0.894741
-0.152485 -0.176045 -0 0.399759 0.813212
-0.147094 -0.189991 -0 0.390472 0.823941
-0.147094 -0.189991 -0 0.390472 0.823941
-0.152485 -0.176045 -0 0.399759 0.813212
-0.183868 -0.237489 -0 0.380975 0.761943
-0.152485 -0.176045 -0 0.399759 0.813212
-0.190607 -0.220056 -0 0.391387 0.751623
-0.183868 -0.237489 -0 0.380975 0.761943
-0.183868 -0.237489 -0 0.380975 0.761943
-0.190607 -0.220056 -0 0.391387 0.751623
-0.220641 -0.284987 -0 0.37352 0.713272
-0.190607 -0.220056 -0 0.391387 0.751623
-0.228727 -0.264067 -0 0.384839 0.703455
-0.220641 -0.284987 -0 0.37352 0.713272
-0.220641 -0.284987 -0 0.37352 0.713272
-0.228727 -0.264067 -0 0.384839 0.703455
-0.257414 -0.332484 -0 0.367512 0.674047
-0.228727 -0.264067 -0 0.384839 0.703455
-0.26685 -0.308079 -0 0.379579 0.664753
-0.257414 -0.332484 -0 0.367512 0.674047
-0.257414 -0.332484 -0 0.367512 0.674047
-0.26685 -0.308079 -0 0.379579 0.664753
-0.294189 -0.379982 -0 0.362567 0.641763
-0.26685 -0.308079 -0 0.379579 0.664753
-0.30497 -0.35209 -0 0.375259 0.632976
-0.294189 -0.379982 -0 0.362567 0.641763
-0.294189 -0.379982 -0 0.362567 0.641763
-0.30497 -0.35209 -0 0.375259 0.632976
-0.330961 -0.427479 -0 0.358426 0.614726
-0.30497 -0.35209 -0 0.375259 0.632976
-0.343093 -0.396101 -0 0.371649 0.606417
-0.330961 -0.427479 -0 0.358426 0.614726
-0.105975 -0.152562 -0 0.394928 0.917705
-0.11032 -0.142493 -0 0.402981 0.905609
-0.141299 -0.203417 -0 0.380877 0.835957
-0.11032 -0.142493 -0 0.402981 0.905609
-0.147094 -0.189991 -0 0.390472 0.823941
-0.141299 -0.203417 -0 0.380877 0.835957
-0.141299 -0.203417 -0 0.380877 0.835957
-0.147094 -0.189991 -0 0.390472 0.823941
-0.176624 -0.254271 -0 0.370151 0.773555
-0.147094 -0.189991 -0 0.390472 0.823941
-0.183868 -0.237489 -0 0.380975 0.761943
-0.176624 -0.254271 -0 0.370151 0.773555
-0.176624 -0.254271 -0 0.370151 0.773555
-0.183868 -0.237489 -0 0.380975 0.761943
-0.211949 -0.305125 -0 0.361695 0.724359
-0.183868 -0.237489 -0 0.380975 0.761943
-0.220641 -0.284987 -0 0.37352 0.713272
-0.211949 -0.305125 -0 0.361695 0.724359
-0.211949 -0.305125 -0 0.361695 0.724359
-0.220641 -0.284987 -0 0.37352 0.713272
-0.247273 -0.355979 -0 0.354858 0.684577
-0.220641 -0.284987 -0 0.37352 0.713272
-0.257414 -0.332484 -0 0.367512 0.674047
-0.247273 -0.355979 -0 0.354858 0.684577
-0.247273 -0.355979 -0 0.354858 0.684577
-0.257414 -0.332484 -0 0.367512 0.674047
-0.282598 -0.406832 -0 0.349214 0.651743
-0.257414 -0.332484 -0 0.367512 0.674047
-0.294189 -0.379982 -0 0.362567 0.641763
-0.282598 -0.406832 -0 0.349214 0.651743
-0.282598 -0.406832 -0 0.349214 0.651743
-0.294189 -0.379982 -0 0.362567 0.641763
-0.317923 -0.457689 -0 0.344478 0.624184
-0.294189 -0.379982 -0 0.362567 0.641763
-0.330961 -0.427479 -0 0.358426 0.614726
-0.317923 -0.457689 -0 0.344478 0.624184
-0.101338 -0.162213 -0 0.38666 0.931122
-0.105975 -0.152562 -0 0.394928 0.917705
-0.135117 -0.216284 -0 0.370935 0.849375
-0.105975 -0.152562 -0 0.394928 0.917705
-0.141299 -0.203417 -0 0.380877 0.835957
-0.135117 -0.216284 -0 0.370935 0.849375
-0.135117 -0.216284 -0 0.370935 0.849375
-0.141299 -0.203417 -0 0.380877 0.835957
-0.168897 -0.270356 -0 0.358857 0.78659
-0.141299 -0.203417 -0 0.380877 0.835957
-0.176624 -0.254271 -0 0.370151 0.773555
-0.168897 -0.270356 -0 0.358857 0.78659
-0.168897 -0.270356 -0 0.358857 0.78659
-0.176624 -0.254271 -0 0.370151 0.773555
-0.202676 -0.324427 -0 0.34929 0.736856
-0.176624 -0.254271 -0 0.370151 0.773555
-0.211949 -0.305125 -0 0.361695 0.724359
-0.202676 -0.324427 -0 0.34929 0.736856
-0.202676 -0.324427 -0 0.34929 0.736856
-0.211949 -0.305125 -0 0.361695 0.724359
-0.236455 -0.378498 -0 0.341524 0.696486
-0.211949 -0.305125 -0 0.361695 0.724359
-0.247273 -0.355979 -0 0.354858 0.684577
-0.236455 -0.378498 -0 0.341524 0.696486
-0.236455 -0.378498 -0 0.341524 0.696486
-0.247273 -0.355979 -0 0.354858 0.684577
-0.270234 -0.43257 -0 0.335095 0.663064
-0.247273 -0.355979 -0 0.354858 0.684577
-0.282598 -0.406832 -0 0.349214 0.651743
-0.270234 -0.43257 -0 0.335095 0.663064
-0.270234 -0.43257 -0 0.335095 0.663064
-0.282598 -0.406832 -0 0.349214 0.651743
-0.304014 -0.486642 -0 0.329684 0.634937
-0.282598 -0.406832 -0 0.349214 0.651743
-0.317923 -0.457689 -0 0.344478 0.624184
-0.304014 -0.486642 -0 0.329684 0.634937
-0.0964236 -0.17142 -0 0.378155 0.945966
-0.101338 -0.162213 -0 0.38666 0.931122
-0.128565 -0.22856 -0 0.360601 0.864331
-0.101338 -0.162213 -0 0.38666 0.931122
-0.135117 -0.216284 -0 0.370935 0.849375
-0.128565 -0.22856 -0 0.360601 0.864331
-0.128565 -0.22856 -0 0.360601 0.864331
-0.135117 -0.216284 -0 0.370935 0.849375
-0.160706 -0.2857 -0 0.347026 0.801204
-0.135117 -0.216284 -0 0.370935 0.849375
-0.168897 -0.270356 -0 0.358857 0.78659
-0.160706 -0.2857 -0 0.347026 0.801204
-0.160706 -0.2857 -0 0.347026 0.801204
-0.168897 -0.270356 -0 0.358857 0.78659
-0.192847 -0.34284 -0 0.336216 0.750931
-0.168897 -0.270356 -0 0.358857 0.78659
-0.202676 -0.324427 -0 0.34929 0.736856
-0.192847 -0.34284 -0 0.336216 0.750931
-0.192847 -0.34284 -0 0.336216 0.750931
-0.202676 -0.324427 -0 0.34929 0.736856
-0.224989 -0.39998 -0 0.327404 0.70995
-0.202676 -0.324427 -0 0.34929 0.736856
-0.236455 -0.378498 -0 0.341524 0.696486
-0.224989 -0.39998 -0 0.327404 0.70995
-0.224989 -0.39998 -0 0.327404 0.70995
-0.236455 -0.378498 -0 0.341524 0.696486
-0.25713 -0.457119 -0 0.320082 0.675902
-0.236455 -0.378498 -0 0.341524 0.696486
-0.270234 -0.43257 -0 0.335095 0.663064
-0.25713 -0.457119 -0 0.320082 0.675902
-0.25713 -0.457119 -0 0.320082 0.675902
-0.270234 -0.43257 -0 0.335095 0.663064
-0.28927 -0.514259 -0 0.313903 0.647165
-0.270234 -0.43257 -0 0.335095 0.663064
-0.304014 -0.486642 -0 0.329684 0.634937
-0.28927 -0.514259 -0 0.313903 0.647165
-0.091245 -0.180156 -0 0.369385 0.962356
-0.0964236 -0.17142 -0 0.378155 0.945966
-0.12166 -0.240208 -0 0.349824 0.880982
-0.0964236 -0.17142 -0 0.378155 0.945966
-0.128565 -0.22856 -0 0.360601 0.864331
-0.12166 -0.240208 -0 0.349824 0.880982
-0.12166 -0.240208 -0 0.349824 0.880982
-0.128565 -0.22856 -0 0.360601 0.864331
-0.152075 -0.300261 -0 0.334582 0.817578
-0.128565 -0.22856 -0 0.360601 0.864331
-0.160706 -0.2857 -0 0.347026 0.801204
-0.152075 -0.300261 -0 0.334582 0.817578
-0.152075 -0.300261 -0 0.334582 0.817578
-0.160706 -0.2857 -0 0.347026 0.801204
-0.18249 -0.360313 -0 0.322372 0.766784
-0.160706 -0.2857 -0 0.347026 0.801204
-0.192847 -0.34284 -0 0.336216 0.750931
-0.18249 -0.360313 -0 0.322372 0.766784
-0.18249 -0.360313 -0 0.322372 0.766784
-0.192847 -0.34284 -0 0.336216 0.750931
-0.212905 -0.420364 -0 0.31237 0.725178
-0.192847 -0.34284 -0 0.336216 0.750931
-0.224989 -0.39998 -0 0.327404 0.70995
-0.212905 -0.420364 -0 0.31237 0.725178
-0.212905 -0.420364 -0 0.31237 0.725178
-0.224989 -0.39998 -0 0.327404 0.70995
-0.24332 -0.480416 -0 0.304028 0.690473
-0.224989 -0.39998 -0 0.327404 0.70995
-0.25713 -0.457119 -0 0.320082 0.675902
-0.24332 -0.480416 -0 0.304028 0.690473
-0.24332 -0.480416 -0 0.304028 0.690473
-0.25713 -0.457119 -0 0.320082 0.675902
-0.273736 -0.540469 -0 0.296964 0.661085
-0.25713 -0.457119 -0 0.320082 0.675902
-0.28927 -0.514259 -0 0.313903 0.647165
-0.273736 -0.540469 -0 0.296964 0.661085
-0.091245 -0.180156 -0 0.369385 0.962356
-0.12166 -0.240208 -0 0.349824 0.880982
-0.114422 -0.251199 -0 0.338547 0.899512
-0.114422 -0.251199 -0 0.338547 0.899512
-0.12166 -0.240208 -0 0.349824 0.880982
-0.143027 -0.313998 -0 0.321436 0.835931
-0.12166 -0.240208 -0 0.349824 0.880982
-0.152075 -0.300261 -0 0.334582 0.817578
-0.143027 -0.313998 -0 0.321436 0.835931
-0.143027 -0.313998 -0 0.321436 0.835931
-0.152075 -0.300261 -0 0.334582 0.817578
-0.171633 -0.376798 -0 0.307637 0.784654
-0.152075 -0.300261 -0 0.334582 0.817578
-0.18249 -0.360313 -0 0.322372 0.766784
-0.171633 -0.376798 -0 0.307637 0.784654
-0.171633 -0.376798 -0 0.307637 0.784654
-0.18249 -0.360313 -0 0.322372 0.766784
-0.200238 -0.439596 -0 0.296273 0.742424
-0.18249 -0.360313 -0 0.322372 0.766784
-0.212905 -0.420364 -0 0.31237 0.725178
-0.200238 -0.439596 -0 0.296273 0.742424
-0.200238 -0.439596 -0 0.296273 0.742424
-0.212905 -0.420364 -0 0.31237 0.725178
-0.228843 -0.502396 -0 0.286751 0.707042
-0.212905 -0.420364 -0 0.31237 0.725178
-0.24332 -0.480416 -0 0.304028 0.690473
-0.228843 -0.502396 -0 0.286751 0.707042
-0.228843 -0.502396 -0 0.286751 0.707042
-0.24332 -0.480416 -0 0.304028 0.690473
-0.25745 -0.565196 -0 0.278658 0.676967
-0.24332 -0.480416 -0 0.304028 0.690473
-0.273736 -0.540469 -0 0.296964 0.661085
-0.25745 -0.565196 -0 0.278658 0.676967
-0.10687 -0.261501 -0 0.326704 0.92014
-0.114422 -0.251199 -0 0.338547 0.899512
-0.133588 -0.326876 -0 0.307484 0.856522
-0.114422 -0.251199 -0 0.338547 0.899512
-0.143027 -0.313998 -0 0.321436 0.835931
-0.133588 -0.326876 -0 0.307484 0.856522
-0.133588 -0.326876 -0 0.307484 0.856522
-0.143027 -0.313998 -0 0.321436 0.835931
-0.160305 -0.392251 -0 0.291868 0.804832
-0.143027 -0.313998 -0 0.321436 0.835931
-0.171633 -0.376798 -0 0.307637 0.784654
-0.160305 -0.392251 -0 0.291868 0.804832
-0.160305 -0.392251 -0 0.291868 0.804832
-0.171633 -0.376798 -0 0.307637 0.784654
-0.187023 -0.457624 -0 0.278928 0.762003
-0.171633 -0.376798 -0 0.307637 0.784654
-0.200238 -0.439596 -0 0.296273 0.742424
-0.187023 -0.457624 -0 0.278928 0.762003
-0.187023 -0.457624 -0 0.278928 0.762003
-0.200238 -0.439596 -0 0.296273 0.742424
-0.21374 -0.523002 -0 0.268032 0.725935
-0.200238 -0.439596 -0 0.296273 0.742424
-0.228843 -0.502396 -0 0.286751 0.707042
-0.21374 -0.523002 -0 0.268032 0.725935
-0.21374 -0.523002 -0 0.268032 0.725935
-0.228843 -0.502396 -0 0.286751 0.707042
-0.240457 -0.588376 -0 0.25873 0.695146
-0.228843 -0.502396 -0 0.286751 0.707042
-0.25745 -0.565196 -0 0.278658 0.676967
-0.240457 -0.588376 -0 0.25873 0.695146
-0.0990252 -0.271085 -0 0.314217 0.94312
-0.10687 -0.261501 -0 0.326704 0.92014
-0.123782 -0.338857 -0 0.292601 0.879666
-0.10687 -0.261501 -0 0.326704 0.92014
-0.133588 -0.326876 -0 0.307484 0.856522
-0.123782 -0.338857 -0 0.292601 0.879666
-0.123782 -0.338857 -0 0.292601 0.879666
-0.133588 -0.326876 -0 0.307484 0.856522
-0.148538 -0.406626 -0 0.27489 0.827675
-0.133588 -0.326876 -0 0.307484 0.856522
-0.160305 -0.392251 -0 0.291868 0.804832
-0.148538 -0.406626 -0 0.27489 0.827675
-0.148538 -0.406626 -0 0.27489 0.827675
-0.160305 -0.392251 -0 0.291868 0.804832
-0.173294 -0.4744 -0 0.260114 0.784298
-0.160305 -0.392251 -0 0.291868 0.804832
-0.187023 -0.457624 -0 0.278928 0.762003
-0.173294 -0.4744 -0 0.260114 0.784298
-0.173294 -0.4744 -0 0.260114 0.784298
-0.187023 -0.457624 -0 0.278928 0.762003
-0.19805 -0.54217 -0 0.247598 0.747559
-0.187023 -0.457624 -0 0.278928 0.762003
-0.21374 -0.523002 -0 0.268032 0.725935
-0.19805 -0.54217 -0 0.247598 0.747559
-0.19805 -0.54217 -0 0.247598 0.747559
-0.21374 -0.523002 -0 0.268032 0.725935
-0.222807 -0.609943 -0 0.236861 0.716042
-0.21374 -0.523002 -0 0.268032 0.725935
-0.240457 -0.588376 -0 0.25873 0.695146
-0.222807 -0.609943 -0 0.236861 0.716042
-0.0990252 -0.271085 -0 0.314217 0.94312
-0.123782 -0.338857 -0 0.292601 0.879666
-0.113636 -0.349909 -0 0.27664 0.90574
-0.113636 -0.349909 -0 0.27664 0.90574
-0.123782 -0.338857 -0 0.292601 0.879666
-0.136364 -0.419891 -0 0.256493 0.853619
-0.123782 -0.338857 -0 0.292601 0.879666
-0.148538 -0.406626 -0 0.27489 0.827675
-0.136364 -0.419891 -0 0.256493 0.853619
-0.136364 -0.419891 -0 0.256493 0.853619
-0.148538 -0.406626 -0 0.27489 0.827675
-0.159091 -0.489875 -0 0.239553 0.809793
-0.148538 -0.406626 -0 0.27489 0.827675
-0.173294 -0.4744 -0 0.260114 0.784298
-0.159091 -0.489875 -0 0.239553 0.809793
-0.159091 -0.489875 -0 0.239553 0.809793
-0.173294 -0.4744 -0 0.260114 0.784298
-0.181818 -0.559855 -0 0.22511 0.772427
-0.173294 -0.4744 -0 0.260114 0.784298
-0.19805 -0.54217 -0 0.247598 0.747559
-0.181818 -0.559855 -0 0.22511 0.772427
-0.181818 -0.559855 -0 0.22511 0.772427
-0.19805 -0.54217 -0 0.247598 0.747559
-0.204545 -0.629838 -0 0.21265 0.740192
-0.19805 -0.54217 -0 0.247598 0.747559
-0.222807 -0.609943 -0 0.236861 0.716042
-0.204545 -0.629838 -0 0.21265 0.740192
-0.204545 -0.629838 -0 0.21265 0.740192
-0.222807 -0.609943 -0 0.236861 0.716042
-0.227273 -0.699818 -0 0.201791 0.712098
-0.113636 -0.349909 -0 0.27664 0.90574
-0.136364 -0.419891 -0 0.256493 0.853619
-0.123816 -0.432004 -0 0.236418 0.883207
-0.123816 -0.432004 -0 0.236418 0.883207
-0.136364 -0.419891 -0 0.256493 0.853619
-0.144452 -0.504004 -0 0.216901 0.839093
-0.136364 -0.419891 -0 0.256493 0.853619
-0.159091 -0.489875 -0 0.239553 0.809793
-0.144452 -0.504004 -0 0.216901 0.839093
-0.144452 -0.504004 -0 0.216901 0.839093
-0.159091 -0.489875 -0 0.239553 0.809793
-0.165088 -0.576004 -0 0.200135 0.801197
-0.159091 -0.489875 -0 0.239553 0.809793
-0.181818 -0.559855 -0 0.22511 0.772427
-0.165088 -0.576004 -0 0.200135 0.801197
-0.165088 -0.576004 -0 0.200135 0.801197
-0.181818 -0.559855 -0 0.22511 0.772427
-0.185723 -0.648004 -0 0.185577 0.76829
-0.181818 -0.559855 -0 0.22511 0.772427
-0.204545 -0.629838 -0 0.21265 0.740192
-0.185723 -0.648004 -0 0.185577 0.76829
-0.185723 -0.648004 -0 0.185577 0.76829
-0.204545 -0.629838 -0 0.21265 0.740192
-0.206359 -0.720004 -0 0.172817 0.739449
-0.204545 -0.629838 -0 0.21265 0.740192
-0.227273 -0.699818 -0 0.201791 0.712098
-0.206359 -0.720004 -0 0.172817 0.739449
-0.123816 -0.432004 -0 0.236418 0.883207
-0.144452 -0.504004 -0 0.216901 0.839093
-0.129416 -0.516752 -0 0.191718 0.872977
-0.129416 -0.516752 -0 0.191718 0.872977
-0.144452 -0.504004 -0 0.216901 0.839093
-0.147904 -0.590574 -0 0.172117 0.83472
-0.144452 -0.504004 -0 0.216901 0.839093
-0.165088 -0.576004 -0 0.200135 0.801197
-0.147904 -0.590574 -0 0.172117 0.83472
-0.147904 -0.590574 -0 0.172117 0.83472
-0.165088 -0.576004 -0 0.200135 0.801197
-0.166392 -0.664396 -0 0.154967 0.801248
-0.165088 -0.576004 -0 0.200135 0.801197
-0.185723 -0.648004 -0 0.185577 0.76829
-0.166392 -0.664396 -0 0.154967 0.801248
-0.166392 -0.664396 -0 0.154967 0.801248
-0.185723 -0.648004 -0 0.185577 0.76829
-0.18488 -0.738218 -0 0.139835 0.771716
-0.185723 -0.648004 -0 0.185577 0.76829
-0.206359 -0.720004 -0 0.172817 0.739449
-0.18488 -0.738218 -0 0.139835 0.771716
-0.129416 -0.516752 -0 0.191718 0.872977
-0.147904 -0.590574 -0 0.172117 0.83472
-0.130316 -0.603527 -0 0.14032 0.874122
-0.130316 -0.603527 -0 0.14032 0.874122
-0.147904 -0.590574 -0 0.172117 0.83472
-0.146605 -0.678966 -0 0.119914 0.840285
-0.147904 -0.590574 -0 0.172117 0.83472
-0.166392 -0.664396 -0 0.154967 0.801248
-0.146605 -0.678966 -0 0.119914 0.840285
-0.146605 -0.678966 -0 0.119914 0.840285
-0.166392 -0.664396 -0 0.154967 0.801248
-0.162895 -0.754408 -0 0.101769 0.810197
-0.166392 -0.664396 -0 0.154967 0.801248
-0.18488 -0.738218 -0 0.139835 0.771716
-0.162895 -0.754408 -0 0.101769 0.810197
