-0.345839 -0.199768 -0 0.838303 0.846828
-0.351245 -0.167317 -0 0.87255 0.890115
-0.389068 -0.22474 -0 0.858577 0.81516
-0.351245 -0.167317 -0 0.87255 0.890115
-0.395152 -0.188232 -0 0.896818 0.858458
-0.389068 -0.22474 -0 0.858577 0.81516
-0.389068 -0.22474 -0 0.858577 0.81516
-0.395152 -0.188232 -0 0.896818 0.858458
-0.432298 -0.249711 -0 0.876615 0.786983
-0.395152 -0.188232 -0 0.896818 0.858458
-0.439057 -0.209147 -0 0.918612 0.830027
-0.432298 -0.249711 -0 0.876615 0.786983
-0.297048 -0.202713 -0 0.788859 0.846121
-0.302609 -0.174798 -0 0.815351 0.88268
-0.339484 -0.231672 -0 0.808435 0.810318
-0.302609 -0.174798 -0 0.815351 0.88268
-0.345839 -0.199768 -0 0.838303 0.846828
-0.339484 -0.231672 -0 0.808435 0.810318
-0.339484 -0.231672 -0 0.808435 0.810318
-0.345839 -0.199768 -0 0.838303 0.846828
-0.381918 -0.260631 -0 0.825575 0.77897
-0.345839 -0.199768 -0 0.838303 0.846828
-0.389068 -0.22474 -0 0.858577 0.81516
-0.381918 -0.260631 -0 0.825575 0.77897
-0.381918 -0.260631 -0 0.825575 0.77897
-0.389068 -0.22474 -0 0.858577 0.81516
-0.424355 -0.28959 -0 0.840707 0.751295
-0.389068 -0.22474 -0 0.858577 0.81516
-0.432298 -0.249711 -0 0.876615 0.786983
-0.424355 -0.28959 -0 0.840707 0.751295
-0.249148 -0.197206 -0 0.745621 0.855969
-0.254614 -0.173754 -0 0.766288 0.887401
-0.290673 -0.230073 -0 0.765208 0.814696
-0.254614 -0.173754 -0 0.766288 0.887401
-0.297048 -0.202713 -0 0.788859 0.846121
-0.290673 -0.230073 -0 0.765208 0.814696
-0.290673 -0.230073 -0 0.765208 0.814696
-0.297048 -0.202713 -0 0.788859 0.846121
-0.332198 -0.262941 -0 0.78205 0.779209
-0.297048 -0.202713 -0 0.788859 0.846121
-0.339484 -0.231672 -0 0.808435 0.810318
-0.332198 -0.262941 -0 0.78205 0.779209
-0.332198 -0.262941 -0 0.78205 0.779209
-0.339484 -0.231672 -0 0.808435 0.810318
-0.373723 -0.295808 -0 0.796684 0.748371
-0.339484 -0.231672 -0 0.808435 0.810318
-0.381918 -0.260631 -0 0.825575 0.77897
-0.373723 -0.295808 -0 0.796684 0.748371
-0.373723 -0.295808 -0 0.796684 0.748371
-0.381918 -0.260631 -0 0.825575 0.77897
-0.415248 -0.328676 -0 0.80952 0.721325
-0.381918 -0.260631 -0 0.825575 0.77897
-0.424355 -0.28959 -0 0.840707 0.751295
-0.415248 -0.328676 -0 0.80952 0.721325
-0.202502 -0.183431 -0 0.706466 0.877256
-0.207624 -0.164338 -0 0.722556 0.90457
-0.243002 -0.220117 -0 0.726782 0.828516
-0.207624 -0.164338 -0 0.722556 0.90457
-0.249148 -0.197206 -0 0.745621 0.855969
-0.243002 -0.220117 -0 0.726782 0.828516
-0.243002 -0.220117 -0 0.726782 0.828516
-0.249148 -0.197206 -0 0.745621 0.855969
-0.283502 -0.256803 -0 0.743883 0.787488
-0.249148 -0.197206 -0 0.745621 0.855969
-0.290673 -0.230073 -0 0.765208 0.814696
-0.283502 -0.256803 -0 0.743883 0.787488
-0.283502 -0.256803 -0 0.743883 0.787488
-0.290673 -0.230073 -0 0.765208 0.814696
-0.324002 -0.293489 -0 0.758476 0.752478
-0.290673 -0.230073 -0 0.765208 0.814696
-0.332198 -0.262941 -0 0.78205 0.779209
-0.324002 -0.293489 -0 0.758476 0.752478
-0.324002 -0.293489 -0 0.758476 0.752478
-0.332198 -0.262941 -0 0.78205 0.779209
-0.364502 -0.330175 -0 0.771076 0.72225
-0.332198 -0.262941 -0 0.78205 0.779209
-0.373723 -0.295808 -0 0.796684 0.748371
-0.364502 -0.330175 -0 0.771076 0.72225
-0.157459 -0.161616 -0 0.669615 0.912353
-0.162001 -0.146744 -0 0.681935 0.936109
-0.196824 -0.20202 -0 0.691512 0.853064
-0.162001 -0.146744 -0 0.681935 0.936109
-0.202502 -0.183431 -0 0.706466 0.877256
-0.196824 -0.20202 -0 0.691512 0.853064
-0.196824 -0.20202 -0 0.691512 0.853064
-0.202502 -0.183431 -0 0.706466 0.877256
-0.236189 -0.242424 -0 0.709478 0.80442
-0.202502 -0.183431 -0 0.706466 0.877256
-0.243002 -0.220117 -0 0.726782 0.828516
-0.236189 -0.242424 -0 0.709478 0.80442
-0.236189 -0.242424 -0 0.709478 0.80442
-0.243002 -0.220117 -0 0.726782 0.828516
-0.275555 -0.282828 -0 0.724484 0.763792
-0.243002 -0.220117 -0 0.726782 0.828516
-0.283502 -0.256803 -0 0.743883 0.787488
-0.275555 -0.282828 -0 0.724484 0.763792
-0.275555 -0.282828 -0 0.724484 0.763792
-0.283502 -0.256803 -0 0.743883 0.787488
-0.314918 -0.323232 -0 0.737205 0.729348
-0.283502 -0.256803 -0 0.743883 0.787488
-0.324002 -0.293489 -0 0.758476 0.752478
-0.314918 -0.323232 -0 0.737205 0.729348
-0.314918 -0.323232 -0 0.737205 0.729348
-0.324002 -0.293489 -0 0.758476 0.752478
-0.354284 -0.363636 -0 0.748127 0.699776
-0.324002 -0.293489 -0 0.758476 0.752478
-0.364502 -0.330175 -0 0.771076 0.72225
-0.354284 -0.363636 -0 0.748127 0.699776
-0.0762427 -0.119762 -0 0.591151 0.992782
-0.0787295 -0.119762 -0 0.594241 0.992562
-0.114364 -0.132034 -0 0.633291 0.965894
-0.152485 -0.176045 -0 0.657946 0.891042
-0.157459 -0.161616 -0 0.669615 0.912353
-0.190607 -0.220056 -0 0.677535 0.831573
-0.157459 -0.161616 -0 0.669615 0.912353
-0.196824 -0.20202 -0 0.691512 0.853064
-0.190607 -0.220056 -0 0.677535 0.831573
-0.190607 -0.220056 -0 0.677535 0.831573
-0.196824 -0.20202 -0 0.691512 0.853064
-0.228727 -0.264067 -0 0.693473 0.783188
-0.196824 -0.20202 -0 0.691512 0.853064
-0.236189 -0.242424 -0 0.709478 0.80442
-0.228727 -0.264067 -0 0.693473 0.783188
-0.228727 -0.264067 -0 0.693473 0.783188
-0.236189 -0.242424 -0 0.709478 0.80442
-0.26685 -0.308079 -0 0.706694 0.74305
-0.236189 -0.242424 -0 0.709478 0.80442
-0.275555 -0.282828 -0 0.724484 0.763792
-0.26685 -0.308079 -0 0.706694 0.74305
-0.26685 -0.308079 -0 0.706694 0.74305
-0.275555 -0.282828 -0 0.724484 0.763792
-0.30497 -0.35209 -0 0.717838 0.709218
-0.275555 -0.282828 -0 0.724484 0.763792
-0.314918 -0.323232 -0 0.737205 0.729348
-0.30497 -0.35209 -0 0.717838 0.709218
-0.30497 -0.35209 -0 0.717838 0.709218
-0.314918 -0.323232 -0 0.737205 0.729348
-0.343093 -0.396101 -0 0.727359 0.680313
-0.314918 -0.323232 -0 0.737205 0.729348
-0.354284 -0.363636 -0 0.748127 0.699776
-0.343093 -0.396101 -0 0.727359 0.680313
-0.073547 -0.119762 -0 0.5878 0.993022
-0.0762427 -0.119762 -0 0.591151 0.992782
-0.11032 -0.142493 -0 0.624553 0.947441
-0.0762427 -0.119762 -0 0.591151 0.992782
-0.114364 -0.132034 -0 0.633291 0.965894
-0.11032 -0.142493 -0 0.624553 0.947441
-0.11032 -0.142493 -0 0.624553 0.947441
-0.114364 -0.132034 -0 0.633291 0.965894
-0.147094 -0.189991 -0 0.64685 0.871901
-0.114364 -0.132034 -0 0.633291 0.965894
-0.152485 -0.176045 -0 0.657946 0.891042
-0.147094 -0.189991 -0 0.64685 0.871901
-0.147094 -0.189991 -0 0.64685 0.871901
-0.152485 -0.176045 -0 0.657946 0.891042
-0.183868 -0.237489 -0 0.664401 0.812439
-0.152485 -0.176045 -0 0.657946 0.891042
-0.190607 -0.220056 -0 0.677535 0.831573
-0.183868 -0.237489 -0 0.664401 0.812439
-0.183868 -0.237489 -0 0.664401 0.812439
-0.190607 -0.220056 -0 0.677535 0.831573
-0.220641 -0.284987 -0 0.678575 0.764418
-0.190607 -0.220056 -0 0.677535 0.831573
-0.228727 -0.264067 -0 0.693473 0.783188
-0.220641 -0.284987 -0 0.678575 0.764418
-0.220641 -0.284987 -0 0.678575 0.764418
-0.228727 -0.264067 -0 0.693473 0.783188
-0.257414 -0.332484 -0 0.690262 0.724824
-0.228727 -0.264067 -0 0.693473 0.783188
-0.26685 -0.308079 -0 0.706694 0.74305
-0.257414 -0.332484 -0 0.690262 0.724824
-0.257414 -0.332484 -0 0.690262 0.724824
-0.26685 -0.308079 -0 0.706694 0.74305
-0.294189 -0.379982 -0 0.700063 0.691618
-0.26685 -0.308079 -0 0.706694 0.74305
-0.30497 -0.35209 -0 0.717838 0.709218
-0.294189 -0.379982 -0 0.700063 0.691618
-0.294189 -0.379982 -0 0.700063 0.691618
-0.30497 -0.35209 -0 0.717838 0.709218
-0.330961 -0.427479 -0 0.7084 0.66337
-0.30497 -0.35209 -0 0.717838 0.709218
-0.343093 -0.396101 -0 0.727359 0.680313
-0.330961 -0.427479 -0 0.7084 0.66337
-0.0706496 -0.119762 -0 0.584197 0.99328
-0.073547 -0.119762 -0 0.5878 0.993022
-0.105975 -0.152562 -0 0.616093 0.930689
-0.073547 -0.119762 -0 0.5878 0.993022
-0.11032 -0.142493 -0 0.624553 0.947441
-0.105975 -0.152562 -0 0.616093 0.930689
-0.105975 -0.152562 -0 0.616093 0.930689
-0.11032 -0.142493 -0 0.624553 0.947441
-0.141299 -0.203417 -0 0.636258 0.854695
-0.11032 -0.142493 -0 0.624553 0.947441
-0.147094 -0.189991 -0 0.64685 0.871901
-0.141299 -0.203417 -0 0.636258 0.854695
-0.141299 -0.203417 -0 0.636258 0.854695
-0.147094 -0.189991 -0 0.64685 0.871901
-0.176624 -0.254271 -0 0.651998 0.795376
-0.147094 -0.189991 -0 0.64685 0.871901
-0.183868 -0.237489 -0 0.664401 0.812439
-0.176624 -0.254271 -0 0.651998 0.795376
-0.176624 -0.254271 -0 0.651998 0.795376
-0.183868 -0.237489 -0 0.664401 0.812439
-0.211949 -0.305125 -0 0.664626 0.747786
-0.183868 -0.237489 -0 0.664401 0.812439
-0.220641 -0.284987 -0 0.678575 0.764418
-0.211949 -0.305125 -0 0.664626 0.747786
-0.211949 -0.305125 -0 0.664626 0.747786
-0.220641 -0.284987 -0 0.678575 0.764418
-0.247273 -0.355979 -0 0.674982 0.708759
-0.220641 -0.284987 -0 0.678575 0.764418
-0.257414 -0.332484 -0 0.690262 0.724824
-0.247273 -0.355979 -0 0.674982 0.708759
-0.247273 -0.355979 -0 0.674982 0.708759
-0.257414 -0.332484 -0 0.690262 0.724824
-0.282598 -0.406832 -0 0.683628 0.676174
-0.257414 -0.332484 -0 0.690262 0.724824
-0.294189 -0.379982 -0 0.700063 0.691618
-0.282598 -0.406832 -0 0.683628 0.676174
-0.282598 -0.406832 -0 0.683628 0.676174
-0.294189 -0.379982 -0 0.700063 0.691618
-0.317923 -0.457689 -0 0.690955 0.648559
-0.294189 -0.379982 -0 0.700063 0.691618
-0.330961 -0.427479 -0 0.7084 0.66337
-0.317923 -0.457689 -0 0.690955 0.648559
-0.0675586 -0.119762 -0 0.580351 0.993555
-0.0706496 -0.119762 -0 0.584197 0.99328
-0.101338 -0.162213 -0 0.607883 0.915492
-0.0706496 -0.119762 -0 0.584197 0.99328
-0.105975 -0.152562 -0 0.616093 0.930689
-0.101338 -0.162213 -0 0.607883 0.915492
-0.101338 -0.162213 -0 0.607883 0.915492
-0.105975 -0.152562 -0 0.616093 0.930689
-0.135117 -0.216284 -0 0.626111 0.839229
-0.105975 -0.152562 -0 0.616093 0.930689
-0.141299 -0.203417 -0 0.636258 0.854695
-0.135117 -0.216284 -0 0.626111 0.839229
-0.135117 -0.216284 -0 0.626111 0.839229
-0.141299 -0.203417 -0 0.636258 0.854695
-0.168897 -0.270356 -0 0.640232 0.780145
-0.141299 -0.203417 -0 0.636258 0.854695
-0.176624 -0.254271 -0 0.651998 0.795376
-0.168897 -0.270356 -0 0.640232 0.780145
-0.168897 -0.270356 -0 0.640232 0.780145
-0.176624 -0.254271 -0 0.651998 0.795376
-0.202676 -0.324427 -0 0.651495 0.733025
-0.176624 -0.254271 -0 0.651998 0.795376
-0.211949 -0.305125 -0 0.664626 0.747786
-0.202676 -0.324427 -0 0.651495 0.733025
-0.202676 -0.324427 -0 0.651495 0.733025
-0.211949 -0.305125 -0 0.664626 0.747786
-0.236455 -0.378498 -0 0.660686 0.694568
-0.211949 -0.305125 -0 0.664626 0.747786
-0.247273 -0.355979 -0 0.674982 0.708759
-0.236455 -0.378498 -0 0.660686 0.694568
-0.236455 -0.378498 -0 0.660686 0.694568
-0.247273 -0.355979 -0 0.674982 0.708759
-0.270234 -0.43257 -0 0.66833 0.662586
-0.247273 -0.355979 -0 0.674982 0.708759
-0.282598 -0.406832 -0 0.683628 0.676174
-0.270234 -0.43257 -0 0.66833 0.662586
-0.270234 -0.43257 -0 0.66833 0.662586
-0.282598 -0.406832 -0 0.683628 0.676174
-0.304014 -0.486642 -0 0.674787 0.635571
-0.282598 -0.406832 -0 0.683628 0.676174
-0.317923 -0.457689 -0 0.690955 0.648559
-0.304014 -0.486642 -0 0.674787 0.635571
-0.0642825 -0.119762 -0 0.576272 0.993846
-0.0675586 -0.119762 -0 0.580351 0.993555
-0.0964236 -0.17142 -0 0.599899 0.901725
-0.0675586 -0.119762 -0 0.580351 0.993555
-0.101338 -0.162213 -0 0.607883 0.915492
-0.0964236 -0.17142 -0 0.599899 0.901725
-0.0964236 -0.17142 -0 0.599899 0.901725
-0.101338 -0.162213 -0 0.607883 0.915492
-0.128565 -0.22856 -0 0.616358 0.825332
-0.101338 -0.162213 -0 0.607883 0.915492
-0.135117 -0.216284 -0 0.626111 0.839229
-0.128565 -0.22856 -0 0.616358 0.825332
-0.128565 -0.22856 -0 0.616358 0.825332
-0.135117 -0.216284 -0 0.626111 0.839229
-0.160706 -0.2857 -0 0.629023 0.766548
-0.135117 -0.216284 -0 0.626111 0.839229
-0.168897 -0.270356 -0 0.640232 0.780145
-0.160706 -0.2857 -0 0.629023 0.766548
-0.160706 -0.2857 -0 0.629023 0.766548
-0.168897 -0.270356 -0 0.640232 0.780145
-0.192847 -0.34284 -0 0.639071 0.719914
-0.168897 -0.270356 -0 0.640232 0.780145
-0.202676 -0.324427 -0 0.651495 0.733025
-0.192847 -0.34284 -0 0.639071 0.719914
-0.192847 -0.34284 -0 0.639071 0.719914
-0.202676 -0.324427 -0 0.651495 0.733025
-0.224989 -0.39998 -0 0.647236 0.682016
-0.202676 -0.324427 -0 0.651495 0.733025
-0.236455 -0.378498 -0 0.660686 0.694568
-0.224989 -0.39998 -0 0.647236 0.682016
-0.224989 -0.39998 -0 0.647236 0.682016
-0.236455 -0.378498 -0 0.660686 0.694568
-0.25713 -0.457119 -0 0.654002 0.65061
-0.236455 -0.378498 -0 0.660686 0.694568
-0.270234 -0.43257 -0 0.66833 0.662586
-0.25713 -0.457119 -0 0.654002 0.65061
-0.25713 -0.457119 -0 0.654002 0.65061
-0.270234 -0.43257 -0 0.66833 0.662586
-0.28927 -0.514259 -0 0.659701 0.624159
-0.270234 -0.43257 -0 0.66833 0.662586
-0.304014 -0.486642 -0 0.674787 0.635571
-0.28927 -0.514259 -0 0.659701 0.624159
-0.06083 -0.120104 -0 0.571892 0.993468
-0.0642825 -0.119762 -0 0.576272 0.993846
-0.091245 -0.180156 -0 0.592119 0.889278
-0.0642825 -0.119762 -0 0.576272 0.993846
-0.0964236 -0.17142 -0 0.599899 0.901725
-0.091245 -0.180156 -0 0.592119 0.889278
-0.091245 -0.180156 -0 0.592119 0.889278
-0.0964236 -0.17142 -0 0.599899 0.901725
-0.12166 -0.240208 -0 0.606955 0.81286
-0.0964236 -0.17142 -0 0.599899 0.901725
-0.128565 -0.22856 -0 0.616358 0.825332
-0.12166 -0.240208 -0 0.606955 0.81286
-0.12166 -0.240208 -0 0.606955 0.81286
-0.128565 -0.22856 -0 0.616358 0.825332
-0.152075 -0.300261 -0 0.618301 0.754415
-0.128565 -0.22856 -0 0.616358 0.825332
-0.160706 -0.2857 -0 0.629023 0.766548
-0.152075 -0.300261 -0 0.618301 0.754415
-0.152075 -0.300261 -0 0.618301 0.754415
-0.160706 -0.2857 -0 0.629023 0.766548
-0.18249 -0.360313 -0 0.62726 0.708269
-0.160706 -0.2857 -0 0.629023 0.766548
-0.192847 -0.34284 -0 0.639071 0.719914
-0.18249 -0.360313 -0 0.62726 0.708269
-0.18249 -0.360313 -0 0.62726 0.708269
-0.192847 -0.34284 -0 0.639071 0.719914
-0.212905 -0.420364 -0 0.634513 0.670911
-0.192847 -0.34284 -0 0.639071 0.719914
-0.224989 -0.39998 -0 0.647236 0.682016
-0.212905 -0.420364 -0 0.634513 0.670911
-0.212905 -0.420364 -0 0.634513 0.670911
-0.224989 -0.39998 -0 0.647236 0.682016
-0.24332 -0.480416 -0 0.640505 0.640047
-0.224989 -0.39998 -0 0.647236 0.682016
-0.25713 -0.457119 -0 0.654002 0.65061
-0.24332 -0.480416 -0 0.640505 0.640047
-0.24332 -0.480416 -0 0.640505 0.640047
-0.25713 -0.457119 -0 0.654002 0.65061
-0.273736 -0.540469 -0 0.645538 0.61412
-0.25713 -0.457119 -0 0.654002 0.65061
-0.28927 -0.514259 -0 0.659701 0.624159
-0.273736 -0.540469 -0 0.645538 0.61412
-0.091245 -0.180156 -0 0.592119 0.889278
-0.12166 -0.240208 -0 0.606955 0.81286
-0.114422 -0.251199 -0 0.59786 0.80169
-0.114422 -0.251199 -0 0.59786 0.80169
-0.12166 -0.240208 -0 0.606955 0.81286
-0.143027 -0.313998 -0 0.608006 0.743605
-0.12166 -0.240208 -0 0.606955 0.81286
-0.152075 -0.300261 -0 0.618301 0.754415
-0.143027 -0.313998 -0 0.608006 0.743605
-0.143027 -0.313998 -0 0.608006 0.743605
-0.152075 -0.300261 -0 0.618301 0.754415
-0.171633 -0.376798 -0 0.615983 0.697938
-0.152075 -0.300261 -0 0.618301 0.754415
-0.18249 -0.360313 -0 0.62726 0.708269
-0.171633 -0.376798 -0 0.615983 0.697938
-0.171633 -0.376798 -0 0.615983 0.697938
-0.18249 -0.360313 -0 0.62726 0.708269
-0.200238 -0.439596 -0 0.622419 0.661091
-0.18249 -0.360313 -0 0.62726 0.708269
-0.212905 -0.420364 -0 0.634513 0.670911
-0.200238 -0.439596 -0 0.622419 0.661091
-0.200238 -0.439596 -0 0.622419 0.661091
-0.212905 -0.420364 -0 0.634513 0.670911
-0.228843 -0.502396 -0 0.627722 0.630734
-0.212905 -0.420364 -0 0.634513 0.670911
-0.24332 -0.480416 -0 0.640505 0.640047
-0.228843 -0.502396 -0 0.627722 0.630734
-0.228843 -0.502396 -0 0.627722 0.630734
-0.24332 -0.480416 -0 0.640505 0.640047
-0.25745 -0.565196 -0 0.632166 0.605291
-0.24332 -0.480416 -0 0.640505 0.640047
-0.273736 -0.540469 -0 0.645538 0.61412
-0.25745 -0.565196 -0 0.632166 0.605291
-0.10687 -0.261501 -0 0.589039 0.791716
-0.114422 -0.251199 -0 0.59786 0.80169
-0.133588 -0.326876 -0 0.598085 0.733998
-0.114422 -0.251199 -0 0.59786 0.80169
-0.143027 -0.313998 -0 0.608006 0.743605
-0.133588 -0.326876 -0 0.598085 0.733998
-0.133588 -0.326876 -0 0.598085 0.733998
-0.143027 -0.313998 -0 0.608006 0.743605
-0.160305 -0.392251 -0 0.60517 0.68879
-0.143027 -0.313998 -0 0.608006 0.743605
-0.171633 -0.376798 -0 0.615983 0.697938
-0.160305 -0.392251 -0 0.60517 0.68879
-0.160305 -0.392251 -0 0.60517 0.68879
-0.171633 -0.376798 -0 0.615983 0.697938
-0.187023 -0.457624 -0 0.610869 0.652423
-0.171633 -0.376798 -0 0.615983 0.697938
-0.200238 -0.439596 -0 0.622419 0.661091
-0.187023 -0.457624 -0 0.610869 0.652423
-0.187023 -0.457624 -0 0.610869 0.652423
-0.200238 -0.439596 -0 0.622419 0.661091
-0.21374 -0.523002 -0 0.615554 0.622534
-0.200238 -0.439596 -0 0.622419 0.661091
-0.228843 -0.502396 -0 0.627722 0.630734
-0.21374 -0.523002 -0 0.615554 0.622534
-0.21374 -0.523002 -0 0.615554 0.622534
-0.228843 -0.502396 -0 0.627722 0.630734
-0.240457 -0.588376 -0 0.619472 0.597534
-0.228843 -0.502396 -0 0.627722 0.630734
-0.25745 -0.565196 -0 0.632166 0.605291
-0.240457 -0.588376 -0 0.619472 0.597534
-0.0990252 -0.271085 -0 0.580458 0.782846
-0.10687 -0.261501 -0 0.589039 0.791716
-0.123782 -0.338857 -0 0.58849 0.725491
-0.10687 -0.261501 -0 0.589039 0.791716
-0.133588 -0.326876 -0 0.598085 0.733998
-0.123782 -0.338857 -0 0.58849 0.725491
-0.123782 -0.338857 -0 0.58849 0.725491
-0.133588 -0.326876 -0 0.598085 0.733998
-0.148538 -0.406626 -0 0.59476 0.680717
-0.133588 -0.326876 -0 0.598085 0.733998
-0.160305 -0.392251 -0 0.60517 0.68879
-0.148538 -0.406626 -0 0.59476 0.680717
-0.148538 -0.406626 -0 0.59476 0.680717
-0.160305 -0.392251 -0 0.60517 0.68879
-0.173294 -0.4744 -0 0.59979 0.644795
-0.160305 -0.392251 -0 0.60517 0.68879
-0.187023 -0.457624 -0 0.610869 0.652423
-0.173294 -0.4744 -0 0.59979 0.644795
-0.173294 -0.4744 -0 0.59979 0.644795
-0.187023 -0.457624 -0 0.610869 0.652423
-0.19805 -0.54217 -0 0.603916 0.615335
-0.187023 -0.457624 -0 0.610869 0.652423
-0.21374 -0.523002 -0 0.615554 0.622534
-0.19805 -0.54217 -0 0.603916 0.615335
-0.19805 -0.54217 -0 0.603916 0.615335
-0.21374 -0.523002 -0 0.615554 0.622534
-0.222807 -0.609943 -0 0.60736 0.590738
-0.21374 -0.523002 -0 0.615554 0.622534
-0.240457 -0.588376 -0 0.619472 0.597534
-0.222807 -0.609943 -0 0.60736 0.590738
-0.0990252 -0.271085 -0 0.580458 0.782846
-0.123782 -0.338857 -0 0.58849 0.725491
-0.113636 -0.349909 -0 0.579181 0.717997
-0.113636 -0.349909 -0 0.579181 0.717997
-0.123782 -0.338857 -0 0.58849 0.725491
-0.136364 -0.419891 -0 0.5847 0.673628
-0.123782 -0.338857 -0 0.58849 0.725491
-0.148538 -0.406626 -0 0.59476 0.680717
-0.136364 -0.419891 -0 0.5847 0.673628
-0.136364 -0.419891 -0 0.5847 0.673628
-0.148538 -0.406626 -0 0.59476 0.680717
-0.159091 -0.489875 -0 0.589118 0.638114
-0.148538 -0.406626 -0 0.59476 0.680717
-0.173294 -0.4744 -0 0.59979 0.644795
-0.159091 -0.489875 -0 0.589118 0.638114
-0.159091 -0.489875 -0 0.589118 0.638114
-0.173294 -0.4744 -0 0.59979 0.644795
-0.181818 -0.559855 -0 0.592734 0.609044
-0.173294 -0.4744 -0 0.59979 0.644795
-0.19805 -0.54217 -0 0.603916 0.615335
-0.181818 -0.559855 -0 0.592734 0.609044
-0.181818 -0.559855 -0 0.592734 0.609044
-0.19805 -0.54217 -0 0.603916 0.615335
-0.204545 -0.629838 -0 0.595749 0.58481
-0.19805 -0.54217 -0 0.603916 0.615335
-0.222807 -0.609943 -0 0.60736 0.590738
-0.204545 -0.629838 -0 0.595749 0.58481
-0.204545 -0.629838 -0 0.595749 0.58481
-0.222807 -0.609943 -0 0.60736 0.590738
-0.227273 -0.699818 -0 0.598301 0.564298
-0.113636 -0.349909 -0 0.579181 0.717997
-0.136364 -0.419891 -0 0.5847 0.673628
-0.123816 -0.432004 -0 0.574943 0.667446
-0.123816 -0.432004 -0 0.574943 0.667446
-0.136364 -0.419891 -0 0.5847 0.673628
-0.144452 -0.504004 -0 0.578796 0.632301
-0.136364 -0.419891 -0 0.5847 0.673628
-0.159091 -0.489875 -0 0.589118 0.638114
-0.144452 -0.504004 -0 0.578796 0.632301
-0.144452 -0.504004 -0 0.578796 0.632301
-0.159091 -0.489875 -0 0.589118 0.638114
-0.165088 -0.576004 -0 0.581945 0.603581
-0.159091 -0.489875 -0 0.589118 0.638114
-0.181818 -0.559855 -0 0.592734 0.609044
-0.165088 -0.576004 -0 0.581945 0.603581
-0.165088 -0.576004 -0 0.581945 0.603581
-0.181818 -0.559855 -0 0.592734 0.609044
-0.185723 -0.648004 -0 0.584566 0.579671
-0.181818 -0.559855 -0 0.592734 0.609044
-0.204545 -0.629838 -0 0.595749 0.58481
-0.185723 -0.648004 -0 0.584566 0.579671
-0.185723 -0.648004 -0 0.584566 0.579671
-0.204545 -0.629838 -0 0.595749 0.58481
-0.206359 -0.720004 -0 0.586782 0.559457
-0.204545 -0.629838 -0 0.595749 0.58481
-0.227273 -0.699818 -0 0.598301 0.564298
-0.206359 -0.720004 -0 0.586782 0.559457
-0.123816 -0.432004 -0 0.574943 0.667446
-0.144452 -0.504004 -0 0.578796 0.632301
-0.129416 -0.516752 -0 0.568775 0.62729
-0.129416 -0.516752 -0 0.568775 0.62729
-0.144452 -0.504004 -0 0.578796 0.632301
-0.147904 -0.590574 -0 0.571491 0.598881
-0.144452 -0.504004 -0 0.578796 0.632301
-0.165088 -0.576004 -0 0.581945 0.603581
-0.147904 -0.590574 -0 0.571491 0.598881
-0.147904 -0.590574 -0 0.571491 0.598881
-0.165088 -0.576004 -0 0.581945 0.603581
-0.166392 -0.664396 -0 0.573749 0.575258
-0.165088 -0.576004 -0 0.581945 0.603581
-0.185723 -0.648004 -0 0.584566 0.579671
-0.166392 -0.664396 -0 0.573749 0.575258
-0.166392 -0.664396 -0 0.573749 0.575258
-0.185723 -0.648004 -0 0.584566 0.579671
-0.18488 -0.738218 -0 0.575656 0.555306
-0.185723 -0.648004 -0 0.584566 0.579671
-0.206359 -0.720004 -0 0.586782 0.559457
-0.18488 -0.738218 -0 0.575656 0.555306
-0.129416 -0.516752 -0 0.568775 0.62729
-0.147904 -0.590574 -0 0.571491 0.598881
-0.130316 -0.603527 -0 0.561321 0.59489
-0.130316 -0.603527 -0 0.561321 0.59489
-0.147904 -0.590574 -0 0.571491 0.598881
-0.146605 -0.678966 -0 0.563241 0.571517
-0.147904 -0.590574 -0 0.571491 0.598881
-0.166392 -0.664396 -0 0.573749 0.575258
-0.146605 -0.678966 -0 0.563241 0.571517
-0.146605 -0.678966 -0 0.563241 0.571517
-0.166392 -0.664396 -0 0.573749 0.575258
-0.162895 -0.754408 -0 0.564862 0.551793
-0.166392 -0.664396 -0 0.573749 0.575258
-0.18488 -0.738218 -0 0.575656 0.555306
-0.162895 -0.754408 -0 0.564862 0.551793
0.146605 -0.678966 -0 0.425347 0.577321
0.126416 -0.691677 -0 0.435759 0.57331
0.162895 -0.754408 -0 0.423588 0.557546
0.126416 -0.691677 -0 0.435759 0.57331
0.140462 -0.768529 -0 0.434278 0.553736
0.162895 -0.754408 -0 0.423588 0.557546
0.129416 -0.516752 -0 0.420009 0.634131
0.114026 -0.528085 -0 0.429939 0.62892
0.147904 -0.590574 -0 0.417081 0.605677
0.114026 -0.528085 -0 0.429939 0.62892
0.130316 -0.603527 -0 0.427431 0.600742
0.147904 -0.590574 -0 0.417081 0.605677
0.147904 -0.590574 -0 0.417081 0.605677
0.130316 -0.603527 -0 0.427431 0.600742
0.166392 -0.664396 -0 0.414645 0.582001
0.130316 -0.603527 -0 0.427431 0.600742
0.146605 -0.678966 -0 0.425347 0.577321
0.166392 -0.664396 -0 0.414645 0.582001
0.166392 -0.664396 -0 0.414645 0.582001
0.146605 -0.678966 -0 0.425347 0.577321
0.18488 -0.738218 -0 0.412585 0.561991
0.146605 -0.678966 -0 0.425347 0.577321
0.162895 -0.754408 -0 0.423588 0.557546
0.18488 -0.738218 -0 0.412585 0.561991
0.123816 -0.432004 -0 0.413929 0.675302
0.110928 -0.442929 -0 0.423594 0.668968
0.144452 -0.504004 -0 0.409795 0.640136
0.110928 -0.442929 -0 0.423594 0.668968
0.129416 -0.516752 -0 0.420009 0.634131
0.144452 -0.504004 -0 0.409795 0.640136
0.144452 -0.504004 -0 0.409795 0.640136
0.129416 -0.516752 -0 0.420009 0.634131
0.165088 -0.576004 -0 0.406414 0.61137
0.129416 -0.516752 -0 0.420009 0.634131
0.147904 -0.590574 -0 0.417081 0.605677
0.165088 -0.576004 -0 0.406414 0.61137
0.165088 -0.576004 -0 0.406414 0.61137
0.147904 -0.590574 -0 0.417081 0.605677
0.185723 -0.648004 -0 0.403597 0.587402
0.147904 -0.590574 -0 0.417081 0.605677
0.166392 -0.664396 -0 0.414645 0.582001
0.185723 -0.648004 -0 0.403597 0.587402
0.185723 -0.648004 -0 0.403597 0.587402
0.166392 -0.664396 -0 0.414645 0.582001
0.206359 -0.720004 -0 0.401213 0.567124
0.166392 -0.664396 -0 0.414645 0.582001
0.18488 -0.738218 -0 0.412585 0.561991
0.206359 -0.720004 -0 0.401213 0.567124
0.113636 -0.349909 -0 0.409872 0.726856
0.10318 -0.360003 -0 0.419097 0.71927
0.136364 -0.419891 -0 0.403976 0.68253
0.10318 -0.360003 -0 0.419097 0.71927
0.123816 -0.432004 -0 0.413929 0.675302
0.136364 -0.419891 -0 0.403976 0.68253
0.136364 -0.419891 -0 0.403976 0.68253
0.123816 -0.432004 -0 0.413929 0.675302
0.159091 -0.489875 -0 0.399249 0.647
0.123816 -0.432004 -0 0.413929 0.675302
0.144452 -0.504004 -0 0.409795 0.640136
0.159091 -0.489875 -0 0.399249 0.647
0.159091 -0.489875 -0 0.399249 0.647
0.144452 -0.504004 -0 0.409795 0.640136
0.181818 -0.559855 -0 0.395376 0.617883
0.144452 -0.504004 -0 0.409795 0.640136
0.165088 -0.576004 -0 0.406414 0.61137
0.181818 -0.559855 -0 0.395376 0.617883
0.181818 -0.559855 -0 0.395376 0.617883
0.165088 -0.576004 -0 0.406414 0.61137
0.204545 -0.629838 -0 0.392143 0.593587
0.165088 -0.576004 -0 0.406414 0.61137
0.185723 -0.648004 -0 0.403597 0.587402
0.204545 -0.629838 -0 0.392143 0.593587
0.0990252 -0.271085 -0 0.408921 0.792596
0.0909091 -0.279927 -0 0.417435 0.783703
0.123782 -0.338857 -0 0.400374 0.735438
0.0909091 -0.279927 -0 0.417435 0.783703
0.113636 -0.349909 -0 0.409872 0.726856
0.123782 -0.338857 -0 0.400374 0.735438
0.123782 -0.338857 -0 0.400374 0.735438
0.113636 -0.349909 -0 0.409872 0.726856
0.148538 -0.406626 -0 0.393688 0.690728
0.113636 -0.349909 -0 0.409872 0.726856
0.136364 -0.419891 -0 0.403976 0.68253
0.148538 -0.406626 -0 0.393688 0.690728
0.148538 -0.406626 -0 0.393688 0.690728
0.136364 -0.419891 -0 0.403976 0.68253
0.173294 -0.4744 -0 0.388316 0.654798
0.136364 -0.419891 -0 0.403976 0.68253
0.159091 -0.489875 -0 0.399249 0.647
0.173294 -0.4744 -0 0.388316 0.654798
0.173294 -0.4744 -0 0.388316 0.654798
0.159091 -0.489875 -0 0.399249 0.647
0.19805 -0.54217 -0 0.383904 0.625293
0.159091 -0.489875 -0 0.399249 0.647
0.181818 -0.559855 -0 0.395376 0.617883
0.19805 -0.54217 -0 0.383904 0.625293
0.19805 -0.54217 -0 0.383904 0.625293
0.181818 -0.559855 -0 0.395376 0.617883
0.222807 -0.609943 -0 0.380216 0.600632
0.181818 -0.559855 -0 0.395376 0.617883
0.204545 -0.629838 -0 0.392143 0.593587
0.222807 -0.609943 -0 0.380216 0.600632
0.10687 -0.261501 -0 0.400175 0.802574
0.0990252 -0.271085 -0 0.408921 0.792596
0.133588 -0.326876 -0 0.390563 0.745102
0.0990252 -0.271085 -0 0.408921 0.792596
0.123782 -0.338857 -0 0.400374 0.735438
0.133588 -0.326876 -0 0.390563 0.745102
0.133588 -0.326876 -0 0.390563 0.745102
0.123782 -0.338857 -0 0.400374 0.735438
0.160305 -0.392251 -0 0.383017 0.699983
0.123782 -0.338857 -0 0.400374 0.735438
0.148538 -0.406626 -0 0.393688 0.690728
0.160305 -0.392251 -0 0.383017 0.699983
0.160305 -0.392251 -0 0.383017 0.699983
0.148538 -0.406626 -0 0.393688 0.690728
0.187023 -0.457624 -0 0.376935 0.663621
0.148538 -0.406626 -0 0.393688 0.690728
0.173294 -0.4744 -0 0.388316 0.654798
0.187023 -0.457624 -0 0.376935 0.663621
0.187023 -0.457624 -0 0.376935 0.663621
0.173294 -0.4744 -0 0.388316 0.654798
0.21374 -0.523002 -0 0.37193 0.633692
0.173294 -0.4744 -0 0.388316 0.654798
0.19805 -0.54217 -0 0.383904 0.625293
0.21374 -0.523002 -0 0.37193 0.633692
0.21374 -0.523002 -0 0.37193 0.633692
0.19805 -0.54217 -0 0.383904 0.625293
0.240457 -0.588376 -0 0.367738 0.608627
0.19805 -0.54217 -0 0.383904 0.625293
0.222807 -0.609943 -0 0.380216 0.600632
0.240457 -0.588376 -0 0.367738 0.608627
0.0572109 -0.125599 -0 0.424582 0.992951
0.053435 -0.13075 -0 0.430272 0.982522
0.0858164 -0.188399 -0 0.405282 0.889433
0.114422 -0.251199 -0 0.391167 0.813724
0.10687 -0.261501 -0 0.400175 0.802574
0.143027 -0.313998 -0 0.380394 0.755945
0.10687 -0.261501 -0 0.400175 0.802574
0.133588 -0.326876 -0 0.390563 0.745102
0.143027 -0.313998 -0 0.380394 0.755945
0.143027 -0.313998 -0 0.380394 0.755945
0.133588 -0.326876 -0 0.390563 0.745102
0.171633 -0.376798 -0 0.371903 0.7104
0.133588 -0.326876 -0 0.390563 0.745102
0.160305 -0.392251 -0 0.383017 0.699983
0.171633 -0.376798 -0 0.371903 0.7104
0.171633 -0.376798 -0 0.371903 0.7104
0.160305 -0.392251 -0 0.383017 0.699983
0.200238 -0.439596 -0 0.365037 0.673576
0.160305 -0.392251 -0 0.383017 0.699983
0.187023 -0.457624 -0 0.376935 0.663621
0.200238 -0.439596 -0 0.365037 0.673576
0.200238 -0.439596 -0 0.365037 0.673576
0.187023 -0.457624 -0 0.376935 0.663621
0.228843 -0.502396 -0 0.359372 0.643188
0.187023 -0.457624 -0 0.376935 0.663621
0.21374 -0.523002 -0 0.37193 0.633692
0.228843 -0.502396 -0 0.359372 0.643188
0.228843 -0.502396 -0 0.359372 0.643188
0.21374 -0.523002 -0 0.37193 0.633692
0.25745 -0.565196 -0 0.354616 0.617682
0.21374 -0.523002 -0 0.37193 0.633692
0.240457 -0.588376 -0 0.367738 0.608627
0.25745 -0.565196 -0 0.354616 0.617682
0.0572109 -0.125599 -0 0.424582 0.992951
0.0858164 -0.188399 -0 0.405282 0.889433
0.091245 -0.180156 -0 0.39755 0.901788
0.091245 -0.180156 -0 0.39755 0.901788
0.0858164 -0.188399 -0 0.405282 0.889433
0.12166 -0.240208 -0 0.381861 0.826149
0.0858164 -0.188399 -0 0.405282 0.889433
0.114422 -0.251199 -0 0.391167 0.813724
0.12166 -0.240208 -0 0.381861 0.826149
0.12166 -0.240208 -0 0.381861 0.826149
0.114422 -0.251199 -0 0.391167 0.813724
0.152075 -0.300261 -0 0.369817 0.768083
0.114422 -0.251199 -0 0.391167 0.813724
0.143027 -0.313998 -0 0.380394 0.755945
0.152075 -0.300261 -0 0.369817 0.768083
0.152075 -0.300261 -0 0.369817 0.768083
0.143027 -0.313998 -0 0.380394 0.755945
0.18249 -0.360313 -0 0.36028 0.722104
0.143027 -0.313998 -0 0.380394 0.755945
0.171633 -0.376798 -0 0.371903 0.7104
0.18249 -0.360313 -0 0.36028 0.722104
0.18249 -0.360313 -0 0.36028 0.722104
0.171633 -0.376798 -0 0.371903 0.7104
0.212905 -0.420364 -0 0.352542 0.684794
0.171633 -0.376798 -0 0.371903 0.7104
0.200238 -0.439596 -0 0.365037 0.673576
0.212905 -0.420364 -0 0.352542 0.684794
0.212905 -0.420364 -0 0.352542 0.684794
0.200238 -0.439596 -0 0.365037 0.673576
0.24332 -0.480416 -0 0.346136 0.653912
0.200238 -0.439596 -0 0.365037 0.673576
0.228843 -0.502396 -0 0.359372 0.643188
0.24332 -0.480416 -0 0.346136 0.653912
0.24332 -0.480416 -0 0.346136 0.653912
0.228843 -0.502396 -0 0.359372 0.643188
0.273736 -0.540469 -0 0.340747 0.627929
0.228843 -0.502396 -0 0.359372 0.643188
0.25745 -0.565196 -0 0.354616 0.617682
0.273736 -0.540469 -0 0.340747 0.627929
0.0964236 -0.17142 -0 0.38962 0.915435
0.091245 -0.180156 -0 0.39755 0.901788
0.128565 -0.22856 -0 0.372219 0.839966
0.091245 -0.180156 -0 0.39755 0.901788
0.12166 -0.240208 -0 0.381861 0.826149
0.128565 -0.22856 -0 0.372219 0.839966
0.128565 -0.22856 -0 0.372219 0.839966
0.12166 -0.240208 -0 0.381861 0.826149
0.160706 -0.2857 -0 0.358774 0.781653
0.12166 -0.240208 -0 0.381861 0.826149
0.152075 -0.300261 -0 0.369817 0.768083
0.160706 -0.2857 -0 0.358774 0.781653
0.160706 -0.2857 -0 0.358774 0.781653
0.152075 -0.300261 -0 0.369817 0.768083
0.192847 -0.34284 -0 0.348073 0.735242
0.152075 -0.300261 -0 0.369817 0.768083
0.18249 -0.360313 -0 0.36028 0.722104
0.192847 -0.34284 -0 0.348073 0.735242
0.192847 -0.34284 -0 0.348073 0.735242
0.18249 -0.360313 -0 0.36028 0.722104
0.224989 -0.39998 -0 0.339355 0.697428
0.18249 -0.360313 -0 0.36028 0.722104
0.212905 -0.420364 -0 0.352542 0.684794
0.224989 -0.39998 -0 0.339355 0.697428
0.224989 -0.39998 -0 0.339355 0.697428
0.212905 -0.420364 -0 0.352542 0.684794
0.25713 -0.457119 -0 0.332114 0.666023
0.212905 -0.420364 -0 0.352542 0.684794
0.24332 -0.480416 -0 0.346136 0.653912
0.25713 -0.457119 -0 0.332114 0.666023
0.25713 -0.457119 -0 0.332114 0.666023
0.24332 -0.480416 -0 0.346136 0.653912
0.28927 -0.514259 -0 0.326005 0.639526
0.24332 -0.480416 -0 0.346136 0.653912
0.273736 -0.540469 -0 0.340747 0.627929
0.28927 -0.514259 -0 0.326005 0.639526
0.101338 -0.162213 -0 0.38147 0.930479
0.0964236 -0.17142 -0 0.38962 0.915435
0.135117 -0.216284 -0 0.362198 0.855315
0.0964236 -0.17142 -0 0.38962 0.915435
0.128565 -0.22856 -0 0.372219 0.839966
0.135117 -0.216284 -0 0.362198 0.855315
0.135117 -0.216284 -0 0.362198 0.855315
0.128565 -0.22856 -0 0.372219 0.839966
0.168897 -0.270356 -0 0.347199 0.796815
0.128565 -0.22856 -0 0.372219 0.839966
0.160706 -0.2857 -0 0.358774 0.781653
0.168897 -0.270356 -0 0.347199 0.796815
0.168897 -0.270356 -0 0.347199 0.796815
0.160706 -0.2857 -0 0.358774 0.781653
0.202676 -0.324427 -0 0.335193 0.749991
0.160706 -0.2857 -0 0.358774 0.781653
0.192847 -0.34284 -0 0.348073 0.735242
0.202676 -0.324427 -0 0.335193 0.749991
0.202676 -0.324427 -0 0.335193 0.749991
0.192847 -0.34284 -0 0.348073 0.735242
0.236455 -0.378498 -0 0.325366 0.711663
0.192847 -0.34284 -0 0.348073 0.735242
0.224989 -0.39998 -0 0.339355 0.697428
0.236455 -0.378498 -0 0.325366 0.711663
0.236455 -0.378498 -0 0.325366 0.711663
0.224989 -0.39998 -0 0.339355 0.697428
0.270234 -0.43257 -0 0.317174 0.679712
0.224989 -0.39998 -0 0.339355 0.697428
0.25713 -0.457119 -0 0.332114 0.666023
0.270234 -0.43257 -0 0.317174 0.679712
0.270234 -0.43257 -0 0.317174 0.679712
0.25713 -0.457119 -0 0.332114 0.666023
0.304014 -0.486642 -0 0.31024 0.652669
0.25713 -0.457119 -0 0.332114 0.666023
0.28927 -0.514259 -0 0.326005 0.639526
0.304014 -0.486642 -0 0.31024 0.652669
0.105975 -0.152562 -0 0.373076 0.947042
0.101338 -0.162213 -0 0.38147 0.930479
0.141299 -0.203417 -0 0.351749 0.872357
0.101338 -0.162213 -0 0.38147 0.930479
0.135117 -0.216284 -0 0.362198 0.855315
0.141299 -0.203417 -0 0.351749 0.872357
0.141299 -0.203417 -0 0.351749 0.872357
0.135117 -0.216284 -0 0.362198 0.855315
0.176624 -0.254271 -0 0.335015 0.813761
0.135117 -0.216284 -0 0.362198 0.855315
0.168897 -0.270356 -0 0.347199 0.796815
0.176624 -0.254271 -0 0.335015 0.813761
0.176624 -0.254271 -0 0.335015 0.813761
0.168897 -0.270356 -0 0.347199 0.796815
0.211949 -0.305125 -0 0.321536 0.76656
0.168897 -0.270356 -0 0.347199 0.796815
0.202676 -0.324427 -0 0.335193 0.749991
0.211949 -0.305125 -0 0.321536 0.76656
0.211949 -0.305125 -0 0.321536 0.76656
0.202676 -0.324427 -0 0.335193 0.749991
0.247273 -0.355979 -0 0.310445 0.727724
0.202676 -0.324427 -0 0.335193 0.749991
0.236455 -0.378498 -0 0.325366 0.711663
0.247273 -0.355979 -0 0.310445 0.727724
0.247273 -0.355979 -0 0.310445 0.727724
0.236455 -0.378498 -0 0.325366 0.711663
0.282598 -0.406832 -0 0.301161 0.695212
0.236455 -0.378498 -0 0.325366 0.711663
0.270234 -0.43257 -0 0.317174 0.679712
0.282598 -0.406832 -0 0.301161 0.695212
0.282598 -0.406832 -0 0.301161 0.695212
0.270234 -0.43257 -0 0.317174 0.679712
0.317923 -0.457689 -0 0.293274 0.667594
0.270234 -0.43257 -0 0.317174 0.679712
0.304014 -0.486642 -0 0.31024 0.652669
0.317923 -0.457689 -0 0.293274 0.667594
0.105975 -0.152562 -0 0.373076 0.947042
0.141299 -0.203417 -0 0.351749 0.872357
0.147094 -0.189991 -0 0.340814 0.891281
0.147094 -0.189991 -0 0.340814 0.891281
0.141299 -0.203417 -0 0.351749 0.872357
0.183868 -0.237489 -0 0.322133 0.832717
0.141299 -0.203417 -0 0.351749 0.872357
0.176624 -0.254271 -0 0.335015 0.813761
0.183868 -0.237489 -0 0.322133 0.832717
0.183868 -0.237489 -0 0.322133 0.832717
0.176624 -0.254271 -0 0.335015 0.813761
0.220641 -0.284987 -0 0.306977 0.785204
0.176624 -0.254271 -0 0.335015 0.813761
0.211949 -0.305125 -0 0.321536 0.76656
0.220641 -0.284987 -0 0.306977 0.785204
0.220641 -0.284987 -0 0.306977 0.785204
0.211949 -0.305125 -0 0.321536 0.76656
0.257414 -0.332484 -0 0.294435 0.745885
0.211949 -0.305125 -0 0.321536 0.76656
0.247273 -0.355979 -0 0.310445 0.727724
0.257414 -0.332484 -0 0.294435 0.745885
0.257414 -0.332484 -0 0.294435 0.745885
0.247273 -0.355979 -0 0.310445 0.727724
0.294189 -0.379982 -0 0.283884 0.712808
0.247273 -0.355979 -0 0.310445 0.727724
0.282598 -0.406832 -0 0.301161 0.695212
0.294189 -0.379982 -0 0.283884 0.712808
0.294189 -0.379982 -0 0.283884 0.712808
0.282598 -0.406832 -0 0.301161 0.695212
0.330961 -0.427479 -0 0.274885 0.684596
0.282598 -0.406832 -0 0.301161 0.695212
0.317923 -0.457689 -0 0.293274 0.667594
0.330961 -0.427479 -0 0.274885 0.684596
0.152485 -0.176045 -0 0.32933 0.912309
0.147094 -0.189991 -0 0.340814 0.891281
0.190607 -0.220056 -0 0.308448 0.853954
0.147094 -0.189991 -0 0.340814 0.891281
0.183868 -0.237489 -0 0.322133 0.832717
0.190607 -0.220056 -0 0.308448 0.853954
0.190607 -0.220056 -0 0.308448 0.853954
0.183868 -0.237489 -0 0.322133 0.832717
0.228727 -0.264067 -0 0.291371 0.806233
0.183868 -0.237489 -0 0.322133 0.832717
0.220641 -0.284987 -0 0.306977 0.785204
0.228727 -0.264067 -0 0.291371 0.806233
0.228727 -0.264067 -0 0.291371 0.806233
0.220641 -0.284987 -0 0.306977 0.785204
0.26685 -0.308079 -0 0.277145 0.766482
0.220641 -0.284987 -0 0.306977 0.785204
0.257414 -0.332484 -0 0.294435 0.745885
0.26685 -0.308079 -0 0.277145 0.766482
0.26685 -0.308079 -0 0.277145 0.766482
0.257414 -0.332484 -0 0.294435 0.745885
0.30497 -0.35209 -0 0.265112 0.732857
0.257414 -0.332484 -0 0.294435 0.745885
0.294189 -0.379982 -0 0.283884 0.712808
0.30497 -0.35209 -0 0.265112 0.732857
0.30497 -0.35209 -0 0.265112 0.732857
0.294189 -0.379982 -0 0.283884 0.712808
0.343093 -0.396101 -0 0.254802 0.704045
0.294189 -0.379982 -0 0.283884 0.712808
0.330961 -0.427479 -0 0.274885 0.684596
0.343093 -0.396101 -0 0.254802 0.704045
0.157459 -0.161616 -0 0.317222 0.935703
0.152485 -0.176045 -0 0.32933 0.912309
0.196824 -0.20202 -0 0.293835 0.877801
0.152485 -0.176045 -0 0.32933 0.912309
0.190607 -0.220056 -0 0.308448 0.853954
0.196824 -0.20202 -0 0.293835 0.877801
0.196824 -0.20202 -0 0.293835 0.877801
0.190607 -0.220056 -0 0.308448 0.853954
0.236189 -0.242424 -0 0.274537 0.830025
0.190607 -0.220056 -0 0.308448 0.853954
0.228727 -0.264067 -0 0.291371 0.806233
0.236189 -0.242424 -0 0.274537 0.830025
0.236189 -0.242424 -0 0.274537 0.830025
0.228727 -0.264067 -0 0.291371 0.806233
0.275555 -0.282828 -0 0.258342 0.789931
0.228727 -0.264067 -0 0.291371 0.806233
0.26685 -0.308079 -0 0.277145 0.766482
0.275555 -0.282828 -0 0.258342 0.789931
0.275555 -0.282828 -0 0.258342 0.789931
0.26685 -0.308079 -0 0.277145 0.766482
0.314918 -0.323232 -0 0.244557 0.755804
0.26685 -0.308079 -0 0.277145 0.766482
0.30497 -0.35209 -0 0.265112 0.732857
0.314918 -0.323232 -0 0.244557 0.755804
0.314918 -0.323232 -0 0.244557 0.755804
0.30497 -0.35209 -0 0.265112 0.732857
0.354284 -0.363636 -0 0.232682 0.726405
0.30497 -0.35209 -0 0.265112 0.732857
0.343093 -0.396101 -0 0.254802 0.704045
0.354284 -0.363636 -0 0.232682 0.726405
0.157459 -0.161616 -0 0.317222 0.935703
0.196824 -0.20202 -0 0.293835 0.877801
0.202502 -0.183431 -0 0.278144 0.904655
0.202502 -0.183431 -0 0.278144 0.904655
0.196824 -0.20202 -0 0.293835 0.877801
0.243002 -0.220117 -0 0.256257 0.857045
0.196824 -0.20202 -0 0.293835 0.877801
0.236189 -0.242424 -0 0.274537 0.830025
0.243002 -0.220117 -0 0.256257 0.857045
0.243002 -0.220117 -0 0.256257 0.857045
0.236189 -0.242424 -0 0.274537 0.830025
0.283502 -0.256803 -0 0.237734 0.816754
0.236189 -0.242424 -0 0.274537 0.830025
0.275555 -0.282828 -0 0.258342 0.789931
0.283502 -0.256803 -0 0.237734 0.816754
0.283502 -0.256803 -0 0.237734 0.816754
0.275555 -0.282828 -0 0.258342 0.789931
0.324002 -0.293489 -0 0.221855 0.782213
0.275555 -0.282828 -0 0.258342 0.789931
0.314918 -0.323232 -0 0.244557 0.755804
0.324002 -0.293489 -0 0.221855 0.782213
0.324002 -0.293489 -0 0.221855 0.782213
0.314918 -0.323232 -0 0.244557 0.755804
0.364502 -0.330175 -0 0.208091 0.752274
0.314918 -0.323232 -0 0.244557 0.755804
0.354284 -0.363636 -0 0.232682 0.726405
0.364502 -0.330175 -0 0.208091 0.752274
0.364502 -0.330175 -0 0.208091 0.752274
0.354284 -0.363636 -0 0.232682 0.726405
0.405002 -0.366861 -0 0.196047 0.726075
0.202502 -0.183431 -0 0.278144 0.904655
0.243002 -0.220117 -0 0.256257 0.857045
0.249148 -0.197206 -0 0.23626 0.887878
0.249148 -0.197206 -0 0.23626 0.887878
0.243002 -0.220117 -0 0.256257 0.857045
0.290673 -0.230073 -0 0.214955 0.847614
0.243002 -0.220117 -0 0.256257 0.857045
0.283502 -0.256803 -0 0.237734 0.816754
0.290673 -0.230073 -0 0.214955 0.847614
0.290673 -0.230073 -0 0.214955 0.847614
0.283502 -0.256803 -0 0.237734 0.816754
0.332198 -0.262941 -0 0.19654 0.812811
0.283502 -0.256803 -0 0.237734 0.816754
0.324002 -0.293489 -0 0.221855 0.782213
0.332198 -0.262941 -0 0.19654 0.812811
0.332198 -0.262941 -0 0.19654 0.812811
0.324002 -0.293489 -0 0.221855 0.782213
0.373723 -0.295808 -0 0.180465 0.782431
0.324002 -0.293489 -0 0.221855 0.782213
0.364502 -0.330175 -0 0.208091 0.752274
0.373723 -0.295808 -0 0.180465 0.782431
0.373723 -0.295808 -0 0.180465 0.782431
0.364502 -0.330175 -0 0.208091 0.752274
0.415248 -0.328676 -0 0.16631 0.755679
0.364502 -0.330175 -0 0.208091 0.752274
0.405002 -0.366861 -0 0.196047 0.726075
0.415248 -0.328676 -0 0.16631 0.755679
0.249148 -0.197206 -0 0.23626 0.887878
0.290673 -0.230073 -0 0.214955 0.847614
0.297048 -0.202713 -0 0.189536 0.883364
0.297048 -0.202713 -0 0.189536 0.883364
0.290673 -0.230073 -0 0.214955 0.847614
0.339484 -0.231672 -0 0.168009 0.848549
0.290673 -0.230073 -0 0.214955 0.847614
0.332198 -0.262941 -0 0.19654 0.812811
0.339484 -0.231672 -0 0.168009 0.848549
0.339484 -0.231672 -0 0.168009 0.848549
0.332198 -0.262941 -0 0.19654 0.812811
0.381918 -0.260631 -0 0.14906 0.817904
0.332198 -0.262941 -0 0.19654 0.812811
0.373723 -0.295808 -0 0.180465 0.782431
0.381918 -0.260631 -0 0.14906 0.817904
0.381918 -0.260631 -0 0.14906 0.817904
0.373723 -0.295808 -0 0.180465 0.782431
0.424355 -0.28959 -0 0.132252 0.790722
0.373723 -0.295808 -0 0.180465 0.782431
0.415248 -0.328676 -0 0.16631 0.755679
0.424355 -0.28959 -0 0.132252 0.790722
0.297048 -0.202713 -0 0.189536 0.883364
0.339484 -0.231672 -0 0.168009 0.848549
0.345839 -0.199768 -0 0.135456 0.890693
0.345839 -0.199768 -0 0.135456 0.890693
0.339484 -0.231672 -0 0.168009 0.848549
0.389068 -0.22474 -0 0.11287 0.860091
0.339484 -0.231672 -0 0.168009 0.848549
0.381918 -0.260631 -0 0.14906 0.817904
0.389068 -0.22474 -0 0.11287 0.860091
0.389068 -0.22474 -0 0.11287 0.860091
0.381918 -0.260631 -0 0.14906 0.817904
0.432298 -0.249711 -0 0.0926612 0.83271
0.381918 -0.260631 -0 0.14906 0.817904
0.424355 -0.28959 -0 0.132252 0.790722
0.432298 -0.249711 -0 0.0926612 0.83271
