0.146605 -0.678966 -0 0.848496 0.802294
0.126416 -0.691677 -0 0.884526 0.840934
0.162895 -0.754408 -0 0.863623 0.772709
0.126416 -0.691677 -0 0.884526 0.840934
0.140462 -0.768529 -0 0.902753 0.810722
0.162895 -0.754408 -0 0.863623 0.772709
0.129416 -0.516752 -0 0.785972 0.840544
0.114026 -0.528085 -0 0.811777 0.874112
0.147904 -0.590574 -0 0.802652 0.802673
0.114026 -0.528085 -0 0.811777 0.874112
0.130316 -0.603527 -0 0.831358 0.835815
0.147904 -0.590574 -0 0.802652 0.802673
0.147904 -0.590574 -0 0.802652 0.802673
0.130316 -0.603527 -0 0.831358 0.835815
0.166392 -0.664396 -0 0.817138 0.769781
0.130316 -0.603527 -0 0.831358 0.835815
0.146605 -0.678966 -0 0.848496 0.802294
0.166392 -0.664396 -0 0.817138 0.769781
0.166392 -0.664396 -0 0.817138 0.769781
0.146605 -0.678966 -0 0.848496 0.802294
0.18488 -0.738218 -0 0.829838 0.740948
0.146605 -0.678966 -0 0.848496 0.802294
0.162895 -0.754408 -0 0.863623 0.772709
0.18488 -0.738218 -0 0.829838 0.740948
0.123816 -0.432004 -0 0.746037 0.855314
0.110928 -0.442929 -0 0.76656 0.884617
0.144452 -0.504004 -0 0.762824 0.811591
0.110928 -0.442929 -0 0.76656 0.884617
0.129416 -0.516752 -0 0.785972 0.840544
0.144452 -0.504004 -0 0.762824 0.811591
0.144452 -0.504004 -0 0.762824 0.811591
0.129416 -0.516752 -0 0.785972 0.840544
0.165088 -0.576004 -0 0.777138 0.774311
0.129416 -0.516752 -0 0.785972 0.840544
0.147904 -0.590574 -0 0.802652 0.802673
0.165088 -0.576004 -0 0.777138 0.774311
0.165088 -0.576004 -0 0.777138 0.774311
0.147904 -0.590574 -0 0.802652 0.802673
0.185723 -0.648004 -0 0.789487 0.742146
0.147904 -0.590574 -0 0.802652 0.802673
0.166392 -0.664396 -0 0.817138 0.769781
0.185723 -0.648004 -0 0.789487 0.742146
0.185723 -0.648004 -0 0.789487 0.742146
0.166392 -0.664396 -0 0.817138 0.769781
0.206359 -0.720004 -0 0.800251 0.714112
0.166392 -0.664396 -0 0.817138 0.769781
0.18488 -0.738218 -0 0.829838 0.740948
0.206359 -0.720004 -0 0.800251 0.714112
0.113636 -0.349909 -0 0.709787 0.881475
0.10318 -0.360003 -0 0.726075 0.907305
0.136364 -0.419891 -0 0.727275 0.829676
0.10318 -0.360003 -0 0.726075 0.907305
0.123816 -0.432004 -0 0.746037 0.855314
0.136364 -0.419891 -0 0.727275 0.829676
0.136364 -0.419891 -0 0.727275 0.829676
0.123816 -0.432004 -0 0.746037 0.855314
0.159091 -0.489875 -0 0.741866 0.786461
0.123816 -0.432004 -0 0.746037 0.855314
0.144452 -0.504004 -0 0.762824 0.811591
0.159091 -0.489875 -0 0.741866 0.786461
0.159091 -0.489875 -0 0.741866 0.786461
0.144452 -0.504004 -0 0.762824 0.811591
0.181818 -0.559855 -0 0.754223 0.749859
0.144452 -0.504004 -0 0.762824 0.811591
0.165088 -0.576004 -0 0.777138 0.774311
0.181818 -0.559855 -0 0.754223 0.749859
0.181818 -0.559855 -0 0.754223 0.749859
0.165088 -0.576004 -0 0.777138 0.774311
0.204545 -0.629838 -0 0.764823 0.718461
0.165088 -0.576004 -0 0.777138 0.774311
0.185723 -0.648004 -0 0.789487 0.742146
0.204545 -0.629838 -0 0.764823 0.718461
0.0990252 -0.271085 -0 0.675716 0.921913
0.0909091 -0.279927 -0 0.688442 0.944699
0.123782 -0.338857 -0 0.694633 0.85859
0.0909091 -0.279927 -0 0.688442 0.944699
0.113636 -0.349909 -0 0.709787 0.881475
0.123782 -0.338857 -0 0.694633 0.85859
0.123782 -0.338857 -0 0.694633 0.85859
0.113636 -0.349909 -0 0.709787 0.881475
0.148538 -0.406626 -0 0.71 0.807149
0.113636 -0.349909 -0 0.709787 0.881475
0.136364 -0.419891 -0 0.727275 0.829676
0.148538 -0.406626 -0 0.71 0.807149
0.148538 -0.406626 -0 0.71 0.807149
0.136364 -0.419891 -0 0.727275 0.829676
0.173294 -0.4744 -0 0.722731 0.764532
0.136364 -0.419891 -0 0.727275 0.829676
0.159091 -0.489875 -0 0.741866 0.786461
0.173294 -0.4744 -0 0.722731 0.764532
0.173294 -0.4744 -0 0.722731 0.764532
0.159091 -0.489875 -0 0.741866 0.786461
0.19805 -0.54217 -0 0.73345 0.728649
0.159091 -0.489875 -0 0.741866 0.786461
0.181818 -0.559855 -0 0.754223 0.749859
0.19805 -0.54217 -0 0.73345 0.728649
0.19805 -0.54217 -0 0.73345 0.728649
0.181818 -0.559855 -0 0.754223 0.749859
0.222807 -0.609943 -0 0.7426 0.69802
0.181818 -0.559855 -0 0.754223 0.749859
0.204545 -0.629838 -0 0.764823 0.718461
0.222807 -0.609943 -0 0.7426 0.69802
0.10687 -0.261501 -0 0.663669 0.901491
0.0990252 -0.271085 -0 0.675716 0.921913
0.133588 -0.326876 -0 0.680454 0.838263
0.0990252 -0.271085 -0 0.675716 0.921913
0.123782 -0.338857 -0 0.694633 0.85859
0.133588 -0.326876 -0 0.680454 0.838263
0.133588 -0.326876 -0 0.680454 0.838263
0.123782 -0.338857 -0 0.694633 0.85859
0.160305 -0.392251 -0 0.693986 0.787288
0.123782 -0.338857 -0 0.694633 0.85859
0.148538 -0.406626 -0 0.71 0.807149
0.160305 -0.392251 -0 0.693986 0.787288
0.160305 -0.392251 -0 0.693986 0.787288
0.148538 -0.406626 -0 0.71 0.807149
0.187023 -0.457624 -0 0.705128 0.745318
0.148538 -0.406626 -0 0.71 0.807149
0.173294 -0.4744 -0 0.722731 0.764532
0.187023 -0.457624 -0 0.705128 0.745318
0.187023 -0.457624 -0 0.705128 0.745318
0.173294 -0.4744 -0 0.722731 0.764532
0.21374 -0.523002 -0 0.714461 0.710162
0.173294 -0.4744 -0 0.722731 0.764532
0.19805 -0.54217 -0 0.73345 0.728649
0.21374 -0.523002 -0 0.714461 0.710162
0.21374 -0.523002 -0 0.714461 0.710162
0.19805 -0.54217 -0 0.73345 0.728649
0.240457 -0.588376 -0 0.722393 0.680283
0.19805 -0.54217 -0 0.73345 0.728649
0.222807 -0.609943 -0 0.7426 0.69802
0.240457 -0.588376 -0 0.722393 0.680283
0.0775045 -0.125599 -0 0.595813 0.994073
0.0775045 -0.13075 -0 0.599359 0.993841
0.0858164 -0.188399 -0 0.633085 0.964064
0.114422 -0.251199 -0 0.652219 0.883172
0.10687 -0.261501 -0 0.663669 0.901491
0.143027 -0.313998 -0 0.66712 0.820178
0.10687 -0.261501 -0 0.663669 0.901491
0.133588 -0.326876 -0 0.680454 0.838263
0.143027 -0.313998 -0 0.66712 0.820178
0.143027 -0.313998 -0 0.66712 0.820178
0.133588 -0.326876 -0 0.680454 0.838263
0.171633 -0.376798 -0 0.679052 0.769733
0.133588 -0.326876 -0 0.680454 0.838263
0.160305 -0.392251 -0 0.693986 0.787288
0.171633 -0.376798 -0 0.679052 0.769733
0.171633 -0.376798 -0 0.679052 0.769733
0.160305 -0.392251 -0 0.693986 0.787288
0.200238 -0.439596 -0 0.688822 0.728428
0.160305 -0.392251 -0 0.693986 0.787288
0.187023 -0.457624 -0 0.705128 0.745318
0.200238 -0.439596 -0 0.688822 0.728428
0.200238 -0.439596 -0 0.688822 0.728428
0.187023 -0.457624 -0 0.705128 0.745318
0.228843 -0.502396 -0 0.696969 0.693985
0.187023 -0.457624 -0 0.705128 0.745318
0.21374 -0.523002 -0 0.714461 0.710162
0.228843 -0.502396 -0 0.696969 0.693985
0.228843 -0.502396 -0 0.696969 0.693985
0.21374 -0.523002 -0 0.714461 0.710162
0.25745 -0.565196 -0 0.703867 0.664825
0.21374 -0.523002 -0 0.714461 0.710162
0.240457 -0.588376 -0 0.722393 0.680283
0.25745 -0.565196 -0 0.703867 0.664825
0.0775045 -0.120104 -0 0.592029 0.994321
0.0775045 -0.125599 -0 0.595813 0.994073
0.091245 -0.180156 -0 0.624185 0.947825
0.0775045 -0.125599 -0 0.595813 0.994073
0.0858164 -0.188399 -0 0.633085 0.964064
0.091245 -0.180156 -0 0.624185 0.947825
0.091245 -0.180156 -0 0.624185 0.947825
0.0858164 -0.188399 -0 0.633085 0.964064
0.12166 -0.240208 -0 0.641297 0.866734
0.0858164 -0.188399 -0 0.633085 0.964064
0.114422 -0.251199 -0 0.652219 0.883172
0.12166 -0.240208 -0 0.641297 0.866734
0.12166 -0.240208 -0 0.641297 0.866734
0.114422 -0.251199 -0 0.652219 0.883172
0.152075 -0.300261 -0 0.65452 0.804068
0.114422 -0.251199 -0 0.652219 0.883172
0.143027 -0.313998 -0 0.66712 0.820178
0.152075 -0.300261 -0 0.65452 0.804068
0.152075 -0.300261 -0 0.65452 0.804068
0.143027 -0.313998 -0 0.66712 0.820178
0.18249 -0.360313 -0 0.665046 0.75419
0.143027 -0.313998 -0 0.66712 0.820178
0.171633 -0.376798 -0 0.679052 0.769733
0.18249 -0.360313 -0 0.665046 0.75419
0.18249 -0.360313 -0 0.665046 0.75419
0.171633 -0.376798 -0 0.679052 0.769733
0.212905 -0.420364 -0 0.673622 0.713546
0.171633 -0.376798 -0 0.679052 0.769733
0.200238 -0.439596 -0 0.688822 0.728428
0.212905 -0.420364 -0 0.673622 0.713546
0.212905 -0.420364 -0 0.673622 0.713546
0.200238 -0.439596 -0 0.688822 0.728428
0.24332 -0.480416 -0 0.680745 0.679791
0.200238 -0.439596 -0 0.688822 0.728428
0.228843 -0.502396 -0 0.696969 0.693985
0.24332 -0.480416 -0 0.680745 0.679791
0.24332 -0.480416 -0 0.680745 0.679791
0.228843 -0.502396 -0 0.696969 0.693985
0.273736 -0.540469 -0 0.686756 0.651309
0.228843 -0.502396 -0 0.696969 0.693985
0.25745 -0.565196 -0 0.703867 0.664825
0.273736 -0.540469 -0 0.686756 0.651309
0.0775045 -0.11428 -0 0.588018 0.994584
0.0775045 -0.120104 -0 0.592029 0.994321
0.0964236 -0.17142 -0 0.615567 0.933136
0.0775045 -0.120104 -0 0.592029 0.994321
0.091245 -0.180156 -0 0.624185 0.947825
0.0964236 -0.17142 -0 0.615567 0.933136
0.0964236 -0.17142 -0 0.615567 0.933136
0.091245 -0.180156 -0 0.624185 0.947825
0.128565 -0.22856 -0 0.630841 0.85199
0.091245 -0.180156 -0 0.624185 0.947825
0.12166 -0.240208 -0 0.641297 0.866734
0.128565 -0.22856 -0 0.630841 0.85199
0.128565 -0.22856 -0 0.630841 0.85199
0.12166 -0.240208 -0 0.641297 0.866734
0.160706 -0.2857 -0 0.642562 0.789715
0.12166 -0.240208 -0 0.641297 0.866734
0.152075 -0.300261 -0 0.65452 0.804068
0.160706 -0.2857 -0 0.642562 0.789715
0.160706 -0.2857 -0 0.642562 0.789715
0.152075 -0.300261 -0 0.65452 0.804068
0.192847 -0.34284 -0 0.651841 0.740415
0.152075 -0.300261 -0 0.65452 0.804068
0.18249 -0.360313 -0 0.665046 0.75419
0.192847 -0.34284 -0 0.651841 0.740415
0.192847 -0.34284 -0 0.651841 0.740415
0.18249 -0.360313 -0 0.665046 0.75419
0.224989 -0.39998 -0 0.65937 0.700416
0.18249 -0.360313 -0 0.665046 0.75419
0.212905 -0.420364 -0 0.673622 0.713546
0.224989 -0.39998 -0 0.65937 0.700416
0.224989 -0.39998 -0 0.65937 0.700416
0.212905 -0.420364 -0 0.673622 0.713546
0.25713 -0.457119 -0 0.6656 0.667314
0.212905 -0.420364 -0 0.673622 0.713546
0.24332 -0.480416 -0 0.680745 0.679791
0.25713 -0.457119 -0 0.6656 0.667314
0.25713 -0.457119 -0 0.6656 0.667314
0.24332 -0.480416 -0 0.680745 0.679791
0.28927 -0.514259 -0 0.670842 0.639466
0.24332 -0.480416 -0 0.680745 0.679791
0.273736 -0.540469 -0 0.686756 0.651309
0.28927 -0.514259 -0 0.670842 0.639466
0.0775045 -0.108142 -0 0.58379 0.994861
0.0775045 -0.11428 -0 0.588018 0.994584
0.101338 -0.162213 -0 0.607204 0.919872
0.0775045 -0.11428 -0 0.588018 0.994584
0.0964236 -0.17142 -0 0.615567 0.933136
0.101338 -0.162213 -0 0.607204 0.919872
0.101338 -0.162213 -0 0.607204 0.919872
0.0964236 -0.17142 -0 0.615567 0.933136
0.135117 -0.216284 -0 0.620797 0.83878
0.0964236 -0.17142 -0 0.615567 0.933136
0.128565 -0.22856 -0 0.630841 0.85199
0.135117 -0.216284 -0 0.620797 0.83878
0.135117 -0.216284 -0 0.620797 0.83878
0.128565 -0.22856 -0 0.630841 0.85199
0.168897 -0.270356 -0 0.631164 0.776933
0.128565 -0.22856 -0 0.630841 0.85199
0.160706 -0.2857 -0 0.642562 0.789715
0.168897 -0.270356 -0 0.631164 0.776933
0.168897 -0.270356 -0 0.631164 0.776933
0.160706 -0.2857 -0 0.642562 0.789715
0.202676 -0.324427 -0 0.639332 0.728207
0.160706 -0.2857 -0 0.642562 0.789715
0.192847 -0.34284 -0 0.651841 0.740415
0.202676 -0.324427 -0 0.639332 0.728207
0.202676 -0.324427 -0 0.639332 0.728207
0.192847 -0.34284 -0 0.651841 0.740415
0.236455 -0.378498 -0 0.645933 0.688826
0.192847 -0.34284 -0 0.651841 0.740415
0.224989 -0.39998 -0 0.65937 0.700416
0.236455 -0.378498 -0 0.645933 0.688826
0.236455 -0.378498 -0 0.645933 0.688826
0.224989 -0.39998 -0 0.65937 0.700416
0.270234 -0.43257 -0 0.651379 0.656338
0.224989 -0.39998 -0 0.65937 0.700416
0.25713 -0.457119 -0 0.6656 0.667314
0.270234 -0.43257 -0 0.651379 0.656338
0.270234 -0.43257 -0 0.651379 0.656338
0.25713 -0.457119 -0 0.6656 0.667314
0.304014 -0.486642 -0 0.655948 0.629078
0.25713 -0.457119 -0 0.6656 0.667314
0.28927 -0.514259 -0 0.670842 0.639466
0.304014 -0.486642 -0 0.655948 0.629078
0.0775045 -0.101708 -0 0.579358 0.995152
0.0775045 -0.108142 -0 0.58379 0.994861
0.105975 -0.152562 -0 0.599071 0.907928
0.0775045 -0.108142 -0 0.58379 0.994861
0.101338 -0.162213 -0 0.607204 0.919872
0.105975 -0.152562 -0 0.599071 0.907928
0.105975 -0.152562 -0 0.599071 0.907928
0.101338 -0.162213 -0 0.607204 0.919872
0.141299 -0.203417 -0 0.611119 0.826969
0.101338 -0.162213 -0 0.607204 0.919872
0.135117 -0.216284 -0 0.620797 0.83878
0.141299 -0.203417 -0 0.611119 0.826969
0.141299 -0.203417 -0 0.611119 0.826969
0.135117 -0.216284 -0 0.620797 0.83878
0.176624 -0.254271 -0 0.620257 0.765566
0.135117 -0.216284 -0 0.620797 0.83878
0.168897 -0.270356 -0 0.631164 0.776933
0.176624 -0.254271 -0 0.620257 0.765566
0.176624 -0.254271 -0 0.620257 0.765566
0.168897 -0.270356 -0 0.631164 0.776933
0.211949 -0.305125 -0 0.627426 0.717398
0.168897 -0.270356 -0 0.631164 0.776933
0.202676 -0.324427 -0 0.639332 0.728207
0.211949 -0.305125 -0 0.627426 0.717398
0.211949 -0.305125 -0 0.627426 0.717398
0.202676 -0.324427 -0 0.639332 0.728207
0.247273 -0.355979 -0 0.6332 0.678602
0.202676 -0.324427 -0 0.639332 0.728207
0.236455 -0.378498 -0 0.645933 0.688826
0.247273 -0.355979 -0 0.6332 0.678602
0.247273 -0.355979 -0 0.6332 0.678602
0.236455 -0.378498 -0 0.645933 0.688826
0.282598 -0.406832 -0 0.637949 0.646686
0.236455 -0.378498 -0 0.645933 0.688826
0.270234 -0.43257 -0 0.651379 0.656338
0.282598 -0.406832 -0 0.637949 0.646686
0.282598 -0.406832 -0 0.637949 0.646686
0.270234 -0.43257 -0 0.651379 0.656338
0.317923 -0.457689 -0 0.641926 0.619967
0.270234 -0.43257 -0 0.651379 0.656338
0.304014 -0.486642 -0 0.655948 0.629078
0.317923 -0.457689 -0 0.641926 0.619967
0.105975 -0.152562 -0 0.599071 0.907928
0.141299 -0.203417 -0 0.611119 0.826969
0.147094 -0.189991 -0 0.601766 0.816437
0.147094 -0.189991 -0 0.601766 0.816437
0.141299 -0.203417 -0 0.611119 0.826969
0.183868 -0.237489 -0 0.609781 0.755483
0.141299 -0.203417 -0 0.611119 0.826969
0.176624 -0.254271 -0 0.620257 0.765566
0.183868 -0.237489 -0 0.609781 0.755483
0.183868 -0.237489 -0 0.609781 0.755483
0.176624 -0.254271 -0 0.620257 0.765566
0.220641 -0.284987 -0 0.616045 0.707849
0.176624 -0.254271 -0 0.620257 0.765566
0.211949 -0.305125 -0 0.627426 0.717398
0.220641 -0.284987 -0 0.616045 0.707849
0.220641 -0.284987 -0 0.616045 0.707849
0.211949 -0.305125 -0 0.627426 0.717398
0.257414 -0.332484 -0 0.621075 0.6696
0.211949 -0.305125 -0 0.627426 0.717398
0.247273 -0.355979 -0 0.6332 0.678602
0.257414 -0.332484 -0 0.621075 0.6696
0.257414 -0.332484 -0 0.621075 0.6696
0.247273 -0.355979 -0 0.6332 0.678602
0.294189 -0.379982 -0 0.625203 0.63821
0.247273 -0.355979 -0 0.6332 0.678602
0.282598 -0.406832 -0 0.637949 0.646686
0.294189 -0.379982 -0 0.625203 0.63821
0.294189 -0.379982 -0 0.625203 0.63821
0.282598 -0.406832 -0 0.637949 0.646686
0.330961 -0.427479 -0 0.628652 0.611987
0.282598 -0.406832 -0 0.637949 0.646686
0.317923 -0.457689 -0 0.641926 0.619967
0.330961 -0.427479 -0 0.628652 0.611987
0.152485 -0.176045 -0 0.592699 0.807086
0.147094 -0.189991 -0 0.601766 0.816437
0.190607 -0.220056 -0 0.599683 0.74657
0.147094 -0.189991 -0 0.601766 0.816437
0.183868 -0.237489 -0 0.609781 0.755483
0.190607 -0.220056 -0 0.599683 0.74657
0.190607 -0.220056 -0 0.599683 0.74657
0.183868 -0.237489 -0 0.609781 0.755483
0.228727 -0.264067 -0 0.605123 0.69944
0.183868 -0.237489 -0 0.609781 0.755483
0.220641 -0.284987 -0 0.616045 0.707849
0.228727 -0.264067 -0 0.605123 0.69944
0.228727 -0.264067 -0 0.605123 0.69944
0.220641 -0.284987 -0 0.616045 0.707849
0.26685 -0.308079 -0 0.609479 0.661697
0.220641 -0.284987 -0 0.616045 0.707849
0.257414 -0.332484 -0 0.621075 0.6696
0.26685 -0.308079 -0 0.609479 0.661697
0.26685 -0.308079 -0 0.609479 0.661697
0.257414 -0.332484 -0 0.621075 0.6696
0.30497 -0.35209 -0 0.613046 0.630791
0.257414 -0.332484 -0 0.621075 0.6696
0.294189 -0.379982 -0 0.625203 0.63821
0.30497 -0.35209 -0 0.613046 0.630791
0.30497 -0.35209 -0 0.613046 0.630791
0.294189 -0.379982 -0 0.625203 0.63821
0.343093 -0.396101 -0 0.61602 0.605017
0.294189 -0.379982 -0 0.625203 0.63821
0.330961 -0.427479 -0 0.628652 0.611987
0.343093 -0.396101 -0 0.61602 0.605017
0.157459 -0.161616 -0 0.583885 0.798829
0.152485 -0.176045 -0 0.592699 0.807086
0.196824 -0.20202 -0 0.589915 0.738734
0.152485 -0.176045 -0 0.592699 0.807086
0.190607 -0.220056 -0 0.599683 0.74657
0.196824 -0.20202 -0 0.589915 0.738734
0.196824 -0.20202 -0 0.589915 0.738734
0.190607 -0.220056 -0 0.599683 0.74657
0.236189 -0.242424 -0 0.594598 0.692073
0.190607 -0.220056 -0 0.599683 0.74657
0.228727 -0.264067 -0 0.605123 0.69944
0.236189 -0.242424 -0 0.594598 0.692073
0.236189 -0.242424 -0 0.594598 0.692073
0.228727 -0.264067 -0 0.605123 0.69944
0.275555 -0.282828 -0 0.598339 0.654794
0.228727 -0.264067 -0 0.605123 0.69944
0.26685 -0.308079 -0 0.609479 0.661697
0.275555 -0.282828 -0 0.598339 0.654794
0.275555 -0.282828 -0 0.598339 0.654794
0.26685 -0.308079 -0 0.609479 0.661697
0.314918 -0.323232 -0 0.601396 0.624326
0.26685 -0.308079 -0 0.609479 0.661697
0.30497 -0.35209 -0 0.613046 0.630791
0.314918 -0.323232 -0 0.601396 0.624326
0.314918 -0.323232 -0 0.601396 0.624326
0.30497 -0.35209 -0 0.613046 0.630791
0.354284 -0.363636 -0 0.603942 0.598958
0.30497 -0.35209 -0 0.613046 0.630791
0.343093 -0.396101 -0 0.61602 0.605017
0.354284 -0.363636 -0 0.603942 0.598958
0.157459 -0.161616 -0 0.583885 0.798829
0.196824 -0.20202 -0 0.589915 0.738734
0.202502 -0.183431 -0 0.580437 0.731894
0.202502 -0.183431 -0 0.580437 0.731894
0.196824 -0.20202 -0 0.589915 0.738734
0.243002 -0.220117 -0 0.584419 0.685663
0.196824 -0.20202 -0 0.589915 0.738734
0.236189 -0.242424 -0 0.594598 0.692073
0.243002 -0.220117 -0 0.584419 0.685663
0.243002 -0.220117 -0 0.584419 0.685663
0.236189 -0.242424 -0 0.594598 0.692073
0.283502 -0.256803 -0 0.587594 0.648805
0.236189 -0.242424 -0 0.594598 0.692073
0.275555 -0.282828 -0 0.598339 0.654794
0.283502 -0.256803 -0 0.587594 0.648805
0.283502 -0.256803 -0 0.587594 0.648805
0.275555 -0.282828 -0 0.598339 0.654794
0.324002 -0.293489 -0 0.590184 0.618731
0.275555 -0.282828 -0 0.598339 0.654794
0.314918 -0.323232 -0 0.601396 0.624326
0.324002 -0.293489 -0 0.590184 0.618731
0.324002 -0.293489 -0 0.590184 0.618731
0.314918 -0.323232 -0 0.601396 0.624326
0.364502 -0.330175 -0 0.592338 0.593726
0.314918 -0.323232 -0 0.601396 0.624326
0.354284 -0.363636 -0 0.603942 0.598958
0.364502 -0.330175 -0 0.592338 0.593726
0.364502 -0.330175 -0 0.592338 0.593726
0.354284 -0.363636 -0 0.603942 0.598958
0.405002 -0.366861 -0 0.594157 0.572609
0.202502 -0.183431 -0 0.580437 0.731894
0.243002 -0.220117 -0 0.584419 0.685663
0.249148 -0.197206 -0 0.574538 0.680141
0.249148 -0.197206 -0 0.574538 0.680141
0.243002 -0.220117 -0 0.584419 0.685663
0.290673 -0.230073 -0 0.577188 0.64366
0.243002 -0.220117 -0 0.584419 0.685663
0.283502 -0.256803 -0 0.587594 0.648805
0.290673 -0.230073 -0 0.577188 0.64366
0.290673 -0.230073 -0 0.577188 0.64366
0.283502 -0.256803 -0 0.587594 0.648805
0.332198 -0.262941 -0 0.579347 0.613937
0.283502 -0.256803 -0 0.587594 0.648805
0.324002 -0.293489 -0 0.590184 0.618731
0.332198 -0.262941 -0 0.579347 0.613937
0.332198 -0.262941 -0 0.579347 0.613937
0.324002 -0.293489 -0 0.590184 0.618731
0.373723 -0.295808 -0 0.58114 0.589254
0.324002 -0.293489 -0 0.590184 0.618731
0.364502 -0.330175 -0 0.592338 0.593726
0.373723 -0.295808 -0 0.58114 0.589254
0.373723 -0.295808 -0 0.58114 0.589254
0.364502 -0.330175 -0 0.592338 0.593726
0.415248 -0.328676 -0 0.582652 0.568429
0.364502 -0.330175 -0 0.592338 0.593726
0.405002 -0.366861 -0 0.594157 0.572609
0.415248 -0.328676 -0 0.582652 0.568429
0.249148 -0.197206 -0 0.574538 0.680141
0.290673 -0.230073 -0 0.577188 0.64366
0.297048 -0.202713 -0 0.567073 0.6393
0.297048 -0.202713 -0 0.567073 0.6393
0.290673 -0.230073 -0 0.577188 0.64366
0.339484 -0.231672 -0 0.56883 0.609885
0.290673 -0.230073 -0 0.577188 0.64366
0.332198 -0.262941 -0 0.579347 0.613937
0.339484 -0.231672 -0 0.56883 0.609885
0.339484 -0.231672 -0 0.56883 0.609885
0.332198 -0.262941 -0 0.579347 0.613937
0.381918 -0.260631 -0 0.570287 0.585483
0.332198 -0.262941 -0 0.579347 0.613937
0.373723 -0.295808 -0 0.58114 0.589254
0.381918 -0.260631 -0 0.570287 0.585483
0.381918 -0.260631 -0 0.570287 0.585483
0.373723 -0.295808 -0 0.58114 0.589254
0.424355 -0.28959 -0 0.571516 0.564913
0.373723 -0.295808 -0 0.58114 0.589254
0.415248 -0.328676 -0 0.582652 0.568429
0.424355 -0.28959 -0 0.571516 0.564913
0.297048 -0.202713 -0 0.567073 0.6393
0.339484 -0.231672 -0 0.56883 0.609885
0.345839 -0.199768 -0 0.558583 0.606528
0.345839 -0.199768 -0 0.558583 0.606528
0.339484 -0.231672 -0 0.56883 0.609885
0.389068 -0.22474 -0 0.559726 0.582368
0.339484 -0.231672 -0 0.56883 0.609885
0.381918 -0.260631 -0 0.570287 0.585483
0.389068 -0.22474 -0 0.559726 0.582368
0.389068 -0.22474 -0 0.559726 0.582368
0.381918 -0.260631 -0 0.570287 0.585483
0.432298 -0.249711 -0 0.560688 0.562017
0.381918 -0.260631 -0 0.570287 0.585483
0.424355 -0.28959 -0 0.571516 0.564913
0.432298 -0.249711 -0 0.560688 0.562017
0.381918 0.260631 -0 0.429984 0.593208
0.389068 0.22474 -0 0.440455 0.588923
0.424355 0.28959 -0 0.427855 0.572747
0.389068 0.22474 -0 0.440455 0.588923
0.432298 0.249711 -0 0.438604 0.568663
0.424355 0.28959 -0 0.427855 0.572747
0.290673 0.230073 -0 0.425579 0.652234
0.297048 0.202713 -0 0.435552 0.646721
0.332198 0.262941 -0 0.422115 0.62271
0.297048 0.202713 -0 0.435552 0.646721
0.339484 0.231672 -0 0.432509 0.617475
0.332198 0.262941 -0 0.422115 0.62271
0.332198 0.262941 -0 0.422115 0.62271
0.339484 0.231672 -0 0.432509 0.617475
0.373723 0.295808 -0 0.419237 0.598185
0.339484 0.231672 -0 0.432509 0.617475
0.381918 0.260631 -0 0.429984 0.593208
0.373723 0.295808 -0 0.419237 0.598185
0.373723 0.295808 -0 0.419237 0.598185
0.381918 0.260631 -0 0.429984 0.593208
0.415248 0.328676 -0 0.416809 0.577489
0.381918 0.260631 -0 0.429984 0.593208
0.424355 0.28959 -0 0.427855 0.572747
0.415248 0.328676 -0 0.416809 0.577489
0.243002 0.220117 -0 0.420135 0.695133
0.249148 0.197206 -0 0.429829 0.68846
0.283502 0.256803 -0 0.415336 0.658572
0.249148 0.197206 -0 0.429829 0.68846
0.290673 0.230073 -0 0.425579 0.652234
0.283502 0.256803 -0 0.415336 0.658572
0.283502 0.256803 -0 0.415336 0.658572
0.290673 0.230073 -0 0.425579 0.652234
0.324002 0.293489 -0 0.411419 0.62873
0.290673 0.230073 -0 0.425579 0.652234
0.332198 0.262941 -0 0.422115 0.62271
0.324002 0.293489 -0 0.411419 0.62873
0.324002 0.293489 -0 0.411419 0.62873
0.332198 0.262941 -0 0.422115 0.62271
0.364502 0.330175 -0 0.408161 0.603911
0.332198 0.262941 -0 0.422115 0.62271
0.373723 0.295808 -0 0.419237 0.598185
0.364502 0.330175 -0 0.408161 0.603911
0.364502 0.330175 -0 0.408161 0.603911
0.373723 0.295808 -0 0.419237 0.598185
0.405002 0.366861 -0 0.405409 0.582944
0.373723 0.295808 -0 0.419237 0.598185
0.415248 0.328676 -0 0.416809 0.577489
0.405002 0.366861 -0 0.405409 0.582944
0.196824 0.20202 -0 0.416915 0.748943
0.202502 0.183431 -0 0.426151 0.740969
0.236189 0.242424 -0 0.410169 0.702737
0.202502 0.183431 -0 0.426151 0.740969
0.243002 0.220117 -0 0.420135 0.695133
0.236189 0.242424 -0 0.410169 0.702737
0.236189 0.242424 -0 0.410169 0.702737
0.243002 0.220117 -0 0.420135 0.695133
0.275555 0.282828 -0 0.404777 0.665802
0.243002 0.220117 -0 0.420135 0.695133
0.283502 0.256803 -0 0.415336 0.658572
0.275555 0.282828 -0 0.404777 0.665802
0.275555 0.282828 -0 0.404777 0.665802
0.283502 0.256803 -0 0.415336 0.658572
0.314918 0.323232 -0 0.400368 0.635602
0.283502 0.256803 -0 0.415336 0.658572
0.324002 0.293489 -0 0.411419 0.62873
0.314918 0.323232 -0 0.400368 0.635602
0.314918 0.323232 -0 0.400368 0.635602
0.324002 0.293489 -0 0.411419 0.62873
0.354284 0.363636 -0 0.396696 0.610449
0.324002 0.293489 -0 0.411419 0.62873
0.364502 0.330175 -0 0.408161 0.603911
0.354284 0.363636 -0 0.396696 0.610449
0.190607 0.220056 -0 0.407422 0.757957
0.196824 0.20202 -0 0.416915 0.748943
0.228727 0.264067 -0 0.399887 0.711349
0.196824 0.20202 -0 0.416915 0.748943
0.236189 0.242424 -0 0.410169 0.702737
0.228727 0.264067 -0 0.399887 0.711349
0.228727 0.264067 -0 0.399887 0.711349
0.236189 0.242424 -0 0.410169 0.702737
0.26685 0.308079 -0 0.393849 0.674002
0.236189 0.242424 -0 0.410169 0.702737
0.275555 0.282828 -0 0.404777 0.665802
0.26685 0.308079 -0 0.393849 0.674002
0.26685 0.308079 -0 0.393849 0.674002
0.275555 0.282828 -0 0.404777 0.665802
0.30497 0.35209 -0 0.388902 0.643405
0.275555 0.282828 -0 0.404777 0.665802
0.314918 0.323232 -0 0.400368 0.635602
0.30497 0.35209 -0 0.388902 0.643405
0.30497 0.35209 -0 0.388902 0.643405
0.314918 0.323232 -0 0.400368 0.635602
0.343093 0.396101 -0 0.384775 0.617879
0.314918 0.323232 -0 0.400368 0.635602
0.354284 0.363636 -0 0.396696 0.610449
0.343093 0.396101 -0 0.384775 0.617879
0.147094 0.189991 -0 0.408369 0.828239
0.152485 0.176045 -0 0.41709 0.817757
0.183868 0.237489 -0 0.397633 0.768099
0.152485 0.176045 -0 0.41709 0.817757
0.190607 0.220056 -0 0.407422 0.757957
0.183868 0.237489 -0 0.397633 0.768099
0.183868 0.237489 -0 0.397633 0.768099
0.190607 0.220056 -0 0.407422 0.757957
0.220641 0.284987 -0 0.389237 0.721062
0.190607 0.220056 -0 0.407422 0.757957
0.228727 0.264067 -0 0.399887 0.711349
0.220641 0.284987 -0 0.389237 0.721062
0.220641 0.284987 -0 0.389237 0.721062
0.228727 0.264067 -0 0.399887 0.711349
0.257414 0.332484 -0 0.38249 0.683267
0.228727 0.264067 -0 0.399887 0.711349
0.26685 0.308079 -0 0.393849 0.674002
0.257414 0.332484 -0 0.38249 0.683267
0.257414 0.332484 -0 0.38249 0.683267
0.26685 0.308079 -0 0.393849 0.674002
0.294189 0.379982 -0 0.376951 0.652233
0.26685 0.308079 -0 0.393849 0.674002
0.30497 0.35209 -0 0.388902 0.643405
0.294189 0.379982 -0 0.376951 0.652233
0.294189 0.379982 -0 0.376951 0.652233
0.30497 0.35209 -0 0.388902 0.643405
0.330961 0.427479 -0 0.37232 0.626295
0.30497 0.35209 -0 0.388902 0.643405
0.343093 0.396101 -0 0.384775 0.617879
0.330961 0.427479 -0 0.37232 0.626295
0.141299 0.203417 -0 0.399402 0.839948
0.147094 0.189991 -0 0.408369 0.828239
0.176624 0.254271 -0 0.387505 0.779472
0.147094 0.189991 -0 0.408369 0.828239
0.183868 0.237489 -0 0.397633 0.768099
0.176624 0.254271 -0 0.387505 0.779472
0.176624 0.254271 -0 0.387505 0.779472
0.183868 0.237489 -0 0.397633 0.768099
0.211949 0.305125 -0 0.378163 0.731985
0.183868 0.237489 -0 0.397633 0.768099
0.220641 0.284987 -0 0.389237 0.721062
0.211949 0.305125 -0 0.378163 0.731985
0.211949 0.305125 -0 0.378163 0.731985
0.220641 0.284987 -0 0.389237 0.721062
0.247273 0.355979 -0 0.370633 0.693709
0.220641 0.284987 -0 0.389237 0.721062
0.257414 0.332484 -0 0.38249 0.683267
0.247273 0.355979 -0 0.370633 0.693709
0.247273 0.355979 -0 0.370633 0.693709
0.257414 0.332484 -0 0.38249 0.683267
0.282598 0.406832 -0 0.364435 0.6622
0.257414 0.332484 -0 0.38249 0.683267
0.294189 0.379982 -0 0.376951 0.652233
0.282598 0.406832 -0 0.364435 0.6622
0.282598 0.406832 -0 0.364435 0.6622
0.294189 0.379982 -0 0.376951 0.652233
0.317923 0.457689 -0 0.359243 0.635809
0.294189 0.379982 -0 0.376951 0.652233
0.330961 0.427479 -0 0.37232 0.626295
0.317923 0.457689 -0 0.359243 0.635809
0.135117 0.216284 -0 0.390155 0.852993
0.141299 0.203417 -0 0.399402 0.839948
0.168897 0.270356 -0 0.376986 0.792197
0.141299 0.203417 -0 0.399402 0.839948
0.176624 0.254271 -0 0.387505 0.779472
0.168897 0.270356 -0 0.376986 0.792197
0.168897 0.270356 -0 0.376986 0.792197
0.176624 0.254271 -0 0.387505 0.779472
0.202676 0.324427 -0 0.3666 0.744248
0.176624 0.254271 -0 0.387505 0.779472
0.211949 0.305125 -0 0.378163 0.731985
0.202676 0.324427 -0 0.3666 0.744248
0.202676 0.324427 -0 0.3666 0.744248
0.211949 0.305125 -0 0.378163 0.731985
0.236455 0.378498 -0 0.358199 0.705461
0.211949 0.305125 -0 0.378163 0.731985
0.247273 0.355979 -0 0.370633 0.693709
0.236455 0.378498 -0 0.358199 0.705461
0.236455 0.378498 -0 0.358199 0.705461
0.247273 0.355979 -0 0.370633 0.693709
0.270234 0.43257 -0 0.351263 0.673441
0.247273 0.355979 -0 0.370633 0.693709
0.282598 0.406832 -0 0.364435 0.6622
0.270234 0.43257 -0 0.351263 0.673441
0.270234 0.43257 -0 0.351263 0.673441
0.282598 0.406832 -0 0.364435 0.6622
0.304014 0.486642 -0 0.34544 0.646558
0.282598 0.406832 -0 0.364435 0.6622
0.317923 0.457689 -0 0.359243 0.635809
0.304014 0.486642 -0 0.34544 0.646558
0.128565 0.22856 -0 0.380591 0.8675
0.135117 0.216284 -0 0.390155 0.852993
0.160706 0.2857 -0 0.366021 0.806418
0.135117 0.216284 -0 0.390155 0.852993
0.168897 0.270356 -0 0.376986 0.792197
0.160706 0.2857 -0 0.366021 0.806418
0.160706 0.2857 -0 0.366021 0.806418
0.168897 0.270356 -0 0.376986 0.792197
0.192847 0.34284 -0 0.354473 0.758003
0.168897 0.270356 -0 0.376986 0.792197
0.202676 0.324427 -0 0.3666 0.744248
0.192847 0.34284 -0 0.354473 0.758003
0.192847 0.34284 -0 0.354473 0.758003
0.202676 0.324427 -0 0.3666 0.744248
0.224989 0.39998 -0 0.345094 0.718686
0.202676 0.324427 -0 0.3666 0.744248
0.236455 0.378498 -0 0.358199 0.705461
0.224989 0.39998 -0 0.345094 0.718686
0.224989 0.39998 -0 0.345094 0.718686
0.236455 0.378498 -0 0.358199 0.705461
0.25713 0.457119 -0 0.337327 0.686121
0.236455 0.378498 -0 0.358199 0.705461
0.270234 0.43257 -0 0.351263 0.673441
0.25713 0.457119 -0 0.337327 0.686121
0.25713 0.457119 -0 0.337327 0.686121
0.270234 0.43257 -0 0.351263 0.673441
0.28927 0.514259 -0 0.330788 0.658708
0.270234 0.43257 -0 0.351263 0.673441
0.304014 0.486642 -0 0.34544 0.646558
0.28927 0.514259 -0 0.330788 0.658708
0.091245 0.180156 -0 0.391494 0.962817
0.0964236 0.17142 -0 0.399546 0.946969
0.12166 0.240208 -0 0.370667 0.883614
0.0964236 0.17142 -0 0.399546 0.946969
0.128565 0.22856 -0 0.380591 0.8675
0.12166 0.240208 -0 0.370667 0.883614
0.12166 0.240208 -0 0.370667 0.883614
0.128565 0.22856 -0 0.380591 0.8675
0.152075 0.300261 -0 0.354544 0.822303
0.128565 0.22856 -0 0.380591 0.8675
0.160706 0.2857 -0 0.366021 0.806418
0.152075 0.300261 -0 0.354544 0.822303
0.152075 0.300261 -0 0.354544 0.822303
0.160706 0.2857 -0 0.366021 0.806418
0.18249 0.360313 -0 0.341694 0.773436
0.160706 0.2857 -0 0.366021 0.806418
0.192847 0.34284 -0 0.354473 0.758003
0.18249 0.360313 -0 0.341694 0.773436
0.18249 0.360313 -0 0.341694 0.773436
0.192847 0.34284 -0 0.354473 0.758003
0.212905 0.420364 -0 0.331212 0.733574
0.192847 0.34284 -0 0.354473 0.758003
0.224989 0.39998 -0 0.345094 0.718686
0.212905 0.420364 -0 0.331212 0.733574
0.212905 0.420364 -0 0.331212 0.733574
0.224989 0.39998 -0 0.345094 0.718686
0.24332 0.480416 -0 0.322498 0.700438
0.224989 0.39998 -0 0.345094 0.718686
0.25713 0.457119 -0 0.337327 0.686121
0.24332 0.480416 -0 0.322498 0.700438
0.24332 0.480416 -0 0.322498 0.700438
0.25713 0.457119 -0 0.337327 0.686121
0.273736 0.540469 -0 0.315141 0.672458
0.25713 0.457119 -0 0.337327 0.686121
0.28927 0.514259 -0 0.330788 0.658708
0.273736 0.540469 -0 0.315141 0.672458
0.091245 0.180156 -0 0.391494 0.962817
0.12166 0.240208 -0 0.370667 0.883614
0.114422 0.251199 -0 0.360335 0.901506
0.114422 0.251199 -0 0.360335 0.901506
0.12166 0.240208 -0 0.370667 0.883614
0.143027 0.313998 -0 0.342481 0.840052
0.12166 0.240208 -0 0.370667 0.883614
0.152075 0.300261 -0 0.354544 0.822303
0.143027 0.313998 -0 0.342481 0.840052
0.143027 0.313998 -0 0.342481 0.840052
0.152075 0.300261 -0 0.354544 0.822303
0.171633 0.376798 -0 0.328162 0.790766
0.152075 0.300261 -0 0.354544 0.822303
0.18249 0.360313 -0 0.341694 0.773436
0.171633 0.376798 -0 0.328162 0.790766
0.171633 0.376798 -0 0.328162 0.790766
0.18249 0.360313 -0 0.341694 0.773436
0.200238 0.439596 -0 0.316423 0.750361
0.18249 0.360313 -0 0.341694 0.773436
0.212905 0.420364 -0 0.331212 0.733574
0.200238 0.439596 -0 0.316423 0.750361
0.200238 0.439596 -0 0.316423 0.750361
0.212905 0.420364 -0 0.331212 0.733574
0.228843 0.502396 -0 0.306625 0.716634
0.212905 0.420364 -0 0.331212 0.733574
0.24332 0.480416 -0 0.322498 0.700438
0.228843 0.502396 -0 0.306625 0.716634
0.228843 0.502396 -0 0.306625 0.716634
0.24332 0.480416 -0 0.322498 0.700438
0.25745 0.565196 -0 0.298322 0.688056
0.24332 0.480416 -0 0.322498 0.700438
0.273736 0.540469 -0 0.315141 0.672458
0.25745 0.565196 -0 0.298322 0.688056
0.10687 0.261501 -0 0.349539 0.921376
0.114422 0.251199 -0 0.360335 0.901506
0.133588 0.326876 -0 0.329743 0.859904
0.114422 0.251199 -0 0.360335 0.901506
0.143027 0.313998 -0 0.342481 0.840052
0.133588 0.326876 -0 0.329743 0.859904
0.133588 0.326876 -0 0.329743 0.859904
0.143027 0.313998 -0 0.342481 0.840052
0.160305 0.392251 -0 0.313755 0.81026
0.143027 0.313998 -0 0.342481 0.840052
0.171633 0.376798 -0 0.328162 0.790766
0.160305 0.392251 -0 0.313755 0.81026
0.160305 0.392251 -0 0.313755 0.81026
0.171633 0.376798 -0 0.328162 0.790766
0.187023 0.457624 -0 0.300574 0.769331
0.171633 0.376798 -0 0.328162 0.790766
0.200238 0.439596 -0 0.316423 0.750361
0.187023 0.457624 -0 0.300574 0.769331
0.187023 0.457624 -0 0.300574 0.769331
0.200238 0.439596 -0 0.316423 0.750361
0.21374 0.523002 -0 0.28952 0.735005
0.200238 0.439596 -0 0.316423 0.750361
0.228843 0.502396 -0 0.306625 0.716634
0.21374 0.523002 -0 0.28952 0.735005
0.21374 0.523002 -0 0.28952 0.735005
0.228843 0.502396 -0 0.306625 0.716634
0.240457 0.588376 -0 0.280117 0.705806
0.228843 0.502396 -0 0.306625 0.716634
0.25745 0.565196 -0 0.298322 0.688056
0.240457 0.588376 -0 0.280117 0.705806
0.0990252 0.271085 -0 0.338218 0.943462
0.10687 0.261501 -0 0.349539 0.921376
0.123782 0.338857 -0 0.316227 0.882146
0.10687 0.261501 -0 0.349539 0.921376
0.133588 0.326876 -0 0.329743 0.859904
0.123782 0.338857 -0 0.316227 0.882146
0.123782 0.338857 -0 0.316227 0.882146
0.133588 0.326876 -0 0.329743 0.859904
0.148538 0.406626 -0 0.298329 0.832241
0.133588 0.326876 -0 0.329743 0.859904
0.160305 0.392251 -0 0.313755 0.81026
0.148538 0.406626 -0 0.298329 0.832241
0.148538 0.406626 -0 0.298329 0.832241
0.160305 0.392251 -0 0.313755 0.81026
0.173294 0.4744 -0 0.283478 0.790833
0.160305 0.392251 -0 0.313755 0.81026
0.187023 0.457624 -0 0.300574 0.769331
0.173294 0.4744 -0 0.283478 0.790833
0.173294 0.4744 -0 0.283478 0.790833
0.187023 0.457624 -0 0.300574 0.769331
0.19805 0.54217 -0 0.270957 0.755922
0.187023 0.457624 -0 0.300574 0.769331
0.21374 0.523002 -0 0.28952 0.735005
0.19805 0.54217 -0 0.270957 0.755922
0.19805 0.54217 -0 0.270957 0.755922
0.21374 0.523002 -0 0.28952 0.735005
0.222807 0.609943 -0 0.260258 0.72609
0.21374 0.523002 -0 0.28952 0.735005
0.240457 0.588376 -0 0.280117 0.705806
0.222807 0.609943 -0 0.260258 0.72609
0.0990252 0.271085 -0 0.338218 0.943462
0.123782 0.338857 -0 0.316227 0.882146
0.113636 0.349909 -0 0.301811 0.907122
0.113636 0.349909 -0 0.301811 0.907122
0.123782 0.338857 -0 0.316227 0.882146
0.136364 0.419891 -0 0.281707 0.857104
0.123782 0.338857 -0 0.316227 0.882146
0.148538 0.406626 -0 0.298329 0.832241
0.136364 0.419891 -0 0.281707 0.857104
0.136364 0.419891 -0 0.281707 0.857104
0.148538 0.406626 -0 0.298329 0.832241
0.159091 0.489875 -0 0.264905 0.815302
0.148538 0.406626 -0 0.298329 0.832241
0.173294 0.4744 -0 0.283478 0.790833
0.159091 0.489875 -0 0.264905 0.815302
0.159091 0.489875 -0 0.264905 0.815302
0.173294 0.4744 -0 0.283478 0.790833
0.181818 0.559855 -0 0.250654 0.779845
0.173294 0.4744 -0 0.283478 0.790833
0.19805 0.54217 -0 0.270957 0.755922
0.181818 0.559855 -0 0.250654 0.779845
0.181818 0.559855 -0 0.250654 0.779845
0.19805 0.54217 -0 0.270957 0.755922
0.204545 0.629838 -0 0.238413 0.749389
0.19805 0.54217 -0 0.270957 0.755922
0.222807 0.609943 -0 0.260258 0.72609
0.204545 0.629838 -0 0.238413 0.749389
0.10318 0.360003 -0 0.286347 0.935252
0.113636 0.349909 -0 0.301811 0.907122
0.123816 0.432004 -0 0.263675 0.88534
0.113636 0.349909 -0 0.301811 0.907122
0.136364 0.419891 -0 0.281707 0.857104
0.123816 0.432004 -0 0.263675 0.88534
0.123816 0.432004 -0 0.263675 0.88534
0.136364 0.419891 -0 0.281707 0.857104
0.144452 0.504004 -0 0.244571 0.843282
0.136364 0.419891 -0 0.281707 0.857104
0.159091 0.489875 -0 0.264905 0.815302
0.144452 0.504004 -0 0.244571 0.843282
0.144452 0.504004 -0 0.244571 0.843282
0.159091 0.489875 -0 0.264905 0.815302
0.165088 0.576004 -0 0.228254 0.80736
0.159091 0.489875 -0 0.264905 0.815302
0.181818 0.559855 -0 0.250654 0.779845
0.165088 0.576004 -0 0.228254 0.80736
0.165088 0.576004 -0 0.228254 0.80736
0.181818 0.559855 -0 0.250654 0.779845
0.185723 0.648004 -0 0.214155 0.776322
0.181818 0.559855 -0 0.250654 0.779845
0.204545 0.629838 -0 0.238413 0.749389
0.185723 0.648004 -0 0.214155 0.776322
0.185723 0.648004 -0 0.214155 0.776322
0.204545 0.629838 -0 0.238413 0.749389
0.206359 0.720004 -0 0.201851 0.749236
0.10318 0.360003 -0 0.286347 0.935252
0.123816 0.432004 -0 0.263675 0.88534
0.110928 0.442929 -0 0.243966 0.917559
0.110928 0.442929 -0 0.243966 0.917559
0.123816 0.432004 -0 0.263675 0.88534
0.129416 0.516752 -0 0.222115 0.875464
0.123816 0.432004 -0 0.263675 0.88534
0.144452 0.504004 -0 0.244571 0.843282
0.129416 0.516752 -0 0.222115 0.875464
0.129416 0.516752 -0 0.222115 0.875464
0.144452 0.504004 -0 0.244571 0.843282
0.147904 0.590574 -0 0.203301 0.839223
0.144452 0.504004 -0 0.244571 0.843282
0.165088 0.576004 -0 0.228254 0.80736
0.147904 0.590574 -0 0.203301 0.839223
0.147904 0.590574 -0 0.203301 0.839223
0.165088 0.576004 -0 0.228254 0.80736
0.166392 0.664396 -0 0.186934 0.807692
0.165088 0.576004 -0 0.228254 0.80736
0.185723 0.648004 -0 0.214155 0.776322
0.166392 0.664396 -0 0.186934 0.807692
0.166392 0.664396 -0 0.186934 0.807692
0.185723 0.648004 -0 0.214155 0.776322
0.18488 0.738218 -0 0.172565 0.780011
0.185723 0.648004 -0 0.214155 0.776322
0.206359 0.720004 -0 0.201851 0.749236
0.18488 0.738218 -0 0.172565 0.780011
0.110928 0.442929 -0 0.243966 0.917559
0.129416 0.516752 -0 0.222115 0.875464
0.114026 0.528085 -0 0.197076 0.912739
0.114026 0.528085 -0 0.197076 0.912739
0.129416 0.516752 -0 0.222115 0.875464
0.130316 0.603527 -0 0.175205 0.876419
0.129416 0.516752 -0 0.222115 0.875464
0.147904 0.590574 -0 0.203301 0.839223
0.130316 0.603527 -0 0.175205 0.876419
0.130316 0.603527 -0 0.175205 0.876419
0.147904 0.590574 -0 0.203301 0.839223
0.146605 0.678966 -0 0.156024 0.844566
0.147904 0.590574 -0 0.203301 0.839223
0.166392 0.664396 -0 0.186934 0.807692
0.146605 0.678966 -0 0.156024 0.844566
0.146605 0.678966 -0 0.156024 0.844566
0.166392 0.664396 -0 0.186934 0.807692
0.162895 0.754408 -0 0.139065 0.816403
0.166392 0.664396 -0 0.186934 0.807692
0.18488 0.738218 -0 0.172565 0.780011
0.162895 0.754408 -0 0.139065 0.816403
0.130316 0.603527 -0 0.175205 0.876419
0.146605 0.678966 -0 0.156024 0.844566
0.126416 0.691677 -0 0.120444 0.888383
0.126416 0.691677 -0 0.120444 0.888383
0.146605 0.678966 -0 0.156024 0.844566
0.140462 0.768529 -0 0.100175 0.859959
0.146605 0.678966 -0 0.156024 0.844566
0.162895 0.754408 -0 0.139065 0.816403
0.140462 0.768529 -0 0.100175 0.859959
