0.381918 0.260631 -0 0.844119 0.826867
0.389068 0.22474 -0 0.880861 0.868244
0.424355 0.28959 -0 0.857612 0.796313
0.389068 0.22474 -0 0.880861 0.868244
0.432298 0.249711 -0 0.897157 0.836783
0.424355 0.28959 -0 0.857612 0.796313
0.290673 0.230073 -0 0.784067 0.866131
0.297048 0.202713 -0 0.810735 0.902465
0.332198 0.262941 -0 0.79929 0.826328
0.297048 0.202713 -0 0.810735 0.902465
0.339484 0.231672 -0 0.82865 0.861898
0.332198 0.262941 -0 0.79929 0.826328
0.332198 0.262941 -0 0.79929 0.826328
0.339484 0.231672 -0 0.82865 0.861898
0.373723 0.295808 -0 0.812342 0.792201
0.339484 0.231672 -0 0.82865 0.861898
0.381918 0.260631 -0 0.844119 0.826867
0.373723 0.295808 -0 0.812342 0.792201
0.373723 0.295808 -0 0.812342 0.792201
0.381918 0.260631 -0 0.844119 0.826867
0.415248 0.328676 -0 0.823656 0.762617
0.381918 0.260631 -0 0.844119 0.826867
0.424355 0.28959 -0 0.857612 0.796313
0.415248 0.328676 -0 0.823656 0.762617
0.243002 0.220117 -0 0.744784 0.881263
0.249148 0.197206 -0 0.766083 0.913154
0.283502 0.256803 -0 0.760306 0.83494
0.249148 0.197206 -0 0.766083 0.913154
0.290673 0.230073 -0 0.784067 0.866131
0.283502 0.256803 -0 0.760306 0.83494
0.283502 0.256803 -0 0.760306 0.83494
0.290673 0.230073 -0 0.784067 0.866131
0.324002 0.293489 -0 0.773351 0.796008
0.290673 0.230073 -0 0.784067 0.866131
0.332198 0.262941 -0 0.79929 0.826328
0.324002 0.293489 -0 0.773351 0.796008
0.324002 0.293489 -0 0.773351 0.796008
0.332198 0.262941 -0 0.79929 0.826328
0.364502 0.330175 -0 0.784468 0.762829
0.332198 0.262941 -0 0.79929 0.826328
0.373723 0.295808 -0 0.812342 0.792201
0.364502 0.330175 -0 0.784468 0.762829
0.364502 0.330175 -0 0.784468 0.762829
0.373723 0.295808 -0 0.812342 0.792201
0.405002 0.366861 -0 0.794056 0.734216
0.373723 0.295808 -0 0.812342 0.792201
0.415248 0.328676 -0 0.823656 0.762617
0.405002 0.366861 -0 0.794056 0.734216
0.196824 0.20202 -0 0.709011 0.908963
0.202502 0.183431 -0 0.726006 0.937303
0.236189 0.242424 -0 0.725437 0.853484
0.202502 0.183431 -0 0.726006 0.937303
0.243002 0.220117 -0 0.744784 0.881263
0.236189 0.242424 -0 0.725437 0.853484
0.236189 0.242424 -0 0.725437 0.853484
0.243002 0.220117 -0 0.744784 0.881263
0.275555 0.282828 -0 0.738915 0.807966
0.243002 0.220117 -0 0.744784 0.881263
0.283502 0.256803 -0 0.760306 0.83494
0.275555 0.282828 -0 0.738915 0.807966
0.275555 0.282828 -0 0.738915 0.807966
0.283502 0.256803 -0 0.760306 0.83494
0.314918 0.323232 -0 0.750172 0.769945
0.283502 0.256803 -0 0.760306 0.83494
0.324002 0.293489 -0 0.773351 0.796008
0.314918 0.323232 -0 0.750172 0.769945
0.314918 0.323232 -0 0.750172 0.769945
0.324002 0.293489 -0 0.773351 0.796008
0.354284 0.363636 -0 0.759715 0.737711
0.324002 0.293489 -0 0.773351 0.796008
0.364502 0.330175 -0 0.784468 0.762829
0.354284 0.363636 -0 0.759715 0.737711
0.190607 0.220056 -0 0.693296 0.88396
0.196824 0.20202 -0 0.709011 0.908963
0.228727 0.264067 -0 0.707721 0.829163
0.196824 0.20202 -0 0.709011 0.908963
0.236189 0.242424 -0 0.725437 0.853484
0.228727 0.264067 -0 0.707721 0.829163
0.228727 0.264067 -0 0.707721 0.829163
0.236189 0.242424 -0 0.725437 0.853484
0.26685 0.308079 -0 0.71948 0.784495
0.236189 0.242424 -0 0.725437 0.853484
0.275555 0.282828 -0 0.738915 0.807966
0.26685 0.308079 -0 0.71948 0.784495
0.26685 0.308079 -0 0.71948 0.784495
0.275555 0.282828 -0 0.738915 0.807966
0.30497 0.35209 -0 0.729249 0.747386
0.275555 0.282828 -0 0.738915 0.807966
0.314918 0.323232 -0 0.750172 0.769945
0.30497 0.35209 -0 0.729249 0.747386
0.30497 0.35209 -0 0.729249 0.747386
0.314918 0.323232 -0 0.750172 0.769945
0.343093 0.396101 -0 0.737495 0.716066
0.314918 0.323232 -0 0.750172 0.769945
0.354284 0.363636 -0 0.759715 0.737711
0.343093 0.396101 -0 0.737495 0.716066
0.147094 0.189991 -0 0.662599 0.930188
0.152485 0.176045 -0 0.675181 0.952771
0.183868 0.237489 -0 0.67867 0.861829
0.152485 0.176045 -0 0.675181 0.952771
0.190607 0.220056 -0 0.693296 0.88396
0.183868 0.237489 -0 0.67867 0.861829
0.183868 0.237489 -0 0.67867 0.861829
0.190607 0.220056 -0 0.693296 0.88396
0.220641 0.284987 -0 0.691377 0.80778
0.190607 0.220056 -0 0.693296 0.88396
0.228727 0.264067 -0 0.707721 0.829163
0.220641 0.284987 -0 0.691377 0.80778
0.220641 0.284987 -0 0.691377 0.80778
0.228727 0.264067 -0 0.707721 0.829163
0.257414 0.332484 -0 0.701677 0.763973
0.228727 0.264067 -0 0.707721 0.829163
0.26685 0.308079 -0 0.71948 0.784495
0.257414 0.332484 -0 0.701677 0.763973
0.257414 0.332484 -0 0.701677 0.763973
0.26685 0.308079 -0 0.71948 0.784495
0.294189 0.379982 -0 0.710193 0.727749
0.26685 0.308079 -0 0.71948 0.784495
0.30497 0.35209 -0 0.729249 0.747386
0.294189 0.379982 -0 0.710193 0.727749
0.294189 0.379982 -0 0.710193 0.727749
0.30497 0.35209 -0 0.729249 0.747386
0.330961 0.427479 -0 0.717353 0.697295
0.30497 0.35209 -0 0.729249 0.747386
0.343093 0.396101 -0 0.737495 0.716066
0.330961 0.427479 -0 0.717353 0.697295
0.141299 0.203417 -0 0.650702 0.91
0.147094 0.189991 -0 0.662599 0.930188
0.176624 0.254271 -0 0.66498 0.842193
0.147094 0.189991 -0 0.662599 0.930188
0.183868 0.237489 -0 0.67867 0.861829
0.176624 0.254271 -0 0.66498 0.842193
0.176624 0.254271 -0 0.66498 0.842193
0.183868 0.237489 -0 0.67867 0.861829
0.211949 0.305125 -0 0.676197 0.788918
0.183868 0.237489 -0 0.67867 0.861829
0.220641 0.284987 -0 0.691377 0.80778
0.211949 0.305125 -0 0.676197 0.788918
0.211949 0.305125 -0 0.676197 0.788918
0.220641 0.284987 -0 0.691377 0.80778
0.247273 0.355979 -0 0.685244 0.745956
0.220641 0.284987 -0 0.691377 0.80778
0.257414 0.332484 -0 0.701677 0.763973
0.247273 0.355979 -0 0.685244 0.745956
0.247273 0.355979 -0 0.685244 0.745956
0.257414 0.332484 -0 0.701677 0.763973
0.282598 0.406832 -0 0.692693 0.710577
0.257414 0.332484 -0 0.701677 0.763973
0.294189 0.379982 -0 0.710193 0.727749
0.282598 0.406832 -0 0.692693 0.710577
0.282598 0.406832 -0 0.692693 0.710577
0.294189 0.379982 -0 0.710193 0.727749
0.317923 0.457689 -0 0.698935 0.680936
0.294189 0.379982 -0 0.710193 0.727749
0.330961 0.427479 -0 0.717353 0.697295
0.317923 0.457689 -0 0.698935 0.680936
0.135117 0.216284 -0 0.639402 0.891937
0.141299 0.203417 -0 0.650702 0.91
0.168897 0.270356 -0 0.652095 0.824739
0.141299 0.203417 -0 0.650702 0.91
0.176624 0.254271 -0 0.66498 0.842193
0.168897 0.270356 -0 0.652095 0.824739
0.168897 0.270356 -0 0.652095 0.824739
0.176624 0.254271 -0 0.66498 0.842193
0.202676 0.324427 -0 0.66201 0.77224
0.176624 0.254271 -0 0.66498 0.842193
0.211949 0.305125 -0 0.676197 0.788918
0.202676 0.324427 -0 0.66201 0.77224
0.202676 0.324427 -0 0.66201 0.77224
0.211949 0.305125 -0 0.676197 0.788918
0.236455 0.378498 -0 0.669971 0.730092
0.211949 0.305125 -0 0.676197 0.788918
0.247273 0.355979 -0 0.685244 0.745956
0.236455 0.378498 -0 0.669971 0.730092
0.236455 0.378498 -0 0.669971 0.730092
0.247273 0.355979 -0 0.685244 0.745956
0.270234 0.43257 -0 0.676503 0.695509
0.247273 0.355979 -0 0.685244 0.745956
0.282598 0.406832 -0 0.692693 0.710577
0.270234 0.43257 -0 0.676503 0.695509
0.270234 0.43257 -0 0.676503 0.695509
0.282598 0.406832 -0 0.692693 0.710577
0.304014 0.486642 -0 0.681959 0.666622
0.282598 0.406832 -0 0.692693 0.710577
0.317923 0.457689 -0 0.698935 0.680936
0.304014 0.486642 -0 0.681959 0.666622
0.0642825 0.156284 -0 0.580178 0.995108
0.0675586 0.156284 -0 0.584146 0.994858
0.0964236 0.17142 -0 0.613576 0.964583
0.128565 0.22856 -0 0.628627 0.875772
0.135117 0.216284 -0 0.639402 0.891937
0.160706 0.2857 -0 0.639906 0.809212
0.135117 0.216284 -0 0.639402 0.891937
0.168897 0.270356 -0 0.652095 0.824739
0.160706 0.2857 -0 0.639906 0.809212
0.160706 0.2857 -0 0.639906 0.809212
0.168897 0.270356 -0 0.652095 0.824739
0.192847 0.34284 -0 0.648675 0.757471
0.168897 0.270356 -0 0.652095 0.824739
0.202676 0.324427 -0 0.66201 0.77224
0.192847 0.34284 -0 0.648675 0.757471
0.192847 0.34284 -0 0.648675 0.757471
0.202676 0.324427 -0 0.66201 0.77224
0.224989 0.39998 -0 0.655687 0.716096
0.202676 0.324427 -0 0.66201 0.77224
0.236455 0.378498 -0 0.669971 0.730092
0.224989 0.39998 -0 0.655687 0.716096
0.224989 0.39998 -0 0.655687 0.716096
0.236455 0.378498 -0 0.669971 0.730092
0.25713 0.457119 -0 0.661422 0.682255
0.236455 0.378498 -0 0.669971 0.730092
0.270234 0.43257 -0 0.676503 0.695509
0.25713 0.457119 -0 0.661422 0.682255
0.25713 0.457119 -0 0.661422 0.682255
0.270234 0.43257 -0 0.676503 0.695509
0.28927 0.514259 -0 0.666199 0.654062
0.270234 0.43257 -0 0.676503 0.695509
0.304014 0.486642 -0 0.681959 0.666622
0.28927 0.514259 -0 0.666199 0.654062
0.06083 0.156284 -0 0.575994 0.995371
0.0642825 0.156284 -0 0.580178 0.995108
0.091245 0.180156 -0 0.60487 0.949785
0.0642825 0.156284 -0 0.580178 0.995108
0.0964236 0.17142 -0 0.613576 0.964583
0.091245 0.180156 -0 0.60487 0.949785
0.091245 0.180156 -0 0.60487 0.949785
0.0964236 0.17142 -0 0.613576 0.964583
0.12166 0.240208 -0 0.61831 0.861314
0.0964236 0.17142 -0 0.613576 0.964583
0.128565 0.22856 -0 0.628627 0.875772
0.12166 0.240208 -0 0.61831 0.861314
0.12166 0.240208 -0 0.61831 0.861314
0.128565 0.22856 -0 0.628627 0.875772
0.152075 0.300261 -0 0.628323 0.795397
0.128565 0.22856 -0 0.628627 0.875772
0.160706 0.2857 -0 0.639906 0.809212
0.152075 0.300261 -0 0.628323 0.795397
0.152075 0.300261 -0 0.628323 0.795397
0.160706 0.2857 -0 0.639906 0.809212
0.18249 0.360313 -0 0.636072 0.744383
0.160706 0.2857 -0 0.639906 0.809212
0.192847 0.34284 -0 0.648675 0.757471
0.18249 0.360313 -0 0.636072 0.744383
0.18249 0.360313 -0 0.636072 0.744383
0.192847 0.34284 -0 0.648675 0.757471
0.212905 0.420364 -0 0.642247 0.703733
0.192847 0.34284 -0 0.648675 0.757471
0.224989 0.39998 -0 0.655687 0.716096
0.212905 0.420364 -0 0.642247 0.703733
0.212905 0.420364 -0 0.642247 0.703733
0.224989 0.39998 -0 0.655687 0.716096
0.24332 0.480416 -0 0.647284 0.670578
0.224989 0.39998 -0 0.655687 0.716096
0.25713 0.457119 -0 0.661422 0.682255
0.24332 0.480416 -0 0.647284 0.670578
0.24332 0.480416 -0 0.647284 0.670578
0.25713 0.457119 -0 0.661422 0.682255
0.273736 0.540469 -0 0.65147 0.643022
0.25713 0.457119 -0 0.661422 0.682255
0.28927 0.514259 -0 0.666199 0.654062
0.273736 0.540469 -0 0.65147 0.643022
0.091245 0.180156 -0 0.60487 0.949785
0.12166 0.240208 -0 0.61831 0.861314
0.114422 0.251199 -0 0.608395 0.8484
0.114422 0.251199 -0 0.608395 0.8484
0.12166 0.240208 -0 0.61831 0.861314
0.143027 0.313998 -0 0.617265 0.783114
0.12166 0.240208 -0 0.61831 0.861314
0.152075 0.300261 -0 0.628323 0.795397
0.143027 0.313998 -0 0.617265 0.783114
0.143027 0.313998 -0 0.617265 0.783114
0.152075 0.300261 -0 0.628323 0.795397
0.171633 0.376798 -0 0.624102 0.732789
0.152075 0.300261 -0 0.628323 0.795397
0.18249 0.360313 -0 0.636072 0.744383
0.171633 0.376798 -0 0.624102 0.732789
0.171633 0.376798 -0 0.624102 0.732789
0.18249 0.360313 -0 0.636072 0.744383
0.200238 0.439596 -0 0.629533 0.692811
0.18249 0.360313 -0 0.636072 0.744383
0.212905 0.420364 -0 0.642247 0.703733
0.200238 0.439596 -0 0.629533 0.692811
0.200238 0.439596 -0 0.629533 0.692811
0.212905 0.420364 -0 0.642247 0.703733
0.228843 0.502396 -0 0.633952 0.660287
0.212905 0.420364 -0 0.642247 0.703733
0.24332 0.480416 -0 0.647284 0.670578
0.228843 0.502396 -0 0.633952 0.660287
0.228843 0.502396 -0 0.633952 0.660287
0.24332 0.480416 -0 0.647284 0.670578
0.25745 0.565196 -0 0.637617 0.633309
0.24332 0.480416 -0 0.647284 0.670578
0.273736 0.540469 -0 0.65147 0.643022
0.25745 0.565196 -0 0.637617 0.633309
0.10687 0.261501 -0 0.598835 0.836893
0.114422 0.251199 -0 0.608395 0.8484
0.133588 0.326876 -0 0.606664 0.772214
0.114422 0.251199 -0 0.608395 0.8484
0.143027 0.313998 -0 0.617265 0.783114
0.133588 0.326876 -0 0.606664 0.772214
0.133588 0.326876 -0 0.606664 0.772214
0.143027 0.313998 -0 0.617265 0.783114
0.160305 0.392251 -0 0.612678 0.722533
0.143027 0.313998 -0 0.617265 0.783114
0.171633 0.376798 -0 0.624102 0.732789
0.160305 0.392251 -0 0.612678 0.722533
0.160305 0.392251 -0 0.612678 0.722533
0.171633 0.376798 -0 0.624102 0.732789
0.187023 0.457624 -0 0.617443 0.683174
0.171633 0.376798 -0 0.624102 0.732789
0.200238 0.439596 -0 0.629533 0.692811
0.187023 0.457624 -0 0.617443 0.683174
0.187023 0.457624 -0 0.617443 0.683174
0.200238 0.439596 -0 0.629533 0.692811
0.21374 0.523002 -0 0.62131 0.651223
0.200238 0.439596 -0 0.629533 0.692811
0.228843 0.502396 -0 0.633952 0.660287
0.21374 0.523002 -0 0.62131 0.651223
0.21374 0.523002 -0 0.62131 0.651223
0.228843 0.502396 -0 0.633952 0.660287
0.240457 0.588376 -0 0.624512 0.624769
0.228843 0.502396 -0 0.633952 0.660287
0.25745 0.565196 -0 0.637617 0.633309
0.240457 0.588376 -0 0.624512 0.624769
0.0990252 0.271085 -0 0.589584 0.826674
0.10687 0.261501 -0 0.598835 0.836893
0.123782 0.338857 -0 0.596461 0.76257
0.10687 0.261501 -0 0.598835 0.836893
0.133588 0.326876 -0 0.606664 0.772214
0.123782 0.338857 -0 0.596461 0.76257
0.123782 0.338857 -0 0.596461 0.76257
0.133588 0.326876 -0 0.606664 0.772214
0.148538 0.406626 -0 0.601727 0.713482
0.133588 0.326876 -0 0.606664 0.772214
0.160305 0.392251 -0 0.612678 0.722533
0.148538 0.406626 -0 0.601727 0.713482
0.148538 0.406626 -0 0.601727 0.713482
0.160305 0.392251 -0 0.612678 0.722533
0.173294 0.4744 -0 0.605889 0.674688
0.160305 0.392251 -0 0.612678 0.722533
0.187023 0.457624 -0 0.617443 0.683174
0.173294 0.4744 -0 0.605889 0.674688
0.173294 0.4744 -0 0.605889 0.674688
0.187023 0.457624 -0 0.617443 0.683174
0.19805 0.54217 -0 0.609261 0.643257
0.187023 0.457624 -0 0.617443 0.683174
0.21374 0.523002 -0 0.62131 0.651223
0.19805 0.54217 -0 0.609261 0.643257
0.19805 0.54217 -0 0.609261 0.643257
0.21374 0.523002 -0 0.62131 0.651223
0.222807 0.609943 -0 0.612049 0.617274
0.21374 0.523002 -0 0.62131 0.651223
0.240457 0.588376 -0 0.624512 0.624769
0.222807 0.609943 -0 0.612049 0.617274
0.0990252 0.271085 -0 0.589584 0.826674
0.123782 0.338857 -0 0.596461 0.76257
0.113636 0.349909 -0 0.586603 0.754074
0.113636 0.349909 -0 0.586603 0.754074
0.123782 0.338857 -0 0.596461 0.76257
0.136364 0.419891 -0 0.591185 0.705529
0.123782 0.338857 -0 0.596461 0.76257
0.148538 0.406626 -0 0.601727 0.713482
0.136364 0.419891 -0 0.591185 0.705529
0.136364 0.419891 -0 0.591185 0.705529
0.148538 0.406626 -0 0.601727 0.713482
0.159091 0.489875 -0 0.594798 0.667244
0.148538 0.406626 -0 0.601727 0.713482
0.173294 0.4744 -0 0.605889 0.674688
0.159091 0.489875 -0 0.594798 0.667244
0.159091 0.489875 -0 0.594798 0.667244
0.173294 0.4744 -0 0.605889 0.674688
0.181818 0.559855 -0 0.59772 0.636278
0.173294 0.4744 -0 0.605889 0.674688
0.19805 0.54217 -0 0.609261 0.643257
0.181818 0.559855 -0 0.59772 0.636278
0.181818 0.559855 -0 0.59772 0.636278
0.19805 0.54217 -0 0.609261 0.643257
0.204545 0.629838 -0 0.600132 0.610716
0.19805 0.54217 -0 0.609261 0.643257
0.222807 0.609943 -0 0.612049 0.617274
0.204545 0.629838 -0 0.600132 0.610716
0.10318 0.360003 -0 0.577044 0.746638
0.113636 0.349909 -0 0.586603 0.754074
0.123816 0.432004 -0 0.580994 0.698581
0.113636 0.349909 -0 0.586603 0.754074
0.136364 0.419891 -0 0.591185 0.705529
0.123816 0.432004 -0 0.580994 0.698581
0.123816 0.432004 -0 0.580994 0.698581
0.136364 0.419891 -0 0.591185 0.705529
0.144452 0.504004 -0 0.584102 0.660751
0.136364 0.419891 -0 0.591185 0.705529
0.159091 0.489875 -0 0.594798 0.667244
0.144452 0.504004 -0 0.584102 0.660751
0.144452 0.504004 -0 0.584102 0.660751
0.159091 0.489875 -0 0.594798 0.667244
0.165088 0.576004 -0 0.586613 0.630199
0.159091 0.489875 -0 0.594798 0.667244
0.181818 0.559855 -0 0.59772 0.636278
0.165088 0.576004 -0 0.586613 0.630199
0.165088 0.576004 -0 0.586613 0.630199
0.181818 0.559855 -0 0.59772 0.636278
0.185723 0.648004 -0 0.588683 0.605008
0.181818 0.559855 -0 0.59772 0.636278
0.204545 0.629838 -0 0.600132 0.610716
0.185723 0.648004 -0 0.588683 0.605008
0.185723 0.648004 -0 0.588683 0.605008
0.204545 0.629838 -0 0.600132 0.610716
0.206359 0.720004 -0 0.59042 0.58388
0.10318 0.360003 -0 0.577044 0.746638
0.123816 0.432004 -0 0.580994 0.698581
0.110928 0.442929 -0 0.571104 0.692561
0.110928 0.442929 -0 0.571104 0.692561
0.123816 0.432004 -0 0.580994 0.698581
0.129416 0.516752 -0 0.573745 0.655133
0.123816 0.432004 -0 0.580994 0.698581
0.144452 0.504004 -0 0.584102 0.660751
0.129416 0.516752 -0 0.573745 0.655133
0.129416 0.516752 -0 0.573745 0.655133
0.144452 0.504004 -0 0.584102 0.660751
0.147904 0.590574 -0 0.575876 0.624943
0.144452 0.504004 -0 0.584102 0.660751
0.165088 0.576004 -0 0.586613 0.630199
0.147904 0.590574 -0 0.575876 0.624943
0.147904 0.590574 -0 0.575876 0.624943
0.165088 0.576004 -0 0.586613 0.630199
0.166392 0.664396 -0 0.577632 0.600077
0.165088 0.576004 -0 0.586613 0.630199
0.185723 0.648004 -0 0.588683 0.605008
0.166392 0.664396 -0 0.577632 0.600077
0.166392 0.664396 -0 0.577632 0.600077
0.185723 0.648004 -0 0.588683 0.605008
0.18488 0.738218 -0 0.579102 0.57924
0.185723 0.648004 -0 0.588683 0.605008
0.206359 0.720004 -0 0.59042 0.58388
0.18488 0.738218 -0 0.579102 0.57924
0.110928 0.442929 -0 0.571104 0.692561
0.129416 0.516752 -0 0.573745 0.655133
0.114026 0.528085 -0 0.563675 0.650326
0.114026 0.528085 -0 0.563675 0.650326
0.129416 0.516752 -0 0.573745 0.655133
0.130316 0.603527 -0 0.565453 0.62045
0.129416 0.516752 -0 0.573745 0.655133
0.147904 0.590574 -0 0.575876 0.624943
0.130316 0.603527 -0 0.565453 0.62045
0.130316 0.603527 -0 0.565453 0.62045
0.147904 0.590574 -0 0.575876 0.624943
0.146605 0.678966 -0 0.566915 0.595864
0.147904 0.590574 -0 0.575876 0.624943
0.166392 0.664396 -0 0.577632 0.600077
0.146605 0.678966 -0 0.566915 0.595864
0.146605 0.678966 -0 0.566915 0.595864
0.166392 0.664396 -0 0.577632 0.600077
0.162895 0.754408 -0 0.56814 0.575277
0.166392 0.664396 -0 0.577632 0.600077
0.18488 0.738218 -0 0.579102 0.57924
0.162895 0.754408 -0 0.56814 0.575277
0.130316 0.603527 -0 0.565453 0.62045
0.146605 0.678966 -0 0.566915 0.595864
0.126416 0.691677 -0 0.556478 0.592319
0.126416 0.691677 -0 0.556478 0.592319
0.146605 0.678966 -0 0.566915 0.595864
0.140462 0.768529 -0 0.557473 0.571943
0.146605 0.678966 -0 0.566915 0.595864
0.162895 0.754408 -0 0.56814 0.575277
0.140462 0.768529 -0 0.557473 0.571943
-0.126416 0.691677 -0 0.437218 0.594276
-0.10588 0.702493 -0 0.447616 0.590986
-0.140462 0.768529 -0 0.435752 0.573655
-0.10588 0.702493 -0 0.447616 0.590986
-0.117645 0.780545 -0 0.446383 0.570581
-0.140462 0.768529 -0 0.435752 0.573655
-0.114026 0.528085 -0 0.431079 0.65339
-0.0983236 0.537972 -0 0.441096 0.648828
-0.130316 0.603527 -0 0.428594 0.623142
-0.0983236 0.537972 -0 0.441096 0.648828
-0.11237 0.614824 -0 0.438968 0.618903
-0.130316 0.603527 -0 0.428594 0.623142
-0.130316 0.603527 -0 0.428594 0.623142
-0.11237 0.614824 -0 0.438968 0.618903
-0.146605 0.678966 -0 0.426548 0.598227
-0.11237 0.614824 -0 0.438968 0.618903
-0.126416 0.691677 -0 0.437218 0.594276
-0.146605 0.678966 -0 0.426548 0.598227
-0.146605 0.678966 -0 0.426548 0.598227
-0.126416 0.691677 -0 0.437218 0.594276
-0.162895 0.754408 -0 0.424833 0.57735
-0.126416 0.691677 -0 0.437218 0.594276
-0.140462 0.768529 -0 0.435752 0.573655
-0.162895 0.754408 -0 0.424833 0.57735
-0.110928 0.442929 -0 0.424337 0.696669
-0.0977368 0.452647 -0 0.43416 0.69089
-0.129416 0.516752 -0 0.420785 0.658756
-0.0977368 0.452647 -0 0.43416 0.69089
-0.114026 0.528085 -0 0.431079 0.65339
-0.129416 0.516752 -0 0.420785 0.658756
-0.129416 0.516752 -0 0.420785 0.658756
-0.114026 0.528085 -0 0.431079 0.65339
-0.147904 0.590574 -0 0.417916 0.628136
-0.114026 0.528085 -0 0.431079 0.65339
-0.130316 0.603527 -0 0.428594 0.623142
-0.147904 0.590574 -0 0.417916 0.628136
-0.147904 0.590574 -0 0.417916 0.628136
-0.130316 0.603527 -0 0.428594 0.623142
-0.166392 0.664396 -0 0.415551 0.602888
-0.130316 0.603527 -0 0.428594 0.623142
-0.146605 0.678966 -0 0.426548 0.598227
-0.166392 0.664396 -0 0.415551 0.602888
-0.166392 0.664396 -0 0.415551 0.602888
-0.146605 0.678966 -0 0.426548 0.598227
-0.18488 0.738218 -0 0.413567 0.581714
-0.146605 0.678966 -0 0.426548 0.598227
-0.162895 0.754408 -0 0.424833 0.57735
-0.18488 0.738218 -0 0.413567 0.581714
-0.10318 0.360003 -0 0.419375 0.752038
-0.0924402 0.369109 -0 0.42885 0.744833
-0.123816 0.432004 -0 0.414225 0.70337
-0.0924402 0.369109 -0 0.42885 0.744833
-0.110928 0.442929 -0 0.424337 0.696669
-0.123816 0.432004 -0 0.414225 0.70337
-0.123816 0.432004 -0 0.414225 0.70337
-0.110928 0.442929 -0 0.424337 0.696669
-0.144452 0.504004 -0 0.410163 0.664989
-0.110928 0.442929 -0 0.424337 0.696669
-0.129416 0.516752 -0 0.420785 0.658756
-0.144452 0.504004 -0 0.410163 0.664989
-0.144452 0.504004 -0 0.410163 0.664989
-0.129416 0.516752 -0 0.420785 0.658756
-0.165088 0.576004 -0 0.406877 0.633945
-0.129416 0.516752 -0 0.420785 0.658756
-0.147904 0.590574 -0 0.417916 0.628136
-0.165088 0.576004 -0 0.406877 0.633945
-0.165088 0.576004 -0 0.406877 0.633945
-0.147904 0.590574 -0 0.417916 0.628136
-0.185723 0.648004 -0 0.404165 0.608317
-0.147904 0.590574 -0 0.417916 0.628136
-0.166392 0.664396 -0 0.415551 0.602888
-0.185723 0.648004 -0 0.404165 0.608317
-0.113636 0.349909 -0 0.409614 0.760296
-0.10318 0.360003 -0 0.419375 0.752038
-0.136364 0.419891 -0 0.403772 0.711068
-0.10318 0.360003 -0 0.419375 0.752038
-0.123816 0.432004 -0 0.414225 0.70337
-0.136364 0.419891 -0 0.403772 0.711068
-0.136364 0.419891 -0 0.403772 0.711068
-0.123816 0.432004 -0 0.414225 0.70337
-0.159091 0.489875 -0 0.399155 0.672163
-0.123816 0.432004 -0 0.414225 0.70337
-0.144452 0.504004 -0 0.410163 0.664989
-0.159091 0.489875 -0 0.399155 0.672163
-0.159091 0.489875 -0 0.399155 0.672163
-0.144452 0.504004 -0 0.410163 0.664989
-0.181818 0.559855 -0 0.395414 0.640642
-0.144452 0.504004 -0 0.410163 0.664989
-0.165088 0.576004 -0 0.406877 0.633945
-0.181818 0.559855 -0 0.395414 0.640642
-0.181818 0.559855 -0 0.395414 0.640642
-0.165088 0.576004 -0 0.406877 0.633945
-0.204545 0.629838 -0 0.392321 0.614585
-0.165088 0.576004 -0 0.406877 0.633945
-0.185723 0.648004 -0 0.404165 0.608317
-0.204545 0.629838 -0 0.392321 0.614585
-0.0990252 0.271085 -0 0.408109 0.834577
-0.0909091 0.279927 -0 0.417243 0.824581
-0.123782 0.338857 -0 0.39952 0.769694
-0.0909091 0.279927 -0 0.417243 0.824581
-0.113636 0.349909 -0 0.409614 0.760296
-0.123782 0.338857 -0 0.39952 0.769694
-0.123782 0.338857 -0 0.39952 0.769694
-0.113636 0.349909 -0 0.409614 0.760296
-0.148538 0.406626 -0 0.392923 0.719854
-0.113636 0.349909 -0 0.409614 0.760296
-0.136364 0.419891 -0 0.403772 0.711068
-0.148538 0.406626 -0 0.392923 0.719854
-0.148538 0.406626 -0 0.392923 0.719854
-0.136364 0.419891 -0 0.403772 0.711068
-0.173294 0.4744 -0 0.387697 0.680369
-0.136364 0.419891 -0 0.403772 0.711068
-0.159091 0.489875 -0 0.399155 0.672163
-0.173294 0.4744 -0 0.387697 0.680369
-0.173294 0.4744 -0 0.387697 0.680369
-0.159091 0.489875 -0 0.399155 0.672163
-0.19805 0.54217 -0 0.383454 0.648316
-0.159091 0.489875 -0 0.399155 0.672163
-0.181818 0.559855 -0 0.395414 0.640642
-0.19805 0.54217 -0 0.383454 0.648316
-0.19805 0.54217 -0 0.383454 0.648316
-0.181818 0.559855 -0 0.395414 0.640642
-0.222807 0.609943 -0 0.379941 0.621777
-0.181818 0.559855 -0 0.395414 0.640642
-0.204545 0.629838 -0 0.392321 0.614585
-0.222807 0.609943 -0 0.379941 0.621777
-0.10687 0.261501 -0 0.39868 0.845856
-0.0990252 0.271085 -0 0.408109 0.834577
-0.133588 0.326876 -0 0.389044 0.780338
-0.0990252 0.271085 -0 0.408109 0.834577
-0.123782 0.338857 -0 0.39952 0.769694
-0.133588 0.326876 -0 0.389044 0.780338
-0.133588 0.326876 -0 0.389044 0.780338
-0.123782 0.338857 -0 0.39952 0.769694
-0.160305 0.392251 -0 0.381616 0.729834
-0.123782 0.338857 -0 0.39952 0.769694
-0.148538 0.406626 -0 0.392923 0.719854
-0.160305 0.392251 -0 0.381616 0.729834
-0.160305 0.392251 -0 0.381616 0.729834
-0.148538 0.406626 -0 0.392923 0.719854
-0.187023 0.457624 -0 0.375715 0.689714
-0.148538 0.406626 -0 0.392923 0.719854
-0.173294 0.4744 -0 0.387697 0.680369
-0.187023 0.457624 -0 0.375715 0.689714
-0.187023 0.457624 -0 0.375715 0.689714
-0.173294 0.4744 -0 0.387697 0.680369
-0.21374 0.523002 -0 0.370914 0.657073
-0.173294 0.4744 -0 0.387697 0.680369
-0.19805 0.54217 -0 0.383454 0.648316
-0.21374 0.523002 -0 0.370914 0.657073
-0.21374 0.523002 -0 0.370914 0.657073
-0.19805 0.54217 -0 0.383454 0.648316
-0.240457 0.588376 -0 0.366932 0.629999
-0.19805 0.54217 -0 0.383454 0.648316
-0.222807 0.609943 -0 0.379941 0.621777
-0.240457 0.588376 -0 0.366932 0.629999
-0.0858164 0.188399 -0 0.403393 0.947349
-0.0801525 0.196125 -0 0.411681 0.93425
-0.114422 0.251199 -0 0.388914 0.858532
-0.0801525 0.196125 -0 0.411681 0.93425
-0.10687 0.261501 -0 0.39868 0.845856
-0.114422 0.251199 -0 0.388914 0.858532
-0.114422 0.251199 -0 0.388914 0.858532
-0.10687 0.261501 -0 0.39868 0.845856
-0.143027 0.313998 -0 0.378126 0.792355
-0.10687 0.261501 -0 0.39868 0.845856
-0.133588 0.326876 -0 0.389044 0.780338
-0.143027 0.313998 -0 0.378126 0.792355
-0.143027 0.313998 -0 0.378126 0.792355
-0.133588 0.326876 -0 0.389044 0.780338
-0.171633 0.376798 -0 0.369777 0.74114
-0.133588 0.326876 -0 0.389044 0.780338
-0.160305 0.392251 -0 0.381616 0.729834
-0.171633 0.376798 -0 0.369777 0.74114
-0.171633 0.376798 -0 0.369777 0.74114
-0.160305 0.392251 -0 0.381616 0.729834
-0.200238 0.439596 -0 0.363123 0.700328
-0.160305 0.392251 -0 0.381616 0.729834
-0.187023 0.457624 -0 0.375715 0.689714
-0.200238 0.439596 -0 0.363123 0.700328
-0.200238 0.439596 -0 0.363123 0.700328
-0.187023 0.457624 -0 0.375715 0.689714
-0.228843 0.502396 -0 0.357697 0.667041
-0.187023 0.457624 -0 0.375715 0.689714
-0.21374 0.523002 -0 0.370914 0.657073
-0.228843 0.502396 -0 0.357697 0.667041
-0.228843 0.502396 -0 0.357697 0.667041
-0.21374 0.523002 -0 0.370914 0.657073
-0.25745 0.565196 -0 0.353187 0.639375
-0.21374 0.523002 -0 0.370914 0.657073
-0.240457 0.588376 -0 0.366932 0.629999
-0.25745 0.565196 -0 0.353187 0.639375
-0.091245 0.180156 -0 0.394857 0.96194
-0.0858164 0.188399 -0 0.403393 0.947349
-0.12166 0.240208 -0 0.378762 0.872743
-0.0858164 0.188399 -0 0.403393 0.947349
-0.114422 0.251199 -0 0.388914 0.858532
-0.12166 0.240208 -0 0.378762 0.872743
-0.12166 0.240208 -0 0.378762 0.872743
-0.114422 0.251199 -0 0.388914 0.858532
-0.152075 0.300261 -0 0.366699 0.805892
-0.114422 0.251199 -0 0.388914 0.858532
-0.143027 0.313998 -0 0.378126 0.792355
-0.152075 0.300261 -0 0.366699 0.805892
-0.152075 0.300261 -0 0.366699 0.805892
-0.143027 0.313998 -0 0.378126 0.792355
-0.18249 0.360313 -0 0.357322 0.753924
-0.143027 0.313998 -0 0.378126 0.792355
-0.171633 0.376798 -0 0.369777 0.74114
-0.18249 0.360313 -0 0.357322 0.753924
-0.18249 0.360313 -0 0.357322 0.753924
-0.171633 0.376798 -0 0.369777 0.74114
-0.212905 0.420364 -0 0.349823 0.712366
-0.171633 0.376798 -0 0.369777 0.74114
-0.200238 0.439596 -0 0.363123 0.700328
-0.212905 0.420364 -0 0.349823 0.712366
-0.212905 0.420364 -0 0.349823 0.712366
-0.200238 0.439596 -0 0.363123 0.700328
-0.24332 0.480416 -0 0.34369 0.678376
-0.200238 0.439596 -0 0.363123 0.700328
-0.228843 0.502396 -0 0.357697 0.667041
-0.24332 0.480416 -0 0.34369 0.678376
-0.24332 0.480416 -0 0.34369 0.678376
-0.228843 0.502396 -0 0.357697 0.667041
-0.273736 0.540469 -0 0.33858 0.650059
-0.228843 0.502396 -0 0.357697 0.667041
-0.25745 0.565196 -0 0.353187 0.639375
-0.273736 0.540469 -0 0.33858 0.650059
-0.091245 0.180156 -0 0.394857 0.96194
-0.12166 0.240208 -0 0.378762 0.872743
-0.128565 0.22856 -0 0.368172 0.888651
-0.128565 0.22856 -0 0.368172 0.888651
-0.12166 0.240208 -0 0.378762 0.872743
-0.160706 0.2857 -0 0.354688 0.821127
-0.12166 0.240208 -0 0.378762 0.872743
-0.152075 0.300261 -0 0.366699 0.805892
-0.160706 0.2857 -0 0.354688 0.821127
-0.160706 0.2857 -0 0.354688 0.821127
-0.152075 0.300261 -0 0.366699 0.805892
-0.192847 0.34284 -0 0.344154 0.768372
-0.152075 0.300261 -0 0.366699 0.805892
-0.18249 0.360313 -0 0.357322 0.753924
-0.192847 0.34284 -0 0.344154 0.768372
-0.192847 0.34284 -0 0.344154 0.768372
-0.18249 0.360313 -0 0.357322 0.753924
-0.224989 0.39998 -0 0.335696 0.726019
-0.18249 0.360313 -0 0.357322 0.753924
-0.212905 0.420364 -0 0.349823 0.712366
-0.224989 0.39998 -0 0.335696 0.726019
-0.224989 0.39998 -0 0.335696 0.726019
-0.212905 0.420364 -0 0.349823 0.712366
-0.25713 0.457119 -0 0.328757 0.691266
-0.212905 0.420364 -0 0.349823 0.712366
-0.24332 0.480416 -0 0.34369 0.678376
-0.25713 0.457119 -0 0.328757 0.691266
-0.25713 0.457119 -0 0.328757 0.691266
-0.24332 0.480416 -0 0.34369 0.678376
-0.28927 0.514259 -0 0.32296 0.662237
-0.24332 0.480416 -0 0.34369 0.678376
-0.273736 0.540469 -0 0.33858 0.650059
-0.28927 0.514259 -0 0.32296 0.662237
-0.135117 0.216284 -0 0.357079 0.906445
-0.128565 0.22856 -0 0.368172 0.888651
-0.168897 0.270356 -0 0.342002 0.838272
-0.128565 0.22856 -0 0.368172 0.888651
-0.160706 0.2857 -0 0.354688 0.821127
-0.168897 0.270356 -0 0.342002 0.838272
-0.168897 0.270356 -0 0.342002 0.838272
-0.160706 0.2857 -0 0.354688 0.821127
-0.202676 0.324427 -0 0.330156 0.78471
-0.160706 0.2857 -0 0.354688 0.821127
-0.192847 0.34284 -0 0.344154 0.768372
-0.202676 0.324427 -0 0.330156 0.78471
-0.202676 0.324427 -0 0.330156 0.78471
-0.192847 0.34284 -0 0.344154 0.768372
-0.236455 0.378498 -0 0.320603 0.741515
-0.192847 0.34284 -0 0.344154 0.768372
-0.224989 0.39998 -0 0.335696 0.726019
-0.236455 0.378498 -0 0.320603 0.741515
-0.236455 0.378498 -0 0.320603 0.741515
-0.224989 0.39998 -0 0.335696 0.726019
-0.270234 0.43257 -0 0.312735 0.705943
-0.224989 0.39998 -0 0.335696 0.726019
-0.25713 0.457119 -0 0.328757 0.691266
-0.270234 0.43257 -0 0.312735 0.705943
-0.270234 0.43257 -0 0.312735 0.705943
-0.25713 0.457119 -0 0.328757 0.691266
-0.304014 0.486642 -0 0.306144 0.67614
-0.25713 0.457119 -0 0.328757 0.691266
-0.28927 0.514259 -0 0.32296 0.662237
-0.304014 0.486642 -0 0.306144 0.67614
-0.141299 0.203417 -0 0.345413 0.92635
-0.135117 0.216284 -0 0.357079 0.906445
-0.176624 0.254271 -0 0.328535 0.857582
-0.135117 0.216284 -0 0.357079 0.906445
-0.168897 0.270356 -0 0.342002 0.838272
-0.176624 0.254271 -0 0.328535 0.857582
-0.176624 0.254271 -0 0.328535 0.857582
-0.168897 0.270356 -0 0.342002 0.838272
-0.211949 0.305125 -0 0.31519 0.803208
-0.168897 0.270356 -0 0.342002 0.838272
-0.202676 0.324427 -0 0.330156 0.78471
-0.211949 0.305125 -0 0.31519 0.803208
-0.211949 0.305125 -0 0.31519 0.803208
-0.202676 0.324427 -0 0.330156 0.78471
-0.247273 0.355979 -0 0.304373 0.759137
-0.202676 0.324427 -0 0.330156 0.78471
-0.236455 0.378498 -0 0.320603 0.741515
-0.247273 0.355979 -0 0.304373 0.759137
-0.247273 0.355979 -0 0.304373 0.759137
-0.236455 0.378498 -0 0.320603 0.741515
-0.282598 0.406832 -0 0.295428 0.722693
-0.236455 0.378498 -0 0.320603 0.741515
-0.270234 0.43257 -0 0.312735 0.705943
-0.282598 0.406832 -0 0.295428 0.722693
-0.282598 0.406832 -0 0.295428 0.722693
-0.270234 0.43257 -0 0.312735 0.705943
-0.317923 0.457689 -0 0.287908 0.692055
-0.270234 0.43257 -0 0.312735 0.705943
-0.304014 0.486642 -0 0.306144 0.67614
-0.317923 0.457689 -0 0.287908 0.692055
-0.147094 0.189991 -0 0.33309 0.948635
-0.141299 0.203417 -0 0.345413 0.92635
-0.183868 0.237489 -0 0.314162 0.879365
-0.141299 0.203417 -0 0.345413 0.92635
-0.176624 0.254271 -0 0.328535 0.857582
-0.183868 0.237489 -0 0.314162 0.879365
-0.183868 0.237489 -0 0.314162 0.879365
-0.176624 0.254271 -0 0.328535 0.857582
-0.220641 0.284987 -0 0.299088 0.824201
-0.176624 0.254271 -0 0.328535 0.857582
-0.211949 0.305125 -0 0.31519 0.803208
-0.220641 0.284987 -0 0.299088 0.824201
-0.220641 0.284987 -0 0.299088 0.824201
-0.211949 0.305125 -0 0.31519 0.803208
-0.257414 0.332484 -0 0.2868 0.779233
-0.211949 0.305125 -0 0.31519 0.803208
-0.247273 0.355979 -0 0.304373 0.759137
-0.257414 0.332484 -0 0.2868 0.779233
-0.257414 0.332484 -0 0.2868 0.779233
-0.247273 0.355979 -0 0.304373 0.759137
-0.294189 0.379982 -0 0.276591 0.741873
-0.247273 0.355979 -0 0.304373 0.759137
-0.282598 0.406832 -0 0.295428 0.722693
-0.294189 0.379982 -0 0.276591 0.741873
-0.294189 0.379982 -0 0.276591 0.741873
-0.282598 0.406832 -0 0.295428 0.722693
-0.330961 0.427479 -0 0.267975 0.71034
-0.282598 0.406832 -0 0.295428 0.722693
-0.317923 0.457689 -0 0.287908 0.692055
-0.330961 0.427479 -0 0.267975 0.71034
-0.147094 0.189991 -0 0.33309 0.948635
-0.183868 0.237489 -0 0.314162 0.879365
-0.190607 0.220056 -0 0.298731 0.903995
-0.190607 0.220056 -0 0.298731 0.903995
-0.183868 0.237489 -0 0.314162 0.879365
-0.228727 0.264067 -0 0.281647 0.8481
-0.183868 0.237489 -0 0.314162 0.879365
-0.220641 0.284987 -0 0.299088 0.824201
-0.228727 0.264067 -0 0.281647 0.8481
-0.228727 0.264067 -0 0.281647 0.8481
-0.220641 0.284987 -0 0.299088 0.824201
-0.26685 0.308079 -0 0.26763 0.802238
-0.220641 0.284987 -0 0.299088 0.824201
-0.257414 0.332484 -0 0.2868 0.779233
-0.26685 0.308079 -0 0.26763 0.802238
-0.26685 0.308079 -0 0.26763 0.802238
-0.257414 0.332484 -0 0.2868 0.779233
-0.30497 0.35209 -0 0.255921 0.76393
-0.257414 0.332484 -0 0.2868 0.779233
-0.294189 0.379982 -0 0.276591 0.741873
-0.30497 0.35209 -0 0.255921 0.76393
-0.30497 0.35209 -0 0.255921 0.76393
-0.294189 0.379982 -0 0.276591 0.741873
-0.343093 0.396101 -0 0.245995 0.731452
-0.294189 0.379982 -0 0.276591 0.741873
-0.330961 0.427479 -0 0.267975 0.71034
-0.343093 0.396101 -0 0.245995 0.731452
-0.190607 0.220056 -0 0.298731 0.903995
-0.228727 0.264067 -0 0.281647 0.8481
-0.236189 0.242424 -0 0.262615 0.875419
-0.236189 0.242424 -0 0.262615 0.875419
-0.228727 0.264067 -0 0.281647 0.8481
-0.275555 0.282828 -0 0.246542 0.828702
-0.228727 0.264067 -0 0.281647 0.8481
-0.26685 0.308079 -0 0.26763 0.802238
-0.275555 0.282828 -0 0.246542 0.828702
-0.275555 0.282828 -0 0.246542 0.828702
-0.26685 0.308079 -0 0.26763 0.802238
-0.314918 0.323232 -0 0.233034 0.789439
-0.26685 0.308079 -0 0.26763 0.802238
-0.30497 0.35209 -0 0.255921 0.76393
-0.314918 0.323232 -0 0.233034 0.789439
-0.314918 0.323232 -0 0.233034 0.789439
-0.30497 0.35209 -0 0.255921 0.76393
-0.354284 0.363636 -0 0.221521 0.755977
-0.30497 0.35209 -0 0.255921 0.76393
-0.343093 0.396101 -0 0.245995 0.731452
-0.354284 0.363636 -0 0.221521 0.755977
-0.354284 0.363636 -0 0.221521 0.755977
-0.343093 0.396101 -0 0.245995 0.731452
-0.393648 0.40404 -0 0.211592 0.727118
-0.243002 0.220117 -0 0.241676 0.906805
-0.236189 0.242424 -0 0.262615 0.875419
-0.283502 0.256803 -0 0.223131 0.859328
-0.236189 0.242424 -0 0.262615 0.875419
-0.275555 0.282828 -0 0.246542 0.828702
-0.283502 0.256803 -0 0.223131 0.859328
-0.283502 0.256803 -0 0.223131 0.859328
-0.275555 0.282828 -0 0.246542 0.828702
-0.324002 0.293489 -0 0.207432 0.81914
-0.275555 0.282828 -0 0.246542 0.828702
-0.314918 0.323232 -0 0.233034 0.789439
-0.324002 0.293489 -0 0.207432 0.81914
-0.324002 0.293489 -0 0.207432 0.81914
-0.314918 0.323232 -0 0.233034 0.789439
-0.364502 0.330175 -0 0.193972 0.784682
-0.314918 0.323232 -0 0.233034 0.789439
-0.354284 0.363636 -0 0.221521 0.755977
-0.364502 0.330175 -0 0.193972 0.784682
-0.364502 0.330175 -0 0.193972 0.784682
-0.354284 0.363636 -0 0.221521 0.755977
-0.405002 0.366861 -0 0.182304 0.754809
-0.354284 0.363636 -0 0.221521 0.755977
-0.393648 0.40404 -0 0.211592 0.727118
-0.405002 0.366861 -0 0.182304 0.754809
-0.243002 0.220117 -0 0.241676 0.906805
-0.283502 0.256803 -0 0.223131 0.859328
-0.290673 0.230073 -0 0.196871 0.895031
-0.290673 0.230073 -0 0.196871 0.895031
-0.283502 0.256803 -0 0.223131 0.859328
-0.332198 0.262941 -0 0.178469 0.854011
-0.283502 0.256803 -0 0.223131 0.859328
-0.324002 0.293489 -0 0.207432 0.81914
-0.332198 0.262941 -0 0.178469 0.854011
-0.332198 0.262941 -0 0.178469 0.854011
-0.324002 0.293489 -0 0.207432 0.81914
-0.373723 0.295808 -0 0.162578 0.81859
-0.324002 0.293489 -0 0.207432 0.81914
-0.364502 0.330175 -0 0.193972 0.784682
-0.373723 0.295808 -0 0.162578 0.81859
-0.373723 0.295808 -0 0.162578 0.81859
-0.364502 0.330175 -0 0.193972 0.784682
-0.415248 0.328676 -0 0.148717 0.787693
-0.364502 0.330175 -0 0.193972 0.784682
-0.405002 0.366861 -0 0.182304 0.754809
-0.415248 0.328676 -0 0.148717 0.787693
-0.332198 0.262941 -0 0.178469 0.854011
-0.373723 0.295808 -0 0.162578 0.81859
-0.381918 0.260631 -0 0.126292 0.859093
-0.381918 0.260631 -0 0.126292 0.859093
-0.373723 0.295808 -0 0.162578 0.81859
-0.424355 0.28959 -0 0.109614 0.827222
-0.373723 0.295808 -0 0.162578 0.81859
-0.415248 0.328676 -0 0.148717 0.787693
-0.424355 0.28959 -0 0.109614 0.827222
